0.000000000000000000e+00 1.000000000000000000e+00 6.000000000000000000e+00 7.000000000000000000e+00 8.000000000000000000e+00 1.400000000000000000e+01 2.600000000000000000e+01 2.900000000000000000e+01
0.000000000000000000e+00 0.000000000000000000e+00 8.016043284949679446e+02 1.248296649727187013e-05 4.780911210887037441e+02 1.880316701966536493e+04 0.000000000000000000e+00 0.000000000000000000e+00
1.372549019607843107e-04 0.000000000000000000e+00 8.016043284949679446e+02 1.248296649727188368e-05 4.780911210887037441e+02 1.880316701966536493e+04 0.000000000000000000e+00 0.000000000000000000e+00
2.745098039215686215e-04 0.000000000000000000e+00 8.016043284949679446e+02 1.248296649727188199e-05 4.780911210887037441e+02 1.880316701966536493e+04 0.000000000000000000e+00 0.000000000000000000e+00
4.117647058823529051e-04 0.000000000000000000e+00 8.016043284949679446e+02 1.248296649727187521e-05 4.780911210887037441e+02 1.880316701966536493e+04 0.000000000000000000e+00 0.000000000000000000e+00
5.490196078431372429e-04 0.000000000000000000e+00 8.016043284949679446e+02 1.248296649727187013e-05 4.780911210887037441e+02 1.880316701966536493e+04 0.000000000000000000e+00 0.000000000000000000e+00
6.862745098039215808e-04 0.000000000000000000e+00 8.016043284949679446e+02 1.248296649727187013e-05 4.780911210887037441e+02 1.880316701966536493e+04 0.000000000000000000e+00 0.000000000000000000e+00
8.235294117647058102e-04 0.000000000000000000e+00 8.016043284949679446e+02 1.248296649727187013e-05 4.780911210887037441e+02 1.880316701966536493e+04 0.000000000000000000e+00 0.000000000000000000e+00
9.607843137254901481e-04 0.000000000000000000e+00 8.016043284949679446e+02 1.248296649727187013e-05 4.780911210887037441e+02 1.880316701966536493e+04 0.000000000000000000e+00 0.000000000000000000e+00
1.098039215686274486e-03 0.000000000000000000e+00 7.531925474867553021e+02 1.327988668882360962e-05 4.631256385294809093e+02 1.815016528488960103e+04 2.257270204711655310e+02 0.000000000000000000e+00
1.235294117647058824e-03 0.000000000000000000e+00 7.387927759872810611e+02 1.415333522460374005e-05 4.641149901848616537e+02 1.791220010527903651e+04 2.262852421362063637e+02 0.000000000000000000e+00
1.372549019607843162e-03 0.000000000000000000e+00 7.350880748665043711e+02 1.462293832518317787e-05 4.642106613129392940e+02 1.777140652433748983e+04 2.263705028642542345e+02 0.000000000000000000e+00
1.509803921568627499e-03 0.000000000000000000e+00 7.343439830115363520e+02 1.471300816276993872e-05 4.642185274296354009e+02 1.770874242390384461e+04 2.263812354102547886e+02 0.000000000000000000e+00
1.647058823529411620e-03 0.000000000000000000e+00 7.342473722979449349e+02 1.471778197648267641e-05 4.642190196934894288e+02 1.769225811960073770e+04 2.263821754414119027e+02 0.000000000000000000e+00
1.784313725490195958e-03 0.000000000000000000e+00 7.342451138163778523e+02 1.471785232290013746e-05 4.642190278760286901e+02 1.769150190863205717e+04 2.263821938120532309e+02 0.000000000000000000e+00
1.921568627450980296e-03 0.000000000000000000e+00 7.342451138163778523e+02 1.471785232290013746e-05 4.642190278760286901e+02 1.769150190863205717e+04 2.263821938120532309e+02 0.000000000000000000e+00
2.058823529411764851e-03 0.000000000000000000e+00 7.756703766791525823e+02 1.425217262083205729e-05 4.797036775830669058e+02 1.823267524537339341e+04 0.000000000000000000e+00 0.000000000000000000e+00
2.196078431372548972e-03 0.000000000000000000e+00 7.937720398870037570e+02 1.319253915871375344e-05 4.783153777620065057e+02 1.851578051992047040e+04 0.000000000000000000e+00 0.000000000000000000e+00
2.333333333333333093e-03 0.000000000000000000e+00 7.999317172017035773e+02 1.264993644949199674e-05 4.781093088493563528e+02 1.868573497357495216e+04 0.000000000000000000e+00 0.000000000000000000e+00
2.470588235294117647e-03 0.000000000000000000e+00 8.013614072999257587e+02 1.249313532361910336e-05 4.780923352360687772e+02 1.877276608070885413e+04 0.000000000000000000e+00 0.000000000000000000e+00
2.607843137254901768e-03 0.000000000000000000e+00 8.015903034986811235e+02 1.248323795308217755e-05 4.780911621450174493e+02 1.880026972489108812e+04 0.000000000000000000e+00 0.000000000000000000e+00
2.745098039215686323e-03 0.000000000000000000e+00 8.016043284949679446e+02 1.248296649727187013e-05 4.780911210887037441e+02 1.880316701966536493e+04 0.000000000000000000e+00 0.000000000000000000e+00
2.882352941176470444e-03 0.000000000000000000e+00 8.016043284949679446e+02 1.248296649727187013e-05 4.780911210887037441e+02 1.880316701966536493e+04 0.000000000000000000e+00 0.000000000000000000e+00
3.019607843137254999e-03 0.000000000000000000e+00 8.016043284949679446e+02 1.248296649727187690e-05 4.780911210887037441e+02 1.880316701966536493e+04 0.000000000000000000e+00 0.000000000000000000e+00
3.156862745098039120e-03 0.000000000000000000e+00 8.016043284949679446e+02 1.248296649727188199e-05 4.780911210887037441e+02 1.880316701966536493e+04 0.000000000000000000e+00 0.000000000000000000e+00
3.294117647058823241e-03 0.000000000000000000e+00 8.016043284949679446e+02 1.248296649727187860e-05 4.780911210887037441e+02 1.880316701966536493e+04 0.000000000000000000e+00 0.000000000000000000e+00
3.431372549019607796e-03 0.000000000000000000e+00 8.016043284949679446e+02 1.248296649727187182e-05 4.780911210887037441e+02 1.880316701966536493e+04 0.000000000000000000e+00 0.000000000000000000e+00
3.568627450980391917e-03 0.000000000000000000e+00 8.016043284949679446e+02 1.248296649727187013e-05 4.780911210887037441e+02 1.880316701966536493e+04 0.000000000000000000e+00 0.000000000000000000e+00
3.705882352941176471e-03 0.000000000000000000e+00 8.016043284949679446e+02 1.248296649727187013e-05 4.780911210887037441e+02 1.880316701966536493e+04 0.000000000000000000e+00 0.000000000000000000e+00
3.843137254901960592e-03 0.000000000000000000e+00 8.016043284949679446e+02 1.248296649727187013e-05 4.780911210887037441e+02 1.880316701966536493e+04 0.000000000000000000e+00 0.000000000000000000e+00
3.980392156862745147e-03 0.000000000000000000e+00 8.016043284949679446e+02 1.248296649727187013e-05 4.780911210887037441e+02 1.880316701966536493e+04 0.000000000000000000e+00 0.000000000000000000e+00
4.117647058823529702e-03 0.000000000000000000e+00 7.501972890193820831e+02 1.343806404870850511e-05 4.633727224779204903e+02 1.810738281422942964e+04 2.258564175443601982e+02 0.000000000000000000e+00
4.254901960784313389e-03 0.000000000000000000e+00 7.378933691088718660e+02 1.424329391644765524e-05 4.641463761094149163e+02 1.788699129963939049e+04 2.263095254530767875e+02 0.000000000000000000e+00
4.392156862745097944e-03 0.000000000000000000e+00 7.348876491935310469e+02 1.465420612635708094e-05 4.642133450785461264e+02 1.775800517686127569e+04 2.263737912486207051e+02 0.000000000000000000e+00
4.529411764705882498e-03 0.000000000000000000e+00 7.721074898783625713e+02 1.461833136614693389e-05 4.799954518598291884e+02 1.815135264384785842e+04 0.000000000000000000e+00 0.000000000000000000e+00
4.666666666666666186e-03 0.000000000000000000e+00 7.909844506779744506e+02 1.336394425649979400e-05 4.784759169084470045e+02 1.846726801878682818e+04 0.000000000000000000e+00 0.000000000000000000e+00
4.803921568627450740e-03 0.000000000000000000e+00 7.992108685943701403e+02 1.273426116702265691e-05 4.781225536771130464e+02 1.865629148174466536e+04 0.000000000000000000e+00 0.000000000000000000e+00
4.941176470588235295e-03 0.000000000000000000e+00 8.012188654765980118e+02 1.250243535614819590e-05 4.780933589052216917e+02 1.876064401959265888e+04 0.000000000000000000e+00 0.000000000000000000e+00
5.078431372549019850e-03 0.000000000000000000e+00 8.015733499043300299e+02 1.248365002705302479e-05 4.780912175132813218e+02 1.879743142581147185e+04 0.000000000000000000e+00 0.000000000000000000e+00
5.215686274509803537e-03 0.000000000000000000e+00 8.016043284949679446e+02 1.248296649727187690e-05 4.780911210887037441e+02 1.880316701966536493e+04 0.000000000000000000e+00 0.000000000000000000e+00
5.352941176470588092e-03 0.000000000000000000e+00 8.016043284949679446e+02 1.248296649727187352e-05 4.780911210887037441e+02 1.880316701966536493e+04 0.000000000000000000e+00 0.000000000000000000e+00
5.490196078431372646e-03 0.000000000000000000e+00 8.016043284949679446e+02 1.248296649727187013e-05 4.780911210887037441e+02 1.880316701966536493e+04 0.000000000000000000e+00 0.000000000000000000e+00
5.627450980392156334e-03 0.000000000000000000e+00 7.487590973591117063e+02 1.351064314139429509e-05 4.634880369254282186e+02 1.808747763103741090e+04 2.259175116929581293e+02 0.000000000000000000e+00
5.764705882352940888e-03 0.000000000000000000e+00 7.737143515939189911e+02 1.440383651153988106e-05 4.800781873948291718e+02 1.827448668514028031e+04 0.000000000000000000e+00 0.000000000000000000e+00
5.901960784313725443e-03 0.000000000000000000e+00 7.898886827043498897e+02 1.340822938199292714e-05 4.785852640007159948e+02 1.850308548868700746e+04 0.000000000000000000e+00 0.000000000000000000e+00
6.039215686274509998e-03 0.000000000000000000e+00 7.988261881669351396e+02 1.278049142464819544e-05 4.781316758558250513e+02 1.865171118930873854e+04 0.000000000000000000e+00 0.000000000000000000e+00
6.176470588235293685e-03 0.000000000000000000e+00 8.011263502365592331e+02 1.250967808704022610e-05 4.780940933751091961e+02 1.875357688535967463e+04 0.000000000000000000e+00 0.000000000000000000e+00
6.313725490196078240e-03 0.000000000000000000e+00 8.015612477328169234e+02 1.248400269513238062e-05 4.780912595356583097e+02 1.879550327424183342e+04 0.000000000000000000e+00 0.000000000000000000e+00
6.450980392156862794e-03 0.000000000000000000e+00 8.016043284949679446e+02 1.248296649727187013e-05 4.780911210887037441e+02 1.880316701966536493e+04 0.000000000000000000e+00 0.000000000000000000e+00
6.588235294117646482e-03 0.000000000000000000e+00 8.016043284949679446e+02 1.248296649727187013e-05 4.780911210887037441e+02 1.880316701966536493e+04 0.000000000000000000e+00 0.000000000000000000e+00
6.725490196078431036e-03 0.000000000000000000e+00 8.016043284949679446e+02 1.248296649727187013e-05 4.780911210887037441e+02 1.880316701966536493e+04 0.000000000000000000e+00 0.000000000000000000e+00
6.862745098039215591e-03 0.000000000000000000e+00 0.000000000000000000e+00 0.000000000000000000e+00 0.000000000000000000e+00 0.000000000000000000e+00 0.000000000000000000e+00 0.000000000000000000e+00
