0.000000000000000000e+00 1.000000000000000000e+00 6.000000000000000000e+00 7.000000000000000000e+00 8.000000000000000000e+00 1.400000000000000000e+01 2.600000000000000000e+01 2.900000000000000000e+01
0.000000000000000000e+00 0.000000000000000000e+00 8.016043284949679446e+02 1.248296649727187013e-05 4.780911210887037441e+02 1.880316701966536493e+04 0.000000000000000000e+00 0.000000000000000000e+00
1.372549019607843107e-04 0.000000000000000000e+00 8.016043284949679446e+02 1.248296649727187013e-05 4.780911210887037441e+02 1.880316701966536493e+04 0.000000000000000000e+00 0.000000000000000000e+00
2.745098039215686215e-04 0.000000000000000000e+00 8.016043284949679446e+02 1.248320199837474857e-05 4.780911210887037441e+02 1.880048609918168222e+04 0.000000000000000000e+00 0.000000000000000000e+00
4.117647058823529051e-04 0.000000000000000000e+00 8.015799065483208778e+02 1.248904492717240361e-05 4.780911954887368438e+02 1.877860466166238984e+04 0.000000000000000000e+00 0.000000000000000000e+00
5.490196078431372429e-04 0.000000000000000000e+00 8.012723806251551650e+02 1.256093791940994902e-05 4.780929568969874026e+02 1.871379833522840636e+04 0.000000000000000000e+00 0.000000000000000000e+00
6.862745098039215808e-04 0.000000000000000000e+00 7.994759660691777299e+02 1.293511501017725357e-05 4.781174006499726943e+02 1.858078610632251366e+04 0.000000000000000000e+00 0.000000000000000000e+00
8.235294117647058102e-04 0.000000000000000000e+00 7.919982761505466442e+02 1.365693511369291134e-05 4.784135044880111991e+02 1.837345478567573082e+04 0.000000000000000000e+00 0.000000000000000000e+00
9.607843137254901481e-04 0.000000000000000000e+00 7.732434181862995501e+02 1.480954365515054900e-05 4.799019428301870676e+02 1.809277598399566705e+04 0.000000000000000000e+00 0.000000000000000000e+00
1.098039215686274486e-03 0.000000000000000000e+00 7.342451138163778523e+02 1.471785232290013746e-05 4.642190278760286901e+02 1.769150190863205717e+04 2.263821938120532309e+02 0.000000000000000000e+00
1.235294117647058824e-03 0.000000000000000000e+00 7.342451138163778523e+02 1.471778179774652049e-05 4.642190278760286901e+02 1.769227839268249954e+04 2.263821938120532309e+02 0.000000000000000000e+00
1.372549019607843162e-03 0.000000000000000000e+00 7.342506607733448618e+02 1.471463806403095791e-05 4.642190071961702529e+02 1.770578537025500555e+04 2.263821479982230755e+02 0.000000000000000000e+00
1.509803921568627499e-03 0.000000000000000000e+00 7.343861355923665997e+02 1.467316309290210525e-05 4.642182358717056445e+02 1.775297445321631312e+04 2.263807507982119773e+02 0.000000000000000000e+00
1.647058823529411620e-03 0.000000000000000000e+00 7.353458880869508221e+02 1.437098832156835108e-05 4.642066580194572794e+02 1.786153475779492510e+04 2.263659302483243891e+02 0.000000000000000000e+00
1.784313725490195958e-03 0.000000000000000000e+00 7.399082480601101679e+02 1.373764538870036018e-05 4.640678330000956748e+02 1.804107364197655988e+04 2.262519534279940387e+02 0.000000000000000000e+00
1.921568627450980296e-03 0.000000000000000000e+00 7.561271440627203901e+02 1.272477730805800140e-05 4.628786247777268272e+02 1.830938474167321328e+04 2.255987268427551555e+02 0.000000000000000000e+00
2.058823529411764851e-03 0.000000000000000000e+00 8.016043284949679446e+02 1.248296649727187013e-05 4.780911210887037441e+02 1.880316701966536493e+04 0.000000000000000000e+00 0.000000000000000000e+00
2.196078431372548972e-03 0.000000000000000000e+00 8.016043284949679446e+02 1.248296649727187013e-05 4.780911210887037441e+02 1.880316701966536493e+04 0.000000000000000000e+00 0.000000000000000000e+00
2.333333333333333093e-03 0.000000000000000000e+00 8.016043284949679446e+02 1.248296649727187013e-05 4.780911210887037441e+02 1.880316701966536493e+04 0.000000000000000000e+00 0.000000000000000000e+00
2.470588235294117647e-03 0.000000000000000000e+00 8.016043284949679446e+02 1.248296649727187013e-05 4.780911210887037441e+02 1.880316701966536493e+04 0.000000000000000000e+00 0.000000000000000000e+00
2.607843137254901768e-03 0.000000000000000000e+00 8.016043284949679446e+02 1.248296649727187690e-05 4.780911210887037441e+02 1.880316701966536493e+04 0.000000000000000000e+00 0.000000000000000000e+00
2.745098039215686323e-03 0.000000000000000000e+00 8.016043284949679446e+02 1.248296649727187690e-05 4.780911210887037441e+02 1.880316701966536493e+04 0.000000000000000000e+00 0.000000000000000000e+00
2.882352941176470444e-03 0.000000000000000000e+00 8.016043284949679446e+02 1.248296649727188368e-05 4.780911210887037441e+02 1.880316701966536493e+04 0.000000000000000000e+00 0.000000000000000000e+00
3.019607843137254999e-03 0.000000000000000000e+00 8.016043284949679446e+02 1.248296649727187013e-05 4.780911210887037441e+02 1.880316701966536493e+04 0.000000000000000000e+00 0.000000000000000000e+00
3.156862745098039120e-03 0.000000000000000000e+00 8.016043284949679446e+02 1.248296649727187013e-05 4.780911210887037441e+02 1.880316701966536493e+04 0.000000000000000000e+00 0.000000000000000000e+00
3.294117647058823241e-03 0.000000000000000000e+00 8.016043284949679446e+02 1.248338289619233618e-05 4.780911210887037441e+02 1.879899794129760267e+04 0.000000000000000000e+00 0.000000000000000000e+00
3.431372549019607796e-03 0.000000000000000000e+00 8.015654958702965587e+02 1.249192030858358555e-05 4.780912446131173965e+02 1.877263547411680702e+04 0.000000000000000000e+00 0.000000000000000000e+00
3.568627450980391917e-03 0.000000000000000000e+00 8.011586515466179890e+02 1.259273790275728493e-05 4.780938317886007098e+02 1.869905436632426427e+04 0.000000000000000000e+00 0.000000000000000000e+00
3.705882352941176471e-03 0.000000000000000000e+00 7.989190052075005042e+02 1.301532222177802577e-05 4.781285620879692715e+02 1.855631429928949728e+04 0.000000000000000000e+00 0.000000000000000000e+00
3.843137254901960592e-03 0.000000000000000000e+00 7.898779428818351107e+02 1.379531048206657635e-05 4.785489470723181284e+02 1.834600275517103728e+04 0.000000000000000000e+00 0.000000000000000000e+00
3.980392156862745147e-03 0.000000000000000000e+00 7.709243441936777117e+02 1.493481006955972840e-05 4.800887245408569584e+02 1.810892529876683693e+04 0.000000000000000000e+00 0.000000000000000000e+00
4.117647058823529702e-03 0.000000000000000000e+00 7.349814009340904022e+02 1.446674158686953755e-05 4.642121423851234567e+02 1.783239856960772522e+04 2.263722861171024476e+02 0.000000000000000000e+00
4.254901960784313389e-03 0.000000000000000000e+00 7.383187320910126346e+02 1.389974893094776583e-05 4.641323340908274417e+02 1.799594024721824826e+04 2.262983546371465025e+02 0.000000000000000000e+00
4.392156862745097944e-03 0.000000000000000000e+00 7.516837026482093052e+02 1.298388427297833832e-05 4.632511082450943150e+02 1.824795292677642283e+04 2.257925143728965054e+02 0.000000000000000000e+00
4.529411764705882498e-03 0.000000000000000000e+00 8.016043284949679446e+02 1.248296649727187352e-05 4.780911210887037441e+02 1.880316701966536493e+04 0.000000000000000000e+00 0.000000000000000000e+00
4.666666666666666186e-03 0.000000000000000000e+00 8.016043284949679446e+02 1.248296649727187860e-05 4.780911210887037441e+02 1.880316701966536493e+04 0.000000000000000000e+00 0.000000000000000000e+00
4.803921568627450740e-03 0.000000000000000000e+00 8.016043284949679446e+02 1.248350638327375508e-05 4.780911210887037441e+02 1.879811341335643010e+04 0.000000000000000000e+00 0.000000000000000000e+00
4.941176470588235295e-03 0.000000000000000000e+00 8.015564614282587854e+02 1.249379444862477055e-05 4.780912767409011508e+02 1.876937470856546861e+04 0.000000000000000000e+00 0.000000000000000000e+00
5.078431372549019850e-03 0.000000000000000000e+00 8.010917713559441609e+02 1.261101602164070465e-05 4.780943821703778553e+02 1.869879497555913258e+04 0.000000000000000000e+00 0.000000000000000000e+00
5.215686274509803537e-03 0.000000000000000000e+00 7.986678557375317951e+02 1.303873093134386728e-05 4.781352746399095963e+02 1.858564850898340592e+04 0.000000000000000000e+00 0.000000000000000000e+00
5.352941176470588092e-03 0.000000000000000000e+00 7.893088625925130373e+02 1.366342891613914357e-05 4.786293532052046658e+02 1.844756435135180436e+04 0.000000000000000000e+00 0.000000000000000000e+00
5.490196078431372646e-03 0.000000000000000000e+00 7.734489206940291979e+02 1.425297198193276248e-05 4.801213147392405745e+02 1.834072672909847824e+04 0.000000000000000000e+00 0.000000000000000000e+00
5.627450980392156334e-03 0.000000000000000000e+00 7.494711391597045349e+02 1.310298152444032166e-05 4.634312770640405574e+02 1.821603495161609681e+04 2.258873669891617624e+02 0.000000000000000000e+00
5.764705882352940888e-03 0.000000000000000000e+00 8.016043284949679446e+02 1.248296649727187860e-05 4.780911210887037441e+02 1.880316701966536493e+04 0.000000000000000000e+00 0.000000000000000000e+00
5.901960784313725443e-03 0.000000000000000000e+00 8.016043284949679446e+02 1.248296649727188199e-05 4.780911210887037441e+02 1.880316701966536493e+04 0.000000000000000000e+00 0.000000000000000000e+00
6.039215686274509998e-03 0.000000000000000000e+00 8.016043284949679446e+02 1.248296649727187013e-05 4.780911210887037441e+02 1.880316701966536493e+04 0.000000000000000000e+00 0.000000000000000000e+00
6.176470588235293685e-03 0.000000000000000000e+00 8.016043284949679446e+02 1.248296649727187013e-05 4.780911210887037441e+02 1.880316701966536493e+04 0.000000000000000000e+00 0.000000000000000000e+00
6.313725490196078240e-03 0.000000000000000000e+00 8.016043284949679446e+02 1.248296649727187013e-05 4.780911210887037441e+02 1.880316701966536493e+04 0.000000000000000000e+00 0.000000000000000000e+00
6.450980392156862794e-03 0.000000000000000000e+00 8.016043284949679446e+02 1.248296649727187013e-05 4.780911210887037441e+02 1.880316701966536493e+04 0.000000000000000000e+00 0.000000000000000000e+00
6.588235294117646482e-03 0.000000000000000000e+00 8.016043284949679446e+02 1.248296649727187521e-05 4.780911210887037441e+02 1.880316701966536493e+04 0.000000000000000000e+00 0.000000000000000000e+00
6.725490196078431036e-03 0.000000000000000000e+00 8.016043284949679446e+02 1.248296649727187860e-05 4.780911210887037441e+02 1.880316701966536493e+04 0.000000000000000000e+00 0.000000000000000000e+00
6.862745098039215591e-03 0.000000000000000000e+00 0.000000000000000000e+00 0.000000000000000000e+00 0.000000000000000000e+00 0.000000000000000000e+00 0.000000000000000000e+00 0.000000000000000000e+00
