0.000000000000000000e+00 1.000000000000000000e+00 6.000000000000000000e+00 7.000000000000000000e+00 8.000000000000000000e+00 1.400000000000000000e+01 2.600000000000000000e+01 2.900000000000000000e+01
0.000000000000000000e+00 0.000000000000000000e+00 8.016043284949679446e+02 1.248296649727187013e-05 4.780911210887037441e+02 1.880316701966536493e+04 0.000000000000000000e+00 0.000000000000000000e+00
1.372549019607843107e-04 0.000000000000000000e+00 8.016043284949679446e+02 1.248296649727187013e-05 4.780911210887037441e+02 1.880316701966536493e+04 0.000000000000000000e+00 0.000000000000000000e+00
2.745098039215686215e-04 0.000000000000000000e+00 8.016043284949679446e+02 1.248296649727187013e-05 4.780911210887037441e+02 1.880316701966536493e+04 0.000000000000000000e+00 0.000000000000000000e+00
4.117647058823529051e-04 0.000000000000000000e+00 8.015799065483208778e+02 1.248347724061273645e-05 4.780911954887368438e+02 1.879852217177502098e+04 0.000000000000000000e+00 0.000000000000000000e+00
5.490196078431372429e-04 0.000000000000000000e+00 8.012723806251551650e+02 1.249866638853927614e-05 4.780929568969874026e+02 1.876501115968583690e+04 0.000000000000000000e+00 0.000000000000000000e+00
6.862745098039215808e-04 0.000000000000000000e+00 7.994759660691777299e+02 1.270428601548889836e-05 4.781174006499726943e+02 1.866652016577649556e+04 0.000000000000000000e+00 0.000000000000000000e+00
8.235294117647058102e-04 0.000000000000000000e+00 7.919982761505466442e+02 1.330423088036848879e-05 4.784135044880111991e+02 1.848382359415424798e+04 0.000000000000000000e+00 0.000000000000000000e+00
9.607843137254901481e-04 0.000000000000000000e+00 7.732434181862995501e+02 1.447766361893689748e-05 4.799019428301870676e+02 1.817233610500710347e+04 0.000000000000000000e+00 0.000000000000000000e+00
1.098039215686274486e-03 0.000000000000000000e+00 7.342451138163778523e+02 1.471785232290013746e-05 4.642190278760286901e+02 1.769150190863205717e+04 2.263821938120532309e+02 0.000000000000000000e+00
1.235294117647058824e-03 0.000000000000000000e+00 7.342451138163778523e+02 1.471785232290013746e-05 4.642190278760286901e+02 1.769150190863205717e+04 2.263821938120532309e+02 0.000000000000000000e+00
1.372549019607843162e-03 0.000000000000000000e+00 7.342506607733448618e+02 1.471768886957097971e-05 4.642190071961702529e+02 1.769304721265238186e+04 2.263821479982230755e+02 0.000000000000000000e+00
1.509803921568627499e-03 0.000000000000000000e+00 7.343861355923665997e+02 1.471018594690855279e-05 4.642182358717056445e+02 1.771397522770827709e+04 2.263807507982119773e+02 0.000000000000000000e+00
1.647058823529411620e-03 0.000000000000000000e+00 7.353458880869508221e+02 1.458026429154290422e-05 4.642066580194572794e+02 1.778663014301303701e+04 2.263659302483243891e+02 0.000000000000000000e+00
1.784313725490195958e-03 0.000000000000000000e+00 7.399082480601101679e+02 1.405622500606341869e-05 4.640678330000956748e+02 1.793917427416207647e+04 2.262519534279940387e+02 0.000000000000000000e+00
1.921568627450980296e-03 0.000000000000000000e+00 7.561271440627203901e+02 1.311105201819696898e-05 4.628786247777268272e+02 1.819629937234284444e+04 2.255987268427551555e+02 0.000000000000000000e+00
2.058823529411764851e-03 0.000000000000000000e+00 8.016043284949679446e+02 1.248296649727187013e-05 4.780911210887037441e+02 1.880316701966536493e+04 0.000000000000000000e+00 0.000000000000000000e+00
2.196078431372548972e-03 0.000000000000000000e+00 8.016043284949679446e+02 1.248296649727187013e-05 4.780911210887037441e+02 1.880316701966536493e+04 0.000000000000000000e+00 0.000000000000000000e+00
2.333333333333333093e-03 0.000000000000000000e+00 8.016043284949679446e+02 1.248296649727187013e-05 4.780911210887037441e+02 1.880316701966536493e+04 0.000000000000000000e+00 0.000000000000000000e+00
2.470588235294117647e-03 0.000000000000000000e+00 8.016043284949679446e+02 1.248296649727187013e-05 4.780911210887037441e+02 1.880316701966536493e+04 0.000000000000000000e+00 0.000000000000000000e+00
2.607843137254901768e-03 0.000000000000000000e+00 8.016043284949679446e+02 1.248296649727187521e-05 4.780911210887037441e+02 1.880316701966536493e+04 0.000000000000000000e+00 0.000000000000000000e+00
2.745098039215686323e-03 0.000000000000000000e+00 8.016043284949679446e+02 1.248296649727188199e-05 4.780911210887037441e+02 1.880316701966536493e+04 0.000000000000000000e+00 0.000000000000000000e+00
2.882352941176470444e-03 0.000000000000000000e+00 8.016043284949679446e+02 1.248296649727187690e-05 4.780911210887037441e+02 1.880316701966536493e+04 0.000000000000000000e+00 0.000000000000000000e+00
3.019607843137254999e-03 0.000000000000000000e+00 8.016043284949679446e+02 1.248296649727187013e-05 4.780911210887037441e+02 1.880316701966536493e+04 0.000000000000000000e+00 0.000000000000000000e+00
3.156862745098039120e-03 0.000000000000000000e+00 8.016043284949679446e+02 1.248296649727187013e-05 4.780911210887037441e+02 1.880316701966536493e+04 0.000000000000000000e+00 0.000000000000000000e+00
3.294117647058823241e-03 0.000000000000000000e+00 8.016043284949679446e+02 1.248296649727187013e-05 4.780911210887037441e+02 1.880316701966536493e+04 0.000000000000000000e+00 0.000000000000000000e+00
3.431372549019607796e-03 0.000000000000000000e+00 8.015654958702965587e+02 1.248387262708732819e-05 4.780912446131173965e+02 1.879618182868703661e+04 0.000000000000000000e+00 0.000000000000000000e+00
3.568627450980391917e-03 0.000000000000000000e+00 8.011586515466179890e+02 1.250692461824905288e-05 4.780938317886007098e+02 1.875593396653301897e+04 0.000000000000000000e+00 0.000000000000000000e+00
3.705882352941176471e-03 0.000000000000000000e+00 7.989190052075005042e+02 1.276587139662988423e-05 4.781285620879692715e+02 1.864568090364098680e+04 0.000000000000000000e+00 0.000000000000000000e+00
3.843137254901960592e-03 0.000000000000000000e+00 7.898779428818351107e+02 1.342598128670851591e-05 4.785489470723181284e+02 1.845006214827084477e+04 0.000000000000000000e+00 0.000000000000000000e+00
3.980392156862745147e-03 0.000000000000000000e+00 7.709243441936777117e+02 1.476492278562334662e-05 4.800887245408569584e+02 1.811936807596360450e+04 0.000000000000000000e+00 0.000000000000000000e+00
4.117647058823529702e-03 0.000000000000000000e+00 7.349814009340904022e+02 1.464032293300822078e-05 4.642121423851234567e+02 1.776444959029373422e+04 2.263722861171024476e+02 0.000000000000000000e+00
4.254901960784313389e-03 0.000000000000000000e+00 7.383187320910126346e+02 1.419949984120048752e-05 4.641323340908274417e+02 1.789934352822954315e+04 2.262983546371465025e+02 0.000000000000000000e+00
4.392156862745097944e-03 0.000000000000000000e+00 7.516837026482093052e+02 1.336030166482587821e-05 4.632511082450943150e+02 1.812834464822502559e+04 2.257925143728965054e+02 0.000000000000000000e+00
4.529411764705882498e-03 0.000000000000000000e+00 8.016043284949679446e+02 1.248296649727187013e-05 4.780911210887037441e+02 1.880316701966536493e+04 0.000000000000000000e+00 0.000000000000000000e+00
4.666666666666666186e-03 0.000000000000000000e+00 8.016043284949679446e+02 1.248296649727187690e-05 4.780911210887037441e+02 1.880316701966536493e+04 0.000000000000000000e+00 0.000000000000000000e+00
4.803921568627450740e-03 0.000000000000000000e+00 8.016043284949679446e+02 1.248296735678792140e-05 4.780911210887037441e+02 1.880315157238235042e+04 0.000000000000000000e+00 0.000000000000000000e+00
4.941176470588235295e-03 0.000000000000000000e+00 8.015564614282587854e+02 1.248414685067125069e-05 4.780912767409011508e+02 1.879479325540839272e+04 0.000000000000000000e+00 0.000000000000000000e+00
5.078431372549019850e-03 0.000000000000000000e+00 8.010917713559441609e+02 1.251271657112620001e-05 4.780943821703778553e+02 1.875100561692603151e+04 0.000000000000000000e+00 0.000000000000000000e+00
5.215686274509803537e-03 0.000000000000000000e+00 7.986678557375317951e+02 1.279721067509591709e-05 4.781352746399095963e+02 1.864709833181443901e+04 0.000000000000000000e+00 0.000000000000000000e+00
5.352941176470588092e-03 0.000000000000000000e+00 7.893088625925130373e+02 1.343579249789058353e-05 4.786293532052046658e+02 1.849707836061307171e+04 0.000000000000000000e+00 0.000000000000000000e+00
5.490196078431372646e-03 0.000000000000000000e+00 7.734489206940291979e+02 1.445689617430119593e-05 4.801213147392405745e+02 1.826385259641958328e+04 0.000000000000000000e+00 0.000000000000000000e+00
5.627450980392156334e-03 0.000000000000000000e+00 7.494711391597045349e+02 1.347481062879609000e-05 4.634312770640405574e+02 1.809730332649788033e+04 2.258873669891617624e+02 0.000000000000000000e+00
5.764705882352940888e-03 0.000000000000000000e+00 8.016043284949679446e+02 1.248296649727188029e-05 4.780911210887037441e+02 1.880316701966536493e+04 0.000000000000000000e+00 0.000000000000000000e+00
5.901960784313725443e-03 0.000000000000000000e+00 8.016043284949679446e+02 1.248296649727188368e-05 4.780911210887037441e+02 1.880316701966536493e+04 0.000000000000000000e+00 0.000000000000000000e+00
6.039215686274509998e-03 0.000000000000000000e+00 8.016043284949679446e+02 1.248296649727187013e-05 4.780911210887037441e+02 1.880316701966536493e+04 0.000000000000000000e+00 0.000000000000000000e+00
6.176470588235293685e-03 0.000000000000000000e+00 8.016043284949679446e+02 1.248296649727187013e-05 4.780911210887037441e+02 1.880316701966536493e+04 0.000000000000000000e+00 0.000000000000000000e+00
6.313725490196078240e-03 0.000000000000000000e+00 8.016043284949679446e+02 1.248296649727187013e-05 4.780911210887037441e+02 1.880316701966536493e+04 0.000000000000000000e+00 0.000000000000000000e+00
6.450980392156862794e-03 0.000000000000000000e+00 8.016043284949679446e+02 1.248296649727187013e-05 4.780911210887037441e+02 1.880316701966536493e+04 0.000000000000000000e+00 0.000000000000000000e+00
6.588235294117646482e-03 0.000000000000000000e+00 8.016043284949679446e+02 1.248296649727187352e-05 4.780911210887037441e+02 1.880316701966536493e+04 0.000000000000000000e+00 0.000000000000000000e+00
6.725490196078431036e-03 0.000000000000000000e+00 8.016043284949679446e+02 1.248296649727187860e-05 4.780911210887037441e+02 1.880316701966536493e+04 0.000000000000000000e+00 0.000000000000000000e+00
6.862745098039215591e-03 0.000000000000000000e+00 0.000000000000000000e+00 0.000000000000000000e+00 0.000000000000000000e+00 0.000000000000000000e+00 0.000000000000000000e+00 0.000000000000000000e+00
