0.000000000000000000e+00 1.000000000000000000e+00 6.000000000000000000e+00 7.000000000000000000e+00 8.000000000000000000e+00 1.400000000000000000e+01 2.800000000000000000e+01 2.900000000000000000e+01
0.000000000000000000e+00 0.000000000000000000e+00 8.016043284949679446e+02 1.248296649727187013e-05 4.780911210887037441e+02 1.880316701966536493e+04 0.000000000000000000e+00 0.000000000000000000e+00
1.372549019607843107e-04 0.000000000000000000e+00 8.016043284949679446e+02 1.248296649727188368e-05 4.780911210887037441e+02 1.880316701966536493e+04 0.000000000000000000e+00 0.000000000000000000e+00
2.745098039215686215e-04 0.000000000000000000e+00 8.016043284949679446e+02 1.248296649727188199e-05 4.780911210887037441e+02 1.880316701966536493e+04 0.000000000000000000e+00 0.000000000000000000e+00
4.117647058823529051e-04 0.000000000000000000e+00 8.016043284949679446e+02 1.248296649727187521e-05 4.780911210887037441e+02 1.880316701966536493e+04 0.000000000000000000e+00 0.000000000000000000e+00
5.490196078431372429e-04 0.000000000000000000e+00 8.016043284949679446e+02 1.248296649727187013e-05 4.780911210887037441e+02 1.880316701966536493e+04 0.000000000000000000e+00 0.000000000000000000e+00
6.862745098039215808e-04 0.000000000000000000e+00 8.016043284949679446e+02 1.248296649727187013e-05 4.780911210887037441e+02 1.880316701966536493e+04 0.000000000000000000e+00 0.000000000000000000e+00
8.235294117647058102e-04 0.000000000000000000e+00 8.016043284949679446e+02 1.248296649727187013e-05 4.780911210887037441e+02 1.880316701966536493e+04 0.000000000000000000e+00 0.000000000000000000e+00
9.607843137254901481e-04 0.000000000000000000e+00 8.016043284949679446e+02 1.248296649727187013e-05 4.780911210887037441e+02 1.880316701966536493e+04 0.000000000000000000e+00 0.000000000000000000e+00
1.098039215686274486e-03 0.000000000000000000e+00 5.816550992229690564e+02 1.649461900072864644e-05 4.298621466753219238e+02 1.527963894008049465e+04 0.000000000000000000e+00 5.582042877329118710e+03
1.235294117647058824e-03 0.000000000000000000e+00 5.304492678086107844e+02 2.181889945543259311e-05 4.338376336652758596e+02 1.413160024112989049e+04 0.000000000000000000e+00 5.601597738355310867e+03
1.372549019607843162e-03 0.000000000000000000e+00 5.200235522591352719e+02 2.511434899366928096e-05 4.342408639762321627e+02 1.347879195516621803e+04 0.000000000000000000e+00 5.607623682400376310e+03
1.509803921568627499e-03 0.000000000000000000e+00 5.183181160679799859e+02 2.581718180591723830e-05 4.342756452023592146e+02 1.319771048054618404e+04 0.000000000000000000e+00 5.609029437787052302e+03
1.647058823529411620e-03 0.000000000000000000e+00 5.181325012014971207e+02 2.585848480347589348e-05 4.342779206349293304e+02 1.312594207914635081e+04 0.000000000000000000e+00 5.609236698972820705e+03
1.784313725490195958e-03 0.000000000000000000e+00 5.181286483821775164e+02 2.585915284107029953e-05 4.342779598173996760e+02 1.312272709604705960e+04 0.000000000000000000e+00 5.609242033187893867e+03
1.921568627450980296e-03 0.000000000000000000e+00 5.181286483821775164e+02 2.585915284107029953e-05 4.342779598173996760e+02 1.312272709604705960e+04 0.000000000000000000e+00 5.609242033187893867e+03
2.058823529411764851e-03 0.000000000000000000e+00 5.265241970949931556e+02 2.562769709245151547e-05 4.379226055633903343e+02 1.341225935754760576e+04 3.133672932405208030e+03 0.000000000000000000e+00
2.196078431372548972e-03 0.000000000000000000e+00 5.281359855534603867e+02 2.475286226006723377e-05 4.375713889274304051e+02 1.355928508336222330e+04 3.080169225569553419e+03 0.000000000000000000e+00
2.333333333333333093e-03 0.000000000000000000e+00 5.285881567799525556e+02 2.429238216678119945e-05 4.375170620753791013e+02 1.364718808541534599e+04 3.064259974381660868e+03 0.000000000000000000e+00
2.470588235294117647e-03 0.000000000000000000e+00 5.286728313684255909e+02 2.415425780651280451e-05 4.375123119931977271e+02 1.369184191667211962e+04 3.061063249615729546e+03 0.000000000000000000e+00
2.607843137254901768e-03 0.000000000000000000e+00 5.286842367849535549e+02 2.414467699665396219e-05 4.375119664097788927e+02 1.370574905743677664e+04 3.060608891545406095e+03 0.000000000000000000e+00
2.745098039215686323e-03 0.000000000000000000e+00 5.286848616686040714e+02 2.414439040732089680e-05 4.375119538424590360e+02 1.370719634516963742e+04 3.060583416758623571e+03 0.000000000000000000e+00
2.882352941176470444e-03 0.000000000000000000e+00 5.286848616686040714e+02 2.414439040732089680e-05 4.375119538424590360e+02 1.370719634516963742e+04 3.060583416758623571e+03 0.000000000000000000e+00
3.019607843137254999e-03 0.000000000000000000e+00 6.689852410650281627e+02 2.508825624321086862e-05 4.864031533519763002e+02 1.545531869259729501e+04 0.000000000000000000e+00 0.000000000000000000e+00
3.156862745098039120e-03 0.000000000000000000e+00 7.495854114644295123e+02 1.711155312881564106e-05 4.799813405365263748e+02 1.706633485587720861e+04 0.000000000000000000e+00 0.000000000000000000e+00
3.294117647058823241e-03 0.000000000000000000e+00 7.892489149117679972e+02 1.376200697084749140e-05 4.782451850998070313e+02 1.801551398209616309e+04 0.000000000000000000e+00 0.000000000000000000e+00
3.431372549019607796e-03 0.000000000000000000e+00 7.994818992509434565e+02 1.258769309339551698e-05 4.781022182599413668e+02 1.856388160566083388e+04 0.000000000000000000e+00 0.000000000000000000e+00
3.568627450980391917e-03 0.000000000000000000e+00 8.014117263699499745e+02 1.248684613001908437e-05 4.780916227256544744e+02 1.876737087907989917e+04 0.000000000000000000e+00 0.000000000000000000e+00
3.705882352941176471e-03 0.000000000000000000e+00 8.016043284949679446e+02 1.248296649727187013e-05 4.780911210887037441e+02 1.880316701966536493e+04 0.000000000000000000e+00 0.000000000000000000e+00
3.843137254901960592e-03 0.000000000000000000e+00 8.016043284949679446e+02 1.248296649727187013e-05 4.780911210887037441e+02 1.880316701966536493e+04 0.000000000000000000e+00 0.000000000000000000e+00
3.980392156862745147e-03 0.000000000000000000e+00 8.016043284949679446e+02 1.248296649727187013e-05 4.780911210887037441e+02 1.880316701966536493e+04 0.000000000000000000e+00 0.000000000000000000e+00
4.117647058823529702e-03 0.000000000000000000e+00 5.703101009806035790e+02 1.740559781992630727e-05 4.308427781034656618e+02 1.506997557956218043e+04 0.000000000000000000e+00 5.585874068702575642e+03
4.254901960784313389e-03 0.000000000000000000e+00 5.277296221149454141e+02 2.241884186305659313e-05 4.339681936766177728e+02 1.401305914876452334e+04 0.000000000000000000e+00 5.602980995789521330e+03
4.392156862745097944e-03 0.000000000000000000e+00 5.195382010353509941e+02 2.535257102463793109e-05 4.342525950481669383e+02 1.341802041838237528e+04 0.000000000000000000e+00 5.607987261035834308e+03
4.529411764705882498e-03 0.000000000000000000e+00 5.263288988639900481e+02 2.590097934688108717e-05 4.379947718923649518e+02 1.341987215030790685e+04 3.144290494922389826e+03 0.000000000000000000e+00
4.666666666666666186e-03 0.000000000000000000e+00 5.279048377943757941e+02 2.489596457771377845e-05 4.376126081229925830e+02 1.353521882400514914e+04 3.087991542290503276e+03 0.000000000000000000e+00
4.803921568627450740e-03 0.000000000000000000e+00 5.285410828796727856e+02 2.436486330168624072e-05 4.375206836913054076e+02 1.363199297427189049e+04 3.065981992083048226e+03 0.000000000000000000e+00
4.941176470588235295e-03 0.000000000000000000e+00 5.286651708530408769e+02 2.416289846710456874e-05 4.375126078854781326e+02 1.368566586391585770e+04 3.061361619561060252e+03 0.000000000000000000e+00
5.078431372549019850e-03 0.000000000000000000e+00 7.006269747391598912e+02 2.062855879687298030e-05 4.838656991108929333e+02 1.627999521027350420e+04 0.000000000000000000e+00 0.000000000000000000e+00
5.215686274509803537e-03 0.000000000000000000e+00 7.729720414381497449e+02 1.535120953746052912e-05 4.787267852838417639e+02 1.752633946571526758e+04 0.000000000000000000e+00 0.000000000000000000e+00
5.352941176470588092e-03 0.000000000000000000e+00 7.955305129414670091e+02 1.301538216872228156e-05 4.781419966016983381e+02 1.830042714005890957e+04 0.000000000000000000e+00 0.000000000000000000e+00
5.490196078431372646e-03 0.000000000000000000e+00 8.007615572235947639e+02 1.251112493227953757e-05 4.780943063030616145e+02 1.868205501292753252e+04 0.000000000000000000e+00 0.000000000000000000e+00
5.627450980392156334e-03 0.000000000000000000e+00 5.649037252685618569e+02 1.782879224283015910e-05 4.313022878805747951e+02 1.496567962924821586e+04 0.000000000000000000e+00 5.587582289383629359e+03
5.764705882352940888e-03 0.000000000000000000e+00 5.347050077994227877e+02 2.290852045886736726e-05 4.377671389934424724e+02 1.418369610786166049e+04 3.139395043518157308e+03 0.000000000000000000e+00
5.901960784313725443e-03 0.000000000000000000e+00 5.290059018267352258e+02 2.456360296793296363e-05 4.376202862010825356e+02 1.379459914316325739e+04 3.091151097775398284e+03 0.000000000000000000e+00
6.039215686274509998e-03 0.000000000000000000e+00 6.790927402721903263e+02 2.350755927636474945e-05 4.856336868505098892e+02 1.572859549540170156e+04 0.000000000000000000e+00 0.000000000000000000e+00
6.176470588235293685e-03 0.000000000000000000e+00 7.587291671444492067e+02 1.648133881114341743e-05 4.794220744457084606e+02 1.720083091217420224e+04 0.000000000000000000e+00 0.000000000000000000e+00
6.313725490196078240e-03 0.000000000000000000e+00 7.917570260940823346e+02 1.347523190448322030e-05 4.781991990177778007e+02 1.811348073248830042e+04 0.000000000000000000e+00 0.000000000000000000e+00
6.450980392156862794e-03 0.000000000000000000e+00 8.000150090437392691e+02 1.255141185084415157e-05 4.780986271746223224e+02 1.860954518301029020e+04 0.000000000000000000e+00 0.000000000000000000e+00
6.588235294117646482e-03 0.000000000000000000e+00 8.014822081400573097e+02 1.248514490571441115e-05 4.780914225424641018e+02 1.877932636977926813e+04 0.000000000000000000e+00 0.000000000000000000e+00
6.725490196078431036e-03 0.000000000000000000e+00 8.016043284949679446e+02 1.248296649727187013e-05 4.780911210887037441e+02 1.880316701966536493e+04 0.000000000000000000e+00 0.000000000000000000e+00
6.862745098039215591e-03 0.000000000000000000e+00 0.000000000000000000e+00 0.000000000000000000e+00 0.000000000000000000e+00 0.000000000000000000e+00 0.000000000000000000e+00 0.000000000000000000e+00
