0.000000000000000000e+00 1.000000000000000000e+00 6.000000000000000000e+00 7.000000000000000000e+00 8.000000000000000000e+00 1.400000000000000000e+01 2.800000000000000000e+01 2.900000000000000000e+01
0.000000000000000000e+00 0.000000000000000000e+00 8.016043284949679446e+02 1.248296649727187013e-05 4.780911210887037441e+02 1.880316701966536493e+04 0.000000000000000000e+00 0.000000000000000000e+00
1.372549019607843107e-04 0.000000000000000000e+00 8.016043284949679446e+02 1.248296649727187013e-05 4.780911210887037441e+02 1.880316701966536493e+04 0.000000000000000000e+00 0.000000000000000000e+00
2.745098039215686215e-04 0.000000000000000000e+00 8.016043284949679446e+02 1.248408331251171300e-05 4.780911210887037441e+02 1.878753586971172626e+04 0.000000000000000000e+00 0.000000000000000000e+00
4.117647058823529051e-04 0.000000000000000000e+00 8.014783887130508901e+02 1.251265497453860454e-05 4.780914427939499092e+02 1.866184185626412363e+04 0.000000000000000000e+00 0.000000000000000000e+00
5.490196078431372429e-04 0.000000000000000000e+00 7.999680711408062734e+02 1.287173193184242153e-05 4.780991379307616853e+02 1.829586288203402364e+04 0.000000000000000000e+00 0.000000000000000000e+00
6.862745098039215808e-04 0.000000000000000000e+00 7.914834697565196393e+02 1.487033755252397925e-05 4.782065619999981436e+02 1.756128040801857060e+04 0.000000000000000000e+00 0.000000000000000000e+00
8.235294117647058102e-04 0.000000000000000000e+00 7.576183967609402998e+02 1.933303508681383161e-05 4.795127425050640682e+02 1.645485145909003768e+04 0.000000000000000000e+00 0.000000000000000000e+00
9.607843137254901481e-04 0.000000000000000000e+00 6.760459398752904008e+02 2.757881044141510140e-05 4.861465591036006231e+02 1.499848460575965692e+04 0.000000000000000000e+00 0.000000000000000000e+00
1.098039215686274486e-03 0.000000000000000000e+00 5.181286483821775164e+02 2.585915284107029953e-05 4.342779598173996760e+02 1.312272709604705960e+04 0.000000000000000000e+00 5.609242033187893867e+03
1.235294117647058824e-03 0.000000000000000000e+00 5.181286483821775164e+02 2.585908541513571630e-05 4.342779598173996760e+02 1.312312102756037166e+04 0.000000000000000000e+00 5.609242033187893867e+03
1.372549019607843162e-03 0.000000000000000000e+00 5.181289456355344782e+02 2.585621474552451192e-05 4.342779536496175297e+02 1.313002441040626945e+04 0.000000000000000000e+00 5.609070799525381517e+03
1.509803921568627499e-03 0.000000000000000000e+00 5.181366726709704835e+02 2.582081774137564816e-05 4.342777285478530302e+02 1.315437610230823520e+04 0.000000000000000000e+00 5.605236288618628350e+03
1.647058823529411620e-03 0.000000000000000000e+00 5.181989165887375748e+02 2.557493551695376609e-05 4.342744711798396793e+02 1.321089645042750271e+04 0.000000000000000000e+00 5.580437157937708434e+03
1.784313725490195958e-03 0.000000000000000000e+00 5.185465097380966881e+02 2.505455683686869954e-05 4.342370639170989080e+02 1.330450966245128438e+04 0.000000000000000000e+00 5.473640939971101943e+03
1.921568627450980296e-03 0.000000000000000000e+00 5.200080924722230975e+02 2.420495420800609804e-05 4.339274380921800685e+02 1.344439417203836274e+04 0.000000000000000000e+00 5.130543734103893257e+03
2.058823529411764851e-03 0.000000000000000000e+00 5.286848616686040714e+02 2.414439040732089680e-05 4.375119538424590360e+02 1.370719634516963742e+04 3.060583416758623571e+03 0.000000000000000000e+00
2.196078431372548972e-03 0.000000000000000000e+00 5.286848616686040714e+02 2.414433541840914715e-05 4.375119538424590360e+02 1.370755725309949048e+04 3.060583416758623571e+03 0.000000000000000000e+00
2.333333333333333093e-03 0.000000000000000000e+00 5.286858880535853586e+02 2.413435619006170488e-05 4.375119444000258113e+02 1.373912377349235612e+04 3.060583158613673731e+03 0.000000000000000000e+00
2.470588235294117647e-03 0.000000000000000000e+00 5.288153985079387667e+02 2.399277399426392399e-05 4.375105911515825028e+02 1.388143151882603343e+04 3.060556418994578507e+03 0.000000000000000000e+00
2.607843137254901768e-03 0.000000000000000000e+00 5.301177148296590076e+02 2.272355861509244509e-05 4.374880970744541173e+02 1.425226187301733989e+04 3.060342898336177313e+03 0.000000000000000000e+00
2.745098039215686323e-03 0.000000000000000000e+00 5.383626090534748982e+02 1.959889638813085104e-05 4.372198248789023864e+02 1.493292412082268129e+04 3.059297434402764793e+03 0.000000000000000000e+00
2.882352941176470444e-03 0.000000000000000000e+00 5.807400913069977832e+02 1.510773206678698282e-05 4.342639651020771794e+02 1.602149041271676651e+04 3.055349516987490006e+03 0.000000000000000000e+00
3.019607843137254999e-03 0.000000000000000000e+00 8.016043284949679446e+02 1.248296649727187013e-05 4.780911210887037441e+02 1.880316701966536493e+04 0.000000000000000000e+00 0.000000000000000000e+00
3.156862745098039120e-03 0.000000000000000000e+00 8.016043284949679446e+02 1.248296649727187013e-05 4.780911210887037441e+02 1.880316701966536493e+04 0.000000000000000000e+00 0.000000000000000000e+00
3.294117647058823241e-03 0.000000000000000000e+00 8.016043284949679446e+02 1.248495124261730475e-05 4.780911210887037441e+02 1.877890449563638686e+04 0.000000000000000000e+00 0.000000000000000000e+00
3.431372549019607796e-03 0.000000000000000000e+00 8.014057670350815670e+02 1.252683851775804613e-05 4.780916565335583641e+02 1.862782848415723129e+04 0.000000000000000000e+00 0.000000000000000000e+00
3.568627450980391917e-03 0.000000000000000000e+00 7.994196656650503883e+02 1.303185566424675235e-05 4.781029747016416991e+02 1.821332455951751763e+04 0.000000000000000000e+00 0.000000000000000000e+00
3.705882352941176471e-03 0.000000000000000000e+00 7.889030662565165812e+02 1.532972974416998030e-05 4.782557630625868228e+02 1.742752499294095469e+04 0.000000000000000000e+00 0.000000000000000000e+00
3.843137254901960592e-03 0.000000000000000000e+00 7.482010153700940691e+02 2.027430749702514290e-05 4.801117378003096405e+02 1.626702474014088148e+04 0.000000000000000000e+00 0.000000000000000000e+00
3.980392156862745147e-03 0.000000000000000000e+00 6.656078954765094977e+02 2.866077461624210777e-05 4.869824118014626038e+02 1.486222791894037255e+04 0.000000000000000000e+00 0.000000000000000000e+00
4.117647058823529702e-03 0.000000000000000000e+00 5.181742839999352555e+02 2.565273327827893203e-05 4.342759989772007430e+02 1.319570604218869266e+04 0.000000000000000000e+00 5.589633707013314961e+03
4.254901960784313389e-03 0.000000000000000000e+00 5.184184632534557977e+02 2.518753042539845994e-05 4.342542368389915737e+02 1.328674113588937325e+04 0.000000000000000000e+00 5.509761093670856098e+03
4.392156862745097944e-03 0.000000000000000000e+00 5.196159807272168791e+02 2.438927291676770324e-05 4.340238827255510614e+02 1.348492038481442250e+04 0.000000000000000000e+00 5.221990975023391002e+03
4.529411764705882498e-03 0.000000000000000000e+00 5.290901271346738213e+02 2.372178095033240894e-05 4.375066812169167179e+02 1.400383961133221601e+04 3.060506687903993679e+03 0.000000000000000000e+00
4.666666666666666186e-03 0.000000000000000000e+00 5.321019108323787350e+02 2.155316476689276854e-05 4.374373502125685604e+02 1.450433634472256563e+04 3.060061062453710747e+03 0.000000000000000000e+00
4.803921568627450740e-03 0.000000000000000000e+00 5.490446279529082858e+02 1.785604269118997231e-05 4.366485534002996474e+02 1.531119009120679766e+04 3.058170119024582164e+03 0.000000000000000000e+00
4.941176470588235295e-03 0.000000000000000000e+00 6.126152203043346844e+02 1.287877887714341599e-05 4.316121475651166293e+02 1.639246285527541841e+04 3.052894463591811018e+03 0.000000000000000000e+00
5.078431372549019850e-03 0.000000000000000000e+00 7.990971186273249032e+02 1.312927705636953296e-05 4.781053974629076606e+02 1.817359793411190185e+04 0.000000000000000000e+00 0.000000000000000000e+00
5.215686274509803537e-03 0.000000000000000000e+00 7.874300231785679216e+02 1.556293523582579923e-05 4.782865584105221615e+02 1.738476649762513262e+04 0.000000000000000000e+00 0.000000000000000000e+00
5.352941176470588092e-03 0.000000000000000000e+00 7.428966098095888810e+02 2.059292293113319940e-05 4.804898297201132777e+02 1.628414570850581549e+04 0.000000000000000000e+00 0.000000000000000000e+00
5.490196078431372646e-03 0.000000000000000000e+00 6.617440596455335253e+02 2.815111268936881117e-05 4.874130707560385076e+02 1.518630752876573752e+04 0.000000000000000000e+00 0.000000000000000000e+00
5.627450980392156334e-03 0.000000000000000000e+00 5.212694482258914377e+02 2.275573187771267827e-05 4.340365172225978085e+02 1.400839766724249057e+04 0.000000000000000000e+00 5.282031614395641554e+03
5.764705882352940888e-03 0.000000000000000000e+00 5.410868664835209074e+02 1.904209651400722692e-05 4.370965419225996129e+02 1.505828201329007607e+04 3.058996317942502628e+03 0.000000000000000000e+00
5.901960784313725443e-03 0.000000000000000000e+00 5.919860422755722311e+02 1.435290110451303094e-05 4.333354225031947067e+02 1.621305311548096870e+04 3.054447332209499109e+03 0.000000000000000000e+00
6.039215686274509998e-03 0.000000000000000000e+00 8.016043284949679446e+02 1.248296649727187013e-05 4.780911210887037441e+02 1.880316701966536493e+04 0.000000000000000000e+00 0.000000000000000000e+00
6.176470588235293685e-03 0.000000000000000000e+00 8.016043284949679446e+02 1.248296649727187013e-05 4.780911210887037441e+02 1.880316701966536493e+04 0.000000000000000000e+00 0.000000000000000000e+00
6.313725490196078240e-03 0.000000000000000000e+00 8.016043284949679446e+02 1.248296649727187013e-05 4.780911210887037441e+02 1.880316701966536493e+04 0.000000000000000000e+00 0.000000000000000000e+00
6.450980392156862794e-03 0.000000000000000000e+00 8.016043284949679446e+02 1.248296649727187013e-05 4.780911210887037441e+02 1.880316701966536493e+04 0.000000000000000000e+00 0.000000000000000000e+00
6.588235294117646482e-03 0.000000000000000000e+00 8.016043284949679446e+02 1.248296649727187521e-05 4.780911210887037441e+02 1.880316701966536493e+04 0.000000000000000000e+00 0.000000000000000000e+00
6.725490196078431036e-03 0.000000000000000000e+00 8.016043284949679446e+02 1.248296649727187860e-05 4.780911210887037441e+02 1.880316701966536493e+04 0.000000000000000000e+00 0.000000000000000000e+00
6.862745098039215591e-03 0.000000000000000000e+00 0.000000000000000000e+00 0.000000000000000000e+00 0.000000000000000000e+00 0.000000000000000000e+00 0.000000000000000000e+00 0.000000000000000000e+00
