0.000000000000000000e+00 1.000000000000000000e+00 6.000000000000000000e+00 7.000000000000000000e+00 8.000000000000000000e+00 1.400000000000000000e+01 2.600000000000000000e+01
0.000000000000000000e+00 0.000000000000000000e+00 2.465245892632993218e+03 8.032030056312384536e-08 1.694209451655574867e+03 8.699067333903218113e-10 1.397898931914828836e+03
1.372549019607843107e-04 0.000000000000000000e+00 2.465245892632993218e+03 8.032030056312392477e-08 1.694209451655574867e+03 8.699067333903217079e-10 1.397898931914828836e+03
2.745098039215686215e-04 0.000000000000000000e+00 2.465245892632993218e+03 8.032030056312391154e-08 1.694209451655574867e+03 8.699067333903218113e-10 1.397898931914828836e+03
4.117647058823529051e-04 0.000000000000000000e+00 2.465245892632993218e+03 8.032030056312391154e-08 1.694209451655574867e+03 8.699067333903219147e-10 1.397898931914828836e+03
5.490196078431372429e-04 0.000000000000000000e+00 2.465245892632993218e+03 8.032030056312385860e-08 1.694209451655574867e+03 8.699067333903218113e-10 1.397898931914828836e+03
6.862745098039215808e-04 0.000000000000000000e+00 2.465245892632993218e+03 8.032030056312384536e-08 1.694209451655574867e+03 8.699067333903218113e-10 1.397898931914828836e+03
8.235294117647058102e-04 0.000000000000000000e+00 2.465245892632993218e+03 8.032030056312384536e-08 1.694209451655574867e+03 8.699067333903218113e-10 1.397898931914828836e+03
9.607843137254901481e-04 0.000000000000000000e+00 2.465245892632993218e+03 8.032030056312384536e-08 1.694209451655574867e+03 8.699067333903218113e-10 1.397898931914828836e+03
1.098039215686274486e-03 0.000000000000000000e+00 2.780948039085647451e+03 8.325565806734211505e-08 1.772583258269035923e+03 9.508376061947060350e-10 1.188225278005580208e+02
1.235294117647058824e-03 0.000000000000000000e+00 2.851725716079382892e+03 8.024477024619371380e-08 1.764169604384532704e+03 1.018764597877876952e-09 1.165263071285639995e+02
1.372549019607843162e-03 0.000000000000000000e+00 2.869934778364167869e+03 7.647251141080646523e-08 1.763470725248122562e+03 1.101857464641420861e-09 1.158134411525435326e+02
1.509803921568627499e-03 0.000000000000000000e+00 2.874710762392364359e+03 7.140200953591077023e-08 1.763412662132928517e+03 1.216678560427785115e-09 1.157039770351265560e+02
1.647058823529411620e-03 0.000000000000000000e+00 2.875885339570690576e+03 7.003538072041868083e-08 1.763407533497529812e+03 1.256359641535415177e-09 1.156882407693423431e+02
1.784313725490195958e-03 0.000000000000000000e+00 2.876130001558878121e+03 6.993083368812982677e-08 1.763407101695258007e+03 1.260790456391294222e-09 1.156862408485558831e+02
1.921568627450980296e-03 0.000000000000000000e+00 2.876164031133938352e+03 6.992470764858633121e-08 1.763407073405529445e+03 1.261170695263732883e-09 1.156860618307022861e+02
2.058823529411764851e-03 0.000000000000000000e+00 2.577148158469361533e+03 6.708912995059052455e-08 1.681843580546021258e+03 1.176429825500534005e-09 1.389544797898716752e+03
2.196078431372548972e-03 0.000000000000000000e+00 2.498178497205703025e+03 6.964068621368351014e-08 1.692562101797444711e+03 1.117000018671845986e-09 1.396305951212915261e+03
2.333333333333333093e-03 0.000000000000000000e+00 2.473582528939609347e+03 7.284497051872231367e-08 1.694076902290142016e+03 1.042936565795677046e-09 1.397672629105177293e+03
2.470588235294117647e-03 0.000000000000000000e+00 2.467245835449560218e+03 7.760510105026495492e-08 1.694197851414346815e+03 9.331417299693138729e-10 1.397865999793300944e+03
2.607843137254901768e-03 0.000000000000000000e+00 2.465650444540128774e+03 8.006662777848092485e-08 1.694208461593153970e+03 8.774041825230133632e-10 1.397894586506980204e+03
2.745098039215686323e-03 0.000000000000000000e+00 2.465304113080128445e+03 8.030391816891659012e-08 1.694209380463674961e+03 8.705374148775312964e-10 1.397898484843728056e+03
2.882352941176470444e-03 0.000000000000000000e+00 2.465249339200152463e+03 8.031976164412780664e-08 1.694209448993667138e+03 8.699316228145623670e-10 1.397898910406532650e+03
3.019607843137254999e-03 0.000000000000000000e+00 2.465245892632993218e+03 8.032030056312384536e-08 1.694209451655574867e+03 8.699067333903218113e-10 1.397898931914828836e+03
3.156862745098039120e-03 0.000000000000000000e+00 2.465245892632993218e+03 8.032030056312384536e-08 1.694209451655574867e+03 8.699067333903218113e-10 1.397898931914828836e+03
3.294117647058823241e-03 0.000000000000000000e+00 2.465245892632993218e+03 8.032030056312384536e-08 1.694209451655574867e+03 8.699067333903218113e-10 1.397898931914828836e+03
3.431372549019607796e-03 0.000000000000000000e+00 2.465245892632993218e+03 8.032030056312384536e-08 1.694209451655574867e+03 8.699067333903218113e-10 1.397898931914828836e+03
3.568627450980391917e-03 0.000000000000000000e+00 2.465245892632993218e+03 8.032030056312384536e-08 1.694209451655574867e+03 8.699067333903218113e-10 1.397898931914828836e+03
3.705882352941176471e-03 0.000000000000000000e+00 2.465245892632993218e+03 8.032030056312384536e-08 1.694209451655574867e+03 8.699067333903218113e-10 1.397898931914828836e+03
3.843137254901960592e-03 0.000000000000000000e+00 2.465245892632993218e+03 8.032030056312384536e-08 1.694209451655574867e+03 8.699067333903218113e-10 1.397898931914828836e+03
3.980392156862745147e-03 0.000000000000000000e+00 2.465245892632993218e+03 8.032030056312384536e-08 1.694209451655574867e+03 8.699067333903218113e-10 1.397898931914828836e+03
4.117647058823529702e-03 0.000000000000000000e+00 2.465245892632993218e+03 8.032030056312384536e-08 1.694209451655574867e+03 8.699067333903218113e-10 1.397898931914828836e+03
4.254901960784313389e-03 0.000000000000000000e+00 2.465245892632993218e+03 8.032030056312384536e-08 1.694209451655574867e+03 8.699067333903218113e-10 1.397898931914828836e+03
4.392156862745097944e-03 0.000000000000000000e+00 2.465245892632993218e+03 8.032030056312384536e-08 1.694209451655574867e+03 8.699067333903218113e-10 1.397898931914828836e+03
4.529411764705882498e-03 0.000000000000000000e+00 2.736864693434618857e+03 8.475859459384042070e-08 1.779012696301352435e+03 9.179755508003428371e-10 1.200991017537092063e+02
4.666666666666666186e-03 0.000000000000000000e+00 2.826760348503612022e+03 8.177118178527861355e-08 1.766381465812617989e+03 9.846904029025624610e-10 1.174771846512911253e+02
4.803921568627450740e-03 0.000000000000000000e+00 2.863687027515876252e+03 7.852509395833347679e-08 1.763631993503246349e+03 1.056986320389275572e-09 1.160258487902224402e+02
4.941176470588235295e-03 0.000000000000000000e+00 2.873075039629380171e+03 7.370153102738804258e-08 1.763426556321258431e+03 1.161623734664541615e-09 1.157351930282816852e+02
5.078431372549019850e-03 0.000000000000000000e+00 2.875500905392772893e+03 7.033975886401322037e-08 1.763408750617472379e+03 1.246179724239618613e-09 1.156925858010203996e+02
5.215686274509803537e-03 0.000000000000000000e+00 2.876056044068175197e+03 6.995225422376957251e-08 1.763407199505060362e+03 1.259732645539512473e-09 1.156867550731799099e+02
5.352941176470588092e-03 0.000000000000000000e+00 2.876155934270483613e+03 6.992573133894374495e-08 1.763407078640893815e+03 1.261096750720103443e-09 1.156860982858356834e+02
5.490196078431372646e-03 0.000000000000000000e+00 2.876165001344544635e+03 6.992460022110719489e-08 1.763407072868305931e+03 1.261179758122718716e-09 1.156860579805495206e+02
5.627450980392156334e-03 0.000000000000000000e+00 2.876165001344544635e+03 6.992460022110719489e-08 1.763407072868305931e+03 1.261179758122718716e-09 1.156860579805495206e+02
5.764705882352940888e-03 0.000000000000000000e+00 2.876165001344544635e+03 6.992460022110719489e-08 1.763407072868305931e+03 1.261179758122718716e-09 1.156860579805495206e+02
5.901960784313725443e-03 0.000000000000000000e+00 2.876165001344544635e+03 6.992460022110719489e-08 1.763407072868305931e+03 1.261179758122718716e-09 1.156860579805495206e+02
6.039215686274509998e-03 0.000000000000000000e+00 2.876165001344544635e+03 6.992460022110719489e-08 1.763407072868305931e+03 1.261179758122718716e-09 1.156860579805495206e+02
6.176470588235293685e-03 0.000000000000000000e+00 2.876165001344544635e+03 6.992460022110719489e-08 1.763407072868305931e+03 1.261179758122718716e-09 1.156860579805495206e+02
6.313725490196078240e-03 0.000000000000000000e+00 2.876165001344544635e+03 6.992460022110719489e-08 1.763407072868305931e+03 1.261179758122718716e-09 1.156860579805495206e+02
6.450980392156862794e-03 0.000000000000000000e+00 2.876165001344544635e+03 6.992460022110719489e-08 1.763407072868305931e+03 1.261179758122718716e-09 1.156860579805495206e+02
6.588235294117646482e-03 0.000000000000000000e+00 2.876165001344544635e+03 6.992460022110719489e-08 1.763407072868305931e+03 1.261179758122718716e-09 1.156860579805495206e+02
6.725490196078431036e-03 0.000000000000000000e+00 2.876165001344544635e+03 6.992460022110719489e-08 1.763407072868305931e+03 1.261179758122718716e-09 1.156860579805495206e+02
6.862745098039215591e-03 0.000000000000000000e+00 0.000000000000000000e+00 0.000000000000000000e+00 0.000000000000000000e+00 0.000000000000000000e+00 0.000000000000000000e+00
