0.000000000000000000e+00 1.000000000000000000e+00 6.000000000000000000e+00 7.000000000000000000e+00 8.000000000000000000e+00 1.400000000000000000e+01 2.600000000000000000e+01
0.000000000000000000e+00 0.000000000000000000e+00 2.465245892632993218e+03 8.031978439835545708e-08 1.694209451655574867e+03 8.699308180478058259e-10 1.397898931914828836e+03
1.372549019607843107e-04 0.000000000000000000e+00 2.465251778471713351e+03 8.030855401397753068e-08 1.694209446976876052e+03 8.703820643750404838e-10 1.397898894769497247e+03
2.745098039215686215e-04 0.000000000000000000e+00 2.465325702147568336e+03 8.017945323321856594e-08 1.694209345370667279e+03 8.744545677721219929e-10 1.397898292881541238e+03
4.117647058823529051e-04 0.000000000000000000e+00 2.465762648824136704e+03 7.895721221331620664e-08 1.694208031366605155e+03 9.040148825452183959e-10 1.397893047366935434e+03
5.490196078431372429e-04 0.000000000000000000e+00 2.467722127185824775e+03 7.462969138707573122e-08 1.694192992979115161e+03 1.001960555049638088e-09 1.397855273967735911e+03
6.862745098039215808e-04 0.000000000000000000e+00 2.475401880262406848e+03 7.133240881054425428e-08 1.694020438449297899e+03 1.078174396711168107e-09 1.397600440157266803e+03
8.235294117647058102e-04 0.000000000000000000e+00 2.505566062458217402e+03 6.878614376234387399e-08 1.691809347860879598e+03 1.137116882897676817e-09 1.395764405167228460e+03
9.607843137254901481e-04 0.000000000000000000e+00 2.587901186052459707e+03 6.626318390107697581e-08 1.680317610096313047e+03 1.195130060441477301e-09 1.388604959462985335e+03
1.098039215686274486e-03 0.000000000000000000e+00 2.876162774048214487e+03 6.992942330668442798e-08 1.763407074146839477e+03 1.260870119054481613e-09 1.156860670947065444e+02
1.235294117647058824e-03 0.000000000000000000e+00 2.876115466338684655e+03 6.999177124769767152e-08 1.763407118195281555e+03 1.258051938569810688e-09 1.156863328878463477e+02
1.372549019607843162e-03 0.000000000000000000e+00 2.875803753120645069e+03 7.062339269610576034e-08 1.763407748291115468e+03 1.237781658882585897e-09 1.156890725703713230e+02
1.509803921568627499e-03 0.000000000000000000e+00 2.874352842247027638e+03 7.433937210570349236e-08 1.763415120243196498e+03 1.148017889878746325e-09 1.157100769296269362e+02
1.647058823529411620e-03 0.000000000000000000e+00 2.868550609380399237e+03 7.846275670603615473e-08 1.763498992555461882e+03 1.058709744681325938e-09 1.158550554234223853e+02
1.784313725490195958e-03 0.000000000000000000e+00 2.846329037429518394e+03 8.135369600144797385e-08 1.764539753725328865e+03 9.942039167290536767e-10 1.167495433675316292e+02
1.921568627450980296e-03 0.000000000000000000e+00 2.766663721653401353e+03 8.378572857929743892e-08 1.774735811337426867e+03 9.401242719490145943e-10 1.192315736341452066e+02
2.058823529411764851e-03 0.000000000000000000e+00 2.465245892632993218e+03 8.032030056312384536e-08 1.694209451655574867e+03 8.699067333903218113e-10 1.397898931914828836e+03
2.196078431372548972e-03 0.000000000000000000e+00 2.465245892632993218e+03 8.032030056312384536e-08 1.694209451655574867e+03 8.699067333903218113e-10 1.397898931914828836e+03
2.333333333333333093e-03 0.000000000000000000e+00 2.465245892632993218e+03 8.032030056312384536e-08 1.694209451655574867e+03 8.699067333903218113e-10 1.397898931914828836e+03
2.470588235294117647e-03 0.000000000000000000e+00 2.465245892632993218e+03 8.032030056312384536e-08 1.694209451655574867e+03 8.699067333903218113e-10 1.397898931914828836e+03
2.607843137254901768e-03 0.000000000000000000e+00 2.465245892632993218e+03 8.032030056312384536e-08 1.694209451655574867e+03 8.699067333903218113e-10 1.397898931914828836e+03
2.745098039215686323e-03 0.000000000000000000e+00 2.465245892632993218e+03 8.032030056312384536e-08 1.694209451655574867e+03 8.699067333903218113e-10 1.397898931914828836e+03
2.882352941176470444e-03 0.000000000000000000e+00 2.465245892632993218e+03 8.032030056312384536e-08 1.694209451655574867e+03 8.699067333903218113e-10 1.397898931914828836e+03
3.019607843137254999e-03 0.000000000000000000e+00 2.465245892632993218e+03 8.032030056312384536e-08 1.694209451655574867e+03 8.699067333903218113e-10 1.397898931914828836e+03
3.156862745098039120e-03 0.000000000000000000e+00 2.465245892632993218e+03 8.032030056312384536e-08 1.694209451655574867e+03 8.699067333903218113e-10 1.397898931914828836e+03
3.294117647058823241e-03 0.000000000000000000e+00 2.465245892632993218e+03 8.032030056312384536e-08 1.694209451655574867e+03 8.699067333903218113e-10 1.397898931914828836e+03
3.431372549019607796e-03 0.000000000000000000e+00 2.465245892632993218e+03 8.032026823167682535e-08 1.694209451655574867e+03 8.699082819227321553e-10 1.397898931914828836e+03
3.568627450980391917e-03 0.000000000000000000e+00 2.465246345310749803e+03 8.031743409467090368e-08 1.694209451325263444e+03 8.700329321888249182e-10 1.397898929143411351e+03
3.705882352941176471e-03 0.000000000000000000e+00 2.465270182799904887e+03 8.027788143487005466e-08 1.694209428436848384e+03 8.714496153888100078e-10 1.397898766025059558e+03
3.843137254901960592e-03 0.000000000000000000e+00 2.465458357375282048e+03 7.987131567708739883e-08 1.694209068452610609e+03 8.826572419741250954e-10 1.397896963144493157e+03
3.980392156862745147e-03 0.000000000000000000e+00 2.466397283905489530e+03 7.698400716024880863e-08 1.694204775914024594e+03 9.477696663222583239e-10 1.397882984542694203e+03
4.117647058823529702e-03 0.000000000000000000e+00 2.470296160987303665e+03 7.282880942874032949e-08 1.694156363913586574e+03 1.043727733960292302e-09 1.397786809127051129e+03
4.254901960784313389e-03 0.000000000000000000e+00 2.485219819916525466e+03 7.002031648899122955e-08 1.693584600968657014e+03 1.108546448961781592e-09 1.397132990036271849e+03
4.392156862745097944e-03 0.000000000000000000e+00 2.545175565358116728e+03 6.753714230399470190e-08 1.686545228547019406e+03 1.165453163822450163e-09 1.392408559153773467e+03
4.529411764705882498e-03 0.000000000000000000e+00 2.876165001344544635e+03 6.992460022110719489e-08 1.763407072868305931e+03 1.261179758122718716e-09 1.156860579805495206e+02
4.666666666666666186e-03 0.000000000000000000e+00 2.876165001344544635e+03 6.992460022110719489e-08 1.763407072868305931e+03 1.261179758122718716e-09 1.156860579805495206e+02
4.803921568627450740e-03 0.000000000000000000e+00 2.876165001344544635e+03 6.992460022110719489e-08 1.763407072868305931e+03 1.261179758122718716e-09 1.156860579805495206e+02
4.941176470588235295e-03 0.000000000000000000e+00 2.876165001344544635e+03 6.992460022110719489e-08 1.763407072868305931e+03 1.261179758122718716e-09 1.156860579805495206e+02
5.078431372549019850e-03 0.000000000000000000e+00 2.876165001344544635e+03 6.992460022110719489e-08 1.763407072868305931e+03 1.261179758122718716e-09 1.156860579805495206e+02
5.215686274509803537e-03 0.000000000000000000e+00 2.876165001344544635e+03 6.992460022110719489e-08 1.763407072868305931e+03 1.261179758122718716e-09 1.156860579805495206e+02
5.352941176470588092e-03 0.000000000000000000e+00 2.876165001344544635e+03 6.992460022110719489e-08 1.763407072868305931e+03 1.261179758122718716e-09 1.156860579805495206e+02
5.490196078431372646e-03 0.000000000000000000e+00 2.876165001344544635e+03 6.992460022110719489e-08 1.763407072868305931e+03 1.261179758122718716e-09 1.156860579805495206e+02
5.627450980392156334e-03 0.000000000000000000e+00 2.876165001344544635e+03 6.992460022110719489e-08 1.763407072868305931e+03 1.261179758122718716e-09 1.156860579805495206e+02
5.764705882352940888e-03 0.000000000000000000e+00 2.876165001344544635e+03 6.992460022110719489e-08 1.763407072868305931e+03 1.261179758122718716e-09 1.156860579805495206e+02
5.901960784313725443e-03 0.000000000000000000e+00 2.876165001344544635e+03 6.992460022110719489e-08 1.763407072868305931e+03 1.261179758122718716e-09 1.156860579805495206e+02
6.039215686274509998e-03 0.000000000000000000e+00 2.876165001344544635e+03 6.992460022110719489e-08 1.763407072868305931e+03 1.261179758122718716e-09 1.156860579805495206e+02
6.176470588235293685e-03 0.000000000000000000e+00 2.876165001344544635e+03 6.992460022110719489e-08 1.763407072868305931e+03 1.261179758122718716e-09 1.156860579805495206e+02
6.313725490196078240e-03 0.000000000000000000e+00 2.876165001344544635e+03 6.992460022110719489e-08 1.763407072868305931e+03 1.261179758122718716e-09 1.156860579805495206e+02
6.450980392156862794e-03 0.000000000000000000e+00 2.876165001344544635e+03 6.992460022110726107e-08 1.763407072868305931e+03 1.261179758122719336e-09 1.156860579805495206e+02
6.588235294117646482e-03 0.000000000000000000e+00 2.876165001344544635e+03 6.992460022110730077e-08 1.763407072868305931e+03 1.261179758122719336e-09 1.156860579805495206e+02
6.725490196078431036e-03 0.000000000000000000e+00 2.876165001344544635e+03 6.992460022110732724e-08 1.763407072868305931e+03 1.261179758122719129e-09 1.156860579805495206e+02
6.862745098039215591e-03 0.000000000000000000e+00 0.000000000000000000e+00 0.000000000000000000e+00 0.000000000000000000e+00 0.000000000000000000e+00 0.000000000000000000e+00
