0.000000000000000000e+00 1.000000000000000000e+00 6.000000000000000000e+00 7.000000000000000000e+00 8.000000000000000000e+00 1.400000000000000000e+01 2.700000000000000000e+01 2.900000000000000000e+01
0.000000000000000000e+00 0.000000000000000000e+00 8.016043284949679446e+02 1.248296649727187013e-05 4.780911210887037441e+02 1.880316701966536493e+04 0.000000000000000000e+00 0.000000000000000000e+00
1.372549019607843107e-04 0.000000000000000000e+00 8.016043284949679446e+02 1.248296649727187013e-05 4.780911210887037441e+02 1.880316701966536493e+04 0.000000000000000000e+00 0.000000000000000000e+00
2.745098039215686215e-04 0.000000000000000000e+00 8.016043284949679446e+02 1.248296649727187013e-05 4.780911210887037441e+02 1.880316701966536493e+04 0.000000000000000000e+00 0.000000000000000000e+00
4.117647058823529051e-04 0.000000000000000000e+00 8.015077204926911918e+02 1.248552059035878672e-05 4.780914942084912127e+02 1.878300347761759258e+04 0.000000000000000000e+00 0.000000000000000000e+00
5.490196078431372429e-04 0.000000000000000000e+00 8.003327337702755813e+02 1.256361402149899327e-05 4.781004383625598280e+02 1.863905025608840151e+04 0.000000000000000000e+00 0.000000000000000000e+00
6.862745098039215808e-04 0.000000000000000000e+00 7.936590329830459041e+02 1.365845430327660338e-05 4.782254552991807941e+02 1.822126512725926295e+04 0.000000000000000000e+00 0.000000000000000000e+00
8.235294117647058102e-04 0.000000000000000000e+00 7.667109902449813035e+02 1.728251016357672932e-05 4.797467678824160089e+02 1.746221680039788043e+04 0.000000000000000000e+00 0.000000000000000000e+00
9.607843137254901481e-04 0.000000000000000000e+00 7.010597110610664231e+02 2.581504373546885910e-05 4.874896181878094126e+02 1.620386670866815984e+04 0.000000000000000000e+00 0.000000000000000000e+00
1.098039215686274486e-03 0.000000000000000000e+00 5.613970007239981896e+02 2.783272173748783921e-05 4.429043957485298506e+02 1.440032579008872381e+04 1.676801860168374560e+03 0.000000000000000000e+00
1.235294117647058824e-03 0.000000000000000000e+00 5.613970007239981896e+02 2.783272173748783921e-05 4.429043957485298506e+02 1.440032579008872381e+04 1.676801860168374560e+03 0.000000000000000000e+00
1.372549019607843162e-03 0.000000000000000000e+00 5.613938916697195509e+02 2.783263568373038643e-05 4.429043785988482114e+02 1.439846877177646275e+04 1.676805282595253402e+03 0.000000000000000000e+00
1.509803921568627499e-03 0.000000000000000000e+00 5.613163055317717181e+02 2.782893482730320887e-05 4.429037583061145256e+02 1.437332886437941306e+04 1.676898137271743053e+03 0.000000000000000000e+00
1.647058823529411620e-03 0.000000000000000000e+00 5.607249247812318345e+02 2.776999512104918685e-05 4.428949117934478181e+02 1.428605228262268065e+04 1.677681632112701436e+03 0.000000000000000000e+00
1.784313725490195958e-03 0.000000000000000000e+00 5.576325134050283623e+02 2.753415797766677341e-05 4.427952155349134387e+02 1.410436663305061120e+04 1.682275543401969117e+03 0.000000000000000000e+00
1.921568627450980296e-03 0.000000000000000000e+00 5.454867069171250478e+02 2.709628455871105639e-05 4.419837441652250618e+02 1.380373634945135746e+04 1.702576774253137501e+03 0.000000000000000000e+00
2.058823529411764851e-03 0.000000000000000000e+00 5.181286483821775164e+02 2.585915284107029953e-05 4.342779598173996760e+02 1.312272709604705960e+04 0.000000000000000000e+00 5.609242033187893867e+03
2.196078431372548972e-03 0.000000000000000000e+00 5.181286483821775164e+02 2.585915284107029953e-05 4.342779598173996760e+02 1.312272709604705960e+04 0.000000000000000000e+00 5.609242033187893867e+03
2.333333333333333093e-03 0.000000000000000000e+00 5.181296465916212810e+02 2.585892896212364786e-05 4.342779497249437668e+02 1.312393224388640010e+04 0.000000000000000000e+00 5.609240613573892915e+03
2.470588235294117647e-03 0.000000000000000000e+00 5.182561603907137169e+02 2.583267348450520769e-05 4.342765070746872311e+02 1.317861745188817440e+04 0.000000000000000000e+00 5.609093541721910697e+03
2.607843137254901768e-03 0.000000000000000000e+00 5.195382010353509941e+02 2.535257102463793109e-05 4.342525950481669383e+02 1.341802041838237346e+04 0.000000000000000000e+00 5.607987261035834308e+03
2.745098039215686323e-03 0.000000000000000000e+00 5.277296221149454141e+02 2.241884186305660330e-05 4.339681936766177728e+02 1.401305914876451607e+04 0.000000000000000000e+00 5.602980995789521330e+03
2.882352941176470444e-03 0.000000000000000000e+00 5.703101009806036927e+02 1.740559781992630727e-05 4.308427781034656618e+02 1.506997557956218043e+04 0.000000000000000000e+00 5.585874068702575642e+03
3.019607843137254999e-03 0.000000000000000000e+00 8.016043284949679446e+02 1.248296649727187013e-05 4.780911210887037441e+02 1.880316701966536493e+04 0.000000000000000000e+00 0.000000000000000000e+00
3.156862745098039120e-03 0.000000000000000000e+00 8.016043284949679446e+02 1.248296649727187013e-05 4.780911210887037441e+02 1.880316701966536493e+04 0.000000000000000000e+00 0.000000000000000000e+00
3.294117647058823241e-03 0.000000000000000000e+00 8.016043284949679446e+02 1.248296649727187013e-05 4.780911210887037441e+02 1.880316701966536493e+04 0.000000000000000000e+00 0.000000000000000000e+00
3.431372549019607796e-03 0.000000000000000000e+00 8.014516341024309440e+02 1.248751910270586085e-05 4.780917424260593407e+02 1.877288273880417910e+04 0.000000000000000000e+00 0.000000000000000000e+00
3.568627450980391917e-03 0.000000000000000000e+00 7.999038537565683100e+02 1.260643829244670454e-05 4.781049014269679560e+02 1.860028055622658940e+04 0.000000000000000000e+00 0.000000000000000000e+00
3.705882352941176471e-03 0.000000000000000000e+00 7.916183651515758584e+02 1.400242840701631576e-05 4.782827503464704364e+02 1.813368872127948634e+04 0.000000000000000000e+00 0.000000000000000000e+00
3.843137254901960592e-03 0.000000000000000000e+00 7.591748628703480790e+02 1.808547175499447145e-05 4.804447828603321113e+02 1.732117410202041356e+04 0.000000000000000000e+00 0.000000000000000000e+00
3.980392156862745147e-03 0.000000000000000000e+00 6.925872448327968414e+02 2.815734344262143038e-05 4.884653958970308736e+02 1.591432658404087124e+04 0.000000000000000000e+00 0.000000000000000000e+00
4.117647058823529702e-03 0.000000000000000000e+00 5.609553302621158082e+02 2.779680652218281272e-05 4.428990445292734535e+02 1.431269343579029373e+04 1.677367981213564690e+03 0.000000000000000000e+00
4.254901960784313389e-03 0.000000000000000000e+00 5.587482615295492678e+02 2.759917660137765059e-05 4.428407432071476251e+02 1.415153749678102577e+04 1.680561058472454079e+03 0.000000000000000000e+00
4.392156862745097944e-03 0.000000000000000000e+00 5.488747645796834149e+02 2.721005385028807828e-05 4.422361566000515722e+02 1.389471769421294994e+04 1.696759507523422371e+03 0.000000000000000000e+00
4.529411764705882498e-03 0.000000000000000000e+00 5.185257490309152217e+02 2.575848616466640587e-05 4.342723452487192617e+02 1.324862291672198080e+04 0.000000000000000000e+00 5.608830000373726762e+03
4.666666666666666186e-03 0.000000000000000000e+00 5.215019903907364096e+02 2.441174160172332634e-05 4.341987321597683831e+02 1.362517079809046845e+04 0.000000000000000000e+00 5.606601959451189032e+03
4.803921568627450740e-03 0.000000000000000000e+00 5.384159514363287826e+02 2.050870703760020739e-05 4.333634579149663182e+02 1.439638810613526948e+04 0.000000000000000000e+00 5.597927556417603228e+03
4.941176470588235295e-03 0.000000000000000000e+00 6.025162172418612272e+02 1.449571861869800466e-05 4.280426348747400311e+02 1.572787672411618223e+04 0.000000000000000000e+00 5.574005346298074983e+03
5.078431372549019850e-03 0.000000000000000000e+00 7.996507292913323681e+02 1.263651683788807851e-05 4.781077200958347362e+02 1.857802855131913020e+04 0.000000000000000000e+00 0.000000000000000000e+00
5.215686274509803537e-03 0.000000000000000000e+00 7.903871165504444889e+02 1.419324038038148443e-05 4.783184923429481046e+02 1.807030606387709850e+04 0.000000000000000000e+00 0.000000000000000000e+00
5.352941176470588092e-03 0.000000000000000000e+00 7.543884536916750676e+02 1.849995516239092994e-05 4.808829615021700192e+02 1.716505876273930335e+04 0.000000000000000000e+00 0.000000000000000000e+00
5.490196078431372646e-03 0.000000000000000000e+00 6.864770716404466384e+02 2.921835109303217370e-05 4.889374072600829209e+02 1.564261049661568177e+04 0.000000000000000000e+00 0.000000000000000000e+00
5.627450980392156334e-03 0.000000000000000000e+00 5.525586549076956544e+02 2.648945720488394453e-05 4.423202060146113013e+02 1.429130026510269090e+04 1.692748302347372828e+03 0.000000000000000000e+00
5.764705882352940888e-03 0.000000000000000000e+00 5.304492678086106707e+02 2.181889945543260666e-05 4.338376336652758596e+02 1.413160024112988685e+04 0.000000000000000000e+00 5.601597738355309957e+03
5.901960784313725443e-03 0.000000000000000000e+00 5.816550992229690564e+02 1.649461900072865999e-05 4.298621466753219238e+02 1.527963894008049101e+04 0.000000000000000000e+00 5.582042877329118710e+03
6.039215686274509998e-03 0.000000000000000000e+00 8.016043284949679446e+02 1.248296649727187013e-05 4.780911210887037441e+02 1.880316701966536493e+04 0.000000000000000000e+00 0.000000000000000000e+00
6.176470588235293685e-03 0.000000000000000000e+00 8.016043284949679446e+02 1.248296649727187013e-05 4.780911210887037441e+02 1.880316701966536493e+04 0.000000000000000000e+00 0.000000000000000000e+00
6.313725490196078240e-03 0.000000000000000000e+00 8.016043284949679446e+02 1.248296649727187013e-05 4.780911210887037441e+02 1.880316701966536493e+04 0.000000000000000000e+00 0.000000000000000000e+00
6.450980392156862794e-03 0.000000000000000000e+00 8.016043284949679446e+02 1.248296649727187013e-05 4.780911210887037441e+02 1.880316701966536493e+04 0.000000000000000000e+00 0.000000000000000000e+00
6.588235294117646482e-03 0.000000000000000000e+00 8.016043284949679446e+02 1.248296649727187352e-05 4.780911210887037441e+02 1.880316701966536493e+04 0.000000000000000000e+00 0.000000000000000000e+00
6.725490196078431036e-03 0.000000000000000000e+00 8.016043284949679446e+02 1.248296649727187860e-05 4.780911210887037441e+02 1.880316701966536493e+04 0.000000000000000000e+00 0.000000000000000000e+00
6.862745098039215591e-03 0.000000000000000000e+00 0.000000000000000000e+00 0.000000000000000000e+00 0.000000000000000000e+00 0.000000000000000000e+00 0.000000000000000000e+00 0.000000000000000000e+00
