0.000000000000000000e+00 1.000000000000000000e+00 6.000000000000000000e+00 7.000000000000000000e+00 8.000000000000000000e+00 1.400000000000000000e+01 2.700000000000000000e+01 2.900000000000000000e+01
0.000000000000000000e+00 0.000000000000000000e+00 8.016043284949679446e+02 1.248296649727187013e-05 4.780911210887037441e+02 1.880316701966536493e+04 0.000000000000000000e+00 0.000000000000000000e+00
1.372549019607843107e-04 0.000000000000000000e+00 8.016043284949679446e+02 1.248296649727188368e-05 4.780911210887037441e+02 1.880316701966536493e+04 0.000000000000000000e+00 0.000000000000000000e+00
2.745098039215686215e-04 0.000000000000000000e+00 8.016043284949679446e+02 1.248296649727188199e-05 4.780911210887037441e+02 1.880316701966536493e+04 0.000000000000000000e+00 0.000000000000000000e+00
4.117647058823529051e-04 0.000000000000000000e+00 8.016043284949679446e+02 1.248296649727187521e-05 4.780911210887037441e+02 1.880316701966536493e+04 0.000000000000000000e+00 0.000000000000000000e+00
5.490196078431372429e-04 0.000000000000000000e+00 8.016043284949679446e+02 1.248296649727187013e-05 4.780911210887037441e+02 1.880316701966536493e+04 0.000000000000000000e+00 0.000000000000000000e+00
6.862745098039215808e-04 0.000000000000000000e+00 8.016043284949679446e+02 1.248296649727187013e-05 4.780911210887037441e+02 1.880316701966536493e+04 0.000000000000000000e+00 0.000000000000000000e+00
8.235294117647058102e-04 0.000000000000000000e+00 8.016043284949679446e+02 1.248296649727187013e-05 4.780911210887037441e+02 1.880316701966536493e+04 0.000000000000000000e+00 0.000000000000000000e+00
9.607843137254901481e-04 0.000000000000000000e+00 8.016043284949679446e+02 1.248296649727187013e-05 4.780911210887037441e+02 1.880316701966536493e+04 0.000000000000000000e+00 0.000000000000000000e+00
1.098039215686274486e-03 0.000000000000000000e+00 6.156219723945949909e+02 1.738566973314368606e-05 4.376114610919204893e+02 1.611852197609208088e+04 1.663745051290514084e+03 0.000000000000000000e+00
1.235294117647058824e-03 0.000000000000000000e+00 5.726197410209083500e+02 2.330005745981108981e-05 4.423664149350055368e+02 1.521117176860875588e+04 1.674188112967770167e+03 0.000000000000000000e+00
1.372549019607843162e-03 0.000000000000000000e+00 5.632243656062922810e+02 2.699235126635631896e-05 4.428582588674024691e+02 1.468879002071496325e+04 1.676385252794587586e+03 0.000000000000000000e+00
1.509803921568627499e-03 0.000000000000000000e+00 5.615888157243925889e+02 2.778506655482605508e-05 4.429014765484034228e+02 1.446153400857782799e+04 1.676758382631204768e+03 0.000000000000000000e+00
1.647058823529411620e-03 0.000000000000000000e+00 5.614010410244470677e+02 2.783195880140681175e-05 4.429043459121944579e+02 1.440296875721433389e+04 1.676800898309760896e+03 0.000000000000000000e+00
1.784313725490195958e-03 0.000000000000000000e+00 5.613970007239981896e+02 2.783272173748783921e-05 4.429043957485298506e+02 1.440032579008872381e+04 1.676801860168374560e+03 0.000000000000000000e+00
1.921568627450980296e-03 0.000000000000000000e+00 5.613970007239981896e+02 2.783272173748783921e-05 4.429043957485298506e+02 1.440032579008872381e+04 1.676801860168374560e+03 0.000000000000000000e+00
2.058823529411764851e-03 0.000000000000000000e+00 5.350307598147849149e+02 2.665450809500410532e-05 4.353162607949249150e+02 1.375080772502757463e+04 0.000000000000000000e+00 5.064338127965776948e+03
2.196078431372548972e-03 0.000000000000000000e+00 5.223405406741521801e+02 2.618779942100117286e-05 4.344283069746882688e+02 1.343375807207375328e+04 0.000000000000000000e+00 5.439870384234607627e+03
2.333333333333333093e-03 0.000000000000000000e+00 5.188559893211175904e+02 2.593965983672788972e-05 4.342909045854115675e+02 1.324767570890754723e+04 0.000000000000000000e+00 5.571878168495186401e+03
2.470588235294117647e-03 0.000000000000000000e+00 5.182174970312845517e+02 2.586457969158594754e-05 4.342788686989768507e+02 1.315444452360965261e+04 0.000000000000000000e+00 5.603629987569232981e+03
2.607843137254901768e-03 0.000000000000000000e+00 5.181331710626028553e+02 2.585931209058787425e-05 4.342779917218940682e+02 1.312569444471863790e+04 0.000000000000000000e+00 5.608905037692554288e+03
2.745098039215686323e-03 0.000000000000000000e+00 5.181286483821775164e+02 2.585915284107029953e-05 4.342779598173996760e+02 1.312272709604705960e+04 0.000000000000000000e+00 5.609242033187893867e+03
2.882352941176470444e-03 0.000000000000000000e+00 5.181286483821775164e+02 2.585915284107029953e-05 4.342779598173996760e+02 1.312272709604705960e+04 0.000000000000000000e+00 5.609242033187893867e+03
3.019607843137254999e-03 0.000000000000000000e+00 6.656015346174472143e+02 2.708326684927250816e-05 4.869825539726266470e+02 1.504812958936746691e+04 0.000000000000000000e+00 0.000000000000000000e+00
3.156862745098039120e-03 0.000000000000000000e+00 7.482009178707396586e+02 1.774912773539822952e-05 4.801117394073632454e+02 1.684692318062553750e+04 0.000000000000000000e+00 0.000000000000000000e+00
3.294117647058823241e-03 0.000000000000000000e+00 7.889030662565164675e+02 1.392030024038372834e-05 4.782557630625868228e+02 1.791334963843875448e+04 0.000000000000000000e+00 0.000000000000000000e+00
3.431372549019607796e-03 0.000000000000000000e+00 7.994196656650503883e+02 1.260006506116085671e-05 4.781029747016416991e+02 1.853226649624297352e+04 0.000000000000000000e+00 0.000000000000000000e+00
3.568627450980391917e-03 0.000000000000000000e+00 8.014057670350815670e+02 1.248729099701227279e-05 4.780916565335583641e+02 1.876256346505000329e+04 0.000000000000000000e+00 0.000000000000000000e+00
3.705882352941176471e-03 0.000000000000000000e+00 8.016043284949679446e+02 1.248296649727187013e-05 4.780911210887037441e+02 1.880316701966536493e+04 0.000000000000000000e+00 0.000000000000000000e+00
3.843137254901960592e-03 0.000000000000000000e+00 8.016043284949679446e+02 1.248296649727187013e-05 4.780911210887037441e+02 1.880316701966536493e+04 0.000000000000000000e+00 0.000000000000000000e+00
3.980392156862745147e-03 0.000000000000000000e+00 8.016043284949679446e+02 1.248296649727187013e-05 4.780911210887037441e+02 1.880316701966536493e+04 0.000000000000000000e+00 0.000000000000000000e+00
4.117647058823529702e-03 0.000000000000000000e+00 6.062704023980495549e+02 1.839413389290689394e-05 4.387800084714768900e+02 1.595362492345242390e+04 1.666002750744387640e+03 0.000000000000000000e+00
4.254901960784313389e-03 0.000000000000000000e+00 5.702206774991976772e+02 2.397009980331592685e-05 4.425247323686909908e+02 1.511672910147065704e+04 1.674754927136683591e+03 0.000000000000000000e+00
4.392156862745097944e-03 0.000000000000000000e+00 5.627664900538329675e+02 2.726062423076350486e-05 4.428727709205253404e+02 1.463982187008995788e+04 1.676490635438719892e+03 0.000000000000000000e+00
4.529411764705882498e-03 0.000000000000000000e+00 5.377275305292096164e+02 2.678448107805614148e-05 4.355007413189384806e+02 1.390216681918741961e+04 0.000000000000000000e+00 4.990313978249180764e+03
4.666666666666666186e-03 0.000000000000000000e+00 5.241500012044632513e+02 2.626437680130546006e-05 4.345324914746320246e+02 1.348877364555225904e+04 0.000000000000000000e+00 5.381079297312367999e+03
4.803921568627450740e-03 0.000000000000000000e+00 5.192144803694125130e+02 2.597888372238704114e-05 4.343000753360296926e+02 1.327961395534131225e+04 0.000000000000000000e+00 5.556147384064110156e+03
4.941176470588235295e-03 0.000000000000000000e+00 5.182746495086255436e+02 2.586930732055729357e-05 4.342796192481815183e+02 1.316727611171862372e+04 0.000000000000000000e+00 5.600402581941120843e+03
5.078431372549019850e-03 0.000000000000000000e+00 6.980414042625305910e+02 2.183500383923354753e-05 4.842673920706199624e+02 1.597778422301525825e+04 0.000000000000000000e+00 0.000000000000000000e+00
5.215686274509803537e-03 0.000000000000000000e+00 7.721939870651763158e+02 1.572736738105592590e-05 4.787705614193255883e+02 1.736305486925140940e+04 0.000000000000000000e+00 0.000000000000000000e+00
5.352941176470588092e-03 0.000000000000000000e+00 7.953570915358684488e+02 1.307924562403516243e-05 4.781454791739394068e+02 1.823464517158610033e+04 0.000000000000000000e+00 0.000000000000000000e+00
5.490196078431372646e-03 0.000000000000000000e+00 8.007363338134150581e+02 1.251441392505428083e-05 4.780945224603324277e+02 1.866593988992200320e+04 0.000000000000000000e+00 0.000000000000000000e+00
5.627450980392156334e-03 0.000000000000000000e+00 6.017900579936911072e+02 1.886292338259006239e-05 4.393280372365736071e+02 1.586862742792993959e+04 1.667087829231436444e+03 0.000000000000000000e+00
5.764705882352940888e-03 0.000000000000000000e+00 5.462810690616493048e+02 2.347467286694233213e-05 4.352846764584300558e+02 1.456768385885873067e+04 0.000000000000000000e+00 5.011659844421114940e+03
5.901960784313725443e-03 0.000000000000000000e+00 5.263892736900836553e+02 2.585715147866768295e-05 4.345808188597470689e+02 1.372432315422522879e+04 0.000000000000000000e+00 5.355380926551431912e+03
6.039215686274509998e-03 0.000000000000000000e+00 6.779674130760532762e+02 2.504587306274624545e-05 4.861789441973947419e+02 1.563684213440024178e+04 0.000000000000000000e+00 0.000000000000000000e+00
6.176470588235293685e-03 0.000000000000000000e+00 7.579121848139676558e+02 1.701032650691008588e-05 4.795152790434768235e+02 1.709466829963793498e+04 0.000000000000000000e+00 0.000000000000000000e+00
6.313725490196078240e-03 0.000000000000000000e+00 7.915132092716512489e+02 1.359608778627916310e-05 4.782066767201353059e+02 1.803929814075600370e+04 0.000000000000000000e+00 0.000000000000000000e+00
6.450980392156862794e-03 0.000000000000000000e+00 7.999680711408063871e+02 1.255946700298153769e-05 4.780991379307616853e+02 1.858390243157317673e+04 0.000000000000000000e+00 0.000000000000000000e+00
6.588235294117646482e-03 0.000000000000000000e+00 8.014783887130508901e+02 1.248539332240337917e-05 4.780914427939499092e+02 1.877611737428803099e+04 0.000000000000000000e+00 0.000000000000000000e+00
6.725490196078431036e-03 0.000000000000000000e+00 8.016043284949679446e+02 1.248296649727187013e-05 4.780911210887037441e+02 1.880316701966536493e+04 0.000000000000000000e+00 0.000000000000000000e+00
6.862745098039215591e-03 0.000000000000000000e+00 0.000000000000000000e+00 0.000000000000000000e+00 0.000000000000000000e+00 0.000000000000000000e+00 0.000000000000000000e+00 0.000000000000000000e+00
