0.000000000000000000e+00 1.000000000000000000e+00 6.000000000000000000e+00 7.000000000000000000e+00 8.000000000000000000e+00 1.400000000000000000e+01 2.600000000000000000e+01 2.900000000000000000e+01
0.000000000000000000e+00 0.000000000000000000e+00 8.446651480667711667e+02 5.407322256191485772e-12 4.780361556788260486e+02 9.525502750961031779e+03 0.000000000000000000e+00 0.000000000000000000e+00
1.386138613861386286e-04 0.000000000000000000e+00 8.446651480667711667e+02 5.407322256191485772e-12 4.780361556788260486e+02 9.525502750961031779e+03 0.000000000000000000e+00 0.000000000000000000e+00
2.772277227722772571e-04 0.000000000000000000e+00 8.446651480667711667e+02 5.407322256191485772e-12 4.780361556788260486e+02 9.525502750961031779e+03 0.000000000000000000e+00 0.000000000000000000e+00
4.158415841584158857e-04 0.000000000000000000e+00 8.446651480667711667e+02 5.407322256191485772e-12 4.780361556788260486e+02 9.525502750961031779e+03 0.000000000000000000e+00 0.000000000000000000e+00
5.544554455445545142e-04 0.000000000000000000e+00 8.446651480667711667e+02 5.407322256191485772e-12 4.780361556788260486e+02 9.525502750961031779e+03 0.000000000000000000e+00 0.000000000000000000e+00
6.930693069306931428e-04 0.000000000000000000e+00 8.446648971178657348e+02 5.407322963151391928e-12 4.780361556805401619e+02 9.524704347265522301e+03 0.000000000000000000e+00 0.000000000000000000e+00
8.316831683168317713e-04 0.000000000000000000e+00 8.446610265975378979e+02 5.407345962499436633e-12 4.780361557268641377e+02 9.517374198687784883e+03 0.000000000000000000e+00 0.000000000000000000e+00
9.702970297029703999e-04 0.000000000000000000e+00 8.446406276007026008e+02 5.407714480811128329e-12 4.780361562882649196e+02 9.496562564169769757e+03 0.000000000000000000e+00 0.000000000000000000e+00
1.108910891089109028e-03 0.000000000000000000e+00 8.445634937176777157e+02 5.412593046403368418e-12 4.780361618338670269e+02 9.454246056369360304e+03 0.000000000000000000e+00 0.000000000000000000e+00
1.247524752475247765e-03 0.000000000000000000e+00 8.443139770052370068e+02 5.469673650267639522e-12 4.780362128012905600e+02 9.379330370291780127e+03 0.000000000000000000e+00 0.000000000000000000e+00
1.386138613861386286e-03 0.000000000000000000e+00 8.435705788119873887e+02 5.769903329910991272e-12 4.780366791708493110e+02 9.262134004452873342e+03 0.000000000000000000e+00 0.000000000000000000e+00
1.524752475247524806e-03 0.000000000000000000e+00 8.415180411409892258e+02 6.334251823083110953e-12 4.780410478276845652e+02 9.105729538215495268e+03 0.000000000000000000e+00 0.000000000000000000e+00
1.663366336633663543e-03 0.000000000000000000e+00 8.359671008881281296e+02 7.219810554147849546e-12 4.780844693678341173e+02 8.906567468135979652e+03 0.000000000000000000e+00 0.000000000000000000e+00
1.801980198019802280e-03 0.000000000000000000e+00 8.203698288728154466e+02 8.576153708427726924e-12 4.785648157345424352e+02 8.651698241822681666e+03 0.000000000000000000e+00 0.000000000000000000e+00
1.940594059405940800e-03 0.000000000000000000e+00 7.809695562856180686e+02 1.083123206748450279e-11 4.818625530348603547e+02 8.297432183985974916e+03 0.000000000000000000e+00 0.000000000000000000e+00
2.079207920792079320e-03 0.000000000000000000e+00 6.963037940050339785e+02 1.138897521428291013e-11 4.577055353668465045e+02 7.510047354397434901e+03 4.455813850829167677e+02 0.000000000000000000e+00
2.217821782178218057e-03 0.000000000000000000e+00 6.963037940050339785e+02 1.138897521428291013e-11 4.577055353668465045e+02 7.510047354397434901e+03 4.455813850829167677e+02 0.000000000000000000e+00
2.356435643564356794e-03 0.000000000000000000e+00 6.963037940050339785e+02 1.138897521428291013e-11 4.577055353668465045e+02 7.510047354397434901e+03 4.455813850829167677e+02 0.000000000000000000e+00
2.495049504950495531e-03 0.000000000000000000e+00 6.963037940050339785e+02 1.138897521428291013e-11 4.577055353668465045e+02 7.510047354397434901e+03 4.455813850829167677e+02 0.000000000000000000e+00
2.633663366336633834e-03 0.000000000000000000e+00 6.963037923609540485e+02 1.138897521312585409e-11 4.577055353668366706e+02 7.510016250247348580e+03 4.455813850961888534e+02 0.000000000000000000e+00
2.772277227722772571e-03 0.000000000000000000e+00 6.963035512737327508e+02 1.138897505572260368e-11 4.577055353649988660e+02 7.508339617019171783e+03 4.455813872742834860e+02 0.000000000000000000e+00
2.910891089108911308e-03 0.000000000000000000e+00 6.963017203767559522e+02 1.138897234132362363e-11 4.577055353376123321e+02 7.501840334398761115e+03 4.455814081479596780e+02 0.000000000000000000e+00
3.049504950495049611e-03 0.000000000000000000e+00 6.962934062534753821e+02 1.138893630741124791e-11 4.577055350596598942e+02 7.487054132374295477e+03 4.455815325769542028e+02 0.000000000000000000e+00
3.188118811881188348e-03 0.000000000000000000e+00 6.962626572924476704e+02 1.138851392735526730e-11 4.577055325557573155e+02 7.459294241716491342e+03 4.455821548282979165e+02 0.000000000000000000e+00
3.326732673267327085e-03 0.000000000000000000e+00 6.961591655585780245e+02 1.138503034243098014e-11 4.577055105323927933e+02 7.412672669703144493e+03 4.455850701008076840e+02 0.000000000000000000e+00
3.465346534653465822e-03 0.000000000000000000e+00 6.958358095382774309e+02 1.137700862008283921e-11 4.577053160260127811e+02 7.346489023102810279e+03 4.455982447674595619e+02 0.000000000000000000e+00
3.603960396039604559e-03 0.000000000000000000e+00 6.948605703830854736e+02 1.136511101672713043e-11 4.577035246181620209e+02 7.260627990110754581e+03 4.456583029660711190e+02 0.000000000000000000e+00
3.742574257425742863e-03 0.000000000000000000e+00 6.918586645237479615e+02 1.134878911650436847e-11 4.576857129234397803e+02 7.150964154847910322e+03 4.459485328951902829e+02 0.000000000000000000e+00
3.881188118811881600e-03 0.000000000000000000e+00 6.818274258506864953e+02 1.132591870897761810e-11 4.574886432879025620e+02 7.006245563610279532e+03 4.475163231970932998e+02 0.000000000000000000e+00
4.019801980198019903e-03 0.000000000000000000e+00 6.500659338028071943e+02 1.077368133186919069e-11 4.518170634375896952e+02 6.519732045185119205e+03 0.000000000000000000e+00 3.168843132014681942e+03
4.158415841584158640e-03 0.000000000000000000e+00 6.500659338028071943e+02 1.077368133186919069e-11 4.518170634375896952e+02 6.519732045185119205e+03 0.000000000000000000e+00 3.168843132014681942e+03
4.297029702970297377e-03 0.000000000000000000e+00 6.500659338028071943e+02 1.077368133186919069e-11 4.518170634375896952e+02 6.519732045185119205e+03 0.000000000000000000e+00 3.168843132014681942e+03
4.435643564356436114e-03 0.000000000000000000e+00 6.500659338028071943e+02 1.077368133186919069e-11 4.518170634375896952e+02 6.519732045185119205e+03 0.000000000000000000e+00 3.168843132014681942e+03
4.574257425742574851e-03 0.000000000000000000e+00 6.500659338028071943e+02 1.077368133186919069e-11 4.518170634375896952e+02 6.519732045185119205e+03 0.000000000000000000e+00 3.168843132014681942e+03
4.712871287128713588e-03 0.000000000000000000e+00 6.500660747044520349e+02 1.077367818634625062e-11 4.518170634342164362e+02 6.521079678004884045e+03 0.000000000000000000e+00 3.168843048825360711e+03
4.851485148514852325e-03 0.000000000000000000e+00 6.500679347728500943e+02 1.077359997990532486e-11 4.518170633627760822e+02 6.530625127674159558e+03 0.000000000000000000e+00 3.168842098911347421e+03
4.990099009900991062e-03 0.000000000000000000e+00 6.500784562994972475e+02 1.077249133031123930e-11 4.518170625572461745e+02 6.556438531753348798e+03 0.000000000000000000e+00 3.168837537556128609e+03
5.128712871287128931e-03 0.000000000000000000e+00 6.501227631330339136e+02 1.075876242345928309e-11 4.518170550091435871e+02 6.609048726507578976e+03 0.000000000000000000e+00 3.168821296438512036e+03
5.267326732673267668e-03 0.000000000000000000e+00 6.502862230081680082e+02 1.061440496967785545e-11 4.518169879243133664e+02 6.703435028358370801e+03 0.000000000000000000e+00 3.168770681160764070e+03
5.405940594059406405e-03 0.000000000000000000e+00 6.508459325834138554e+02 1.007146501612587760e-11 4.518163923188565718e+02 6.851767291946805926e+03 0.000000000000000000e+00 3.168625254353762102e+03
5.544554455445545142e-03 0.000000000000000000e+00 6.526622264839610352e+02 9.263639051332942743e-12 4.518109567799748447e+02 7.054714102652438669e+03 0.000000000000000000e+00 3.168234570768205685e+03
5.683168316831683879e-03 0.000000000000000000e+00 6.585447520976821352e+02 8.236152379445140937e-12 4.517580041442567449e+02 7.323193638136804111e+03 0.000000000000000000e+00 3.167190179825298401e+03
5.821782178217822616e-03 0.000000000000000000e+00 6.786985059299679506e+02 6.957488433452038171e-12 4.511791532849238706e+02 7.684010643651768078e+03 0.000000000000000000e+00 3.164224043538768456e+03
5.960396039603961353e-03 0.000000000000000000e+00 7.305639479962540008e+02 5.231728319196415404e-12 4.482872558079594683e+02 8.222921924997041060e+03 0.000000000000000000e+00 3.157587356405750143e+03
6.099009900990099223e-03 0.000000000000000000e+00 8.446651480667711667e+02 5.407322256191485772e-12 4.780361556788260486e+02 9.525502750961031779e+03 0.000000000000000000e+00 0.000000000000000000e+00
6.237623762376237960e-03 0.000000000000000000e+00 8.446651480667711667e+02 5.407322256191485772e-12 4.780361556788260486e+02 9.525502750961031779e+03 0.000000000000000000e+00 0.000000000000000000e+00
6.376237623762376697e-03 0.000000000000000000e+00 8.446651480667711667e+02 5.407322256191485772e-12 4.780361556788260486e+02 9.525502750961031779e+03 0.000000000000000000e+00 0.000000000000000000e+00
6.514851485148515434e-03 0.000000000000000000e+00 8.446651480667711667e+02 5.407322256191485772e-12 4.780361556788260486e+02 9.525502750961031779e+03 0.000000000000000000e+00 0.000000000000000000e+00
6.653465346534654171e-03 0.000000000000000000e+00 8.446651004700879639e+02 5.407322403834462168e-12 4.780361556791272619e+02 9.525289574020082000e+03 0.000000000000000000e+00 0.000000000000000000e+00
6.792079207920792908e-03 0.000000000000000000e+00 8.446630082380451086e+02 5.407332148658403693e-12 4.780361556987572840e+02 9.520519854021695210e+03 0.000000000000000000e+00 0.000000000000000000e+00
6.930693069306931645e-03 0.000000000000000000e+00 8.446497493546758051e+02 5.407502480681095779e-12 4.780361559763538821e+02 9.504330839652258874e+03 0.000000000000000000e+00 0.000000000000000000e+00
7.069306930693070382e-03 0.000000000000000000e+00 8.445960519085556371e+02 5.409888847390608095e-12 4.780361588241231630e+02 9.469065485532450111e+03 0.000000000000000000e+00 0.000000000000000000e+00
7.207920792079209119e-03 0.000000000000000000e+00 8.444161613880496589e+02 5.438426134825760696e-12 4.780361853456590779e+02 9.404850195335893659e+03 0.000000000000000000e+00 0.000000000000000000e+00
7.346534653465346988e-03 0.000000000000000000e+00 8.438676397915096459e+02 5.657592905834670706e-12 4.780364282452629823e+02 9.299685786278274463e+03 0.000000000000000000e+00 0.000000000000000000e+00
7.485148514851485725e-03 0.000000000000000000e+00 8.423272497307972344e+02 6.144786094146342782e-12 4.780386730073026911e+02 9.154568278303318948e+03 0.000000000000000000e+00 0.000000000000000000e+00
7.623762376237624462e-03 0.000000000000000000e+00 8.381653220164923823e+02 6.926589150995354537e-12 4.780604310993256263e+02 8.968621789960168826e+03 0.000000000000000000e+00 0.000000000000000000e+00
7.762376237623763199e-03 0.000000000000000000e+00 8.266863215907472977e+02 8.121603613789083146e-12 4.782901275569572022e+02 8.730718889092306199e+03 0.000000000000000000e+00 0.000000000000000000e+00
7.900990099009901069e-03 0.000000000000000000e+00 7.932603556189467326e+02 1.002908622356178643e-11 4.807065911573771473e+02 8.410673111039544892e+03 0.000000000000000000e+00 0.000000000000000000e+00
8.039603960396039806e-03 0.000000000000000000e+00 6.962944414387089864e+02 1.138894243494588713e-11 4.577055351048845750e+02 7.488467331454183295e+03 4.455815155269427805e+02 0.000000000000000000e+00
8.178217821782178543e-03 0.000000000000000000e+00 6.962662564905240288e+02 1.138859141769745009e-11 4.577055329480998012e+02 7.461874702464354414e+03 4.455820736757868303e+02 0.000000000000000000e+00
8.316831683168317280e-03 0.000000000000000000e+00 6.961710646976215457e+02 1.138544554208787040e-11 4.577055140168253615e+02 7.416674740263012609e+03 4.455846919494139229e+02 0.000000000000000000e+00
8.455445544554456017e-03 0.000000000000000000e+00 6.958721924647247761e+02 1.137770313481470967e-11 4.577053469970741730e+02 7.351805830607831012e+03 4.455965445538797667e+02 0.000000000000000000e+00
8.594059405940594754e-03 0.000000000000000000e+00 6.949701965208103047e+02 1.136609791576375522e-11 4.577038149802870635e+02 7.267463628287242500e+03 4.456504560058712059e+02 0.000000000000000000e+00
8.732673267326733491e-03 0.000000000000000000e+00 6.922012567649827588e+02 1.135011398582067459e-11 4.576886537825699861e+02 7.161900702676440233e+03 4.459097718362690443e+02 0.000000000000000000e+00
8.871287128712872228e-03 0.000000000000000000e+00 6.829703195072070230e+02 1.132774156677645192e-11 4.575182637999860162e+02 7.032333844572199268e+03 4.473120429198553438e+02 0.000000000000000000e+00
9.009900990099010964e-03 0.000000000000000000e+00 6.500817160292056087e+02 1.077196412372986178e-11 4.518170622164759038e+02 6.561998372997008119e+03 0.000000000000000000e+00 3.168836228724230750e+03
9.148514851485149701e-03 0.000000000000000000e+00 6.501353838980995761e+02 1.075280764969764969e-11 4.518170519477023959e+02 6.619532580829683866e+03 0.000000000000000000e+00 3.168817025143462160e+03
9.287128712871288438e-03 0.000000000000000000e+00 6.503314210650108862e+02 1.055729941184459661e-11 4.518169604747226913e+02 6.721440380686040953e+03 0.000000000000000000e+00 3.168757762762259517e+03
9.425742574257427175e-03 0.000000000000000000e+00 6.509951710024191698e+02 9.969901120928000680e-12 4.518161485959549850e+02 6.877316754114614014e+03 0.000000000000000000e+00 3.168589801449621064e+03
9.564356435643565912e-03 0.000000000000000000e+00 6.531417248135136333e+02 9.131484414864206898e-12 4.518086860946467027e+02 7.088638170019567951e+03 0.000000000000000000e+00 3.168140609635587225e+03
9.702970297029704649e-03 0.000000000000000000e+00 6.601206017427724646e+02 8.072480977050801375e-12 4.517352193850063600e+02 7.367228057021143286e+03 0.000000000000000000e+00 3.166933606056799363e+03
9.841584158415843386e-03 0.000000000000000000e+00 6.843695377127968413e+02 6.758815606078605350e-12 4.509173515510645416e+02 7.738069593586980773e+03 0.000000000000000000e+00 3.163443122305472116e+03
9.980198019801982123e-03 0.000000000000000000e+00 7.371409066500978042e+02 4.967553415140351754e-12 4.479222767115792294e+02 8.291710582118528691e+03 0.000000000000000000e+00 3.156667301230283556e+03
1.011881188118811913e-02 0.000000000000000000e+00 8.445536619547118562e+02 5.413661489404169596e-12 4.780361629050916008e+02 9.450129773172959176e+03 0.000000000000000000e+00 0.000000000000000000e+00
1.025742574257425786e-02 0.000000000000000000e+00 8.442822387968626572e+02 5.481540204497713600e-12 4.780362229277901065e+02 9.370729820142794779e+03 0.000000000000000000e+00 0.000000000000000000e+00
1.039603960396039660e-02 0.000000000000000000e+00 8.434787449888244737e+02 5.801577061536046128e-12 4.780367714378415940e+02 9.243747312701896590e+03 0.000000000000000000e+00 0.000000000000000000e+00
1.053465346534653534e-02 0.000000000000000000e+00 8.412638208666363653e+02 6.386194442250741415e-12 4.780419214498146516e+02 9.068756507693891763e+03 0.000000000000000000e+00 0.000000000000000000e+00
1.067326732673267407e-02 0.000000000000000000e+00 8.352608379534038932e+02 7.297836003596913756e-12 4.780934389751995468e+02 8.837610943670353663e+03 0.000000000000000000e+00 0.000000000000000000e+00
1.081188118811881281e-02 0.000000000000000000e+00 8.182887364020234600e+02 8.694929862787784446e-12 4.786694636426412899e+02 8.537270523180697637e+03 0.000000000000000000e+00 0.000000000000000000e+00
1.095049504950495155e-02 0.000000000000000000e+00 7.778067198497029722e+02 1.105729791438372508e-11 4.821027139946284024e+02 8.128842410737704995e+03 0.000000000000000000e+00 0.000000000000000000e+00
1.108910891089109028e-02 0.000000000000000000e+00 6.950661390102603718e+02 1.135888953612896027e-11 4.577039351477253035e+02 7.347779629419545017e+03 4.456465070889494768e+02 0.000000000000000000e+00
1.122772277227722902e-02 0.000000000000000000e+00 6.925325742696419411e+02 1.126399503671885517e-11 4.576898885139294748e+02 7.326704894999295902e+03 4.458900226673428620e+02 0.000000000000000000e+00
1.136633663366336776e-02 0.000000000000000000e+00 6.841058785013786974e+02 1.078793970174703817e-11 4.575318647890401849e+02 7.325684746487491793e+03 4.472043505196413093e+02 0.000000000000000000e+00
1.150495049504950650e-02 0.000000000000000000e+00 6.519114142103387621e+02 9.518098145014749406e-12 4.518138756968526764e+02 6.990573740363003708e+03 0.000000000000000000e+00 3.168387677713789799e+03
1.164356435643564523e-02 0.000000000000000000e+00 6.560939644925178982e+02 8.554188271924896840e-12 4.517869636939137763e+02 7.238414439263427994e+03 0.000000000000000000e+00 3.167603252899639301e+03
1.178217821782178397e-02 0.000000000000000000e+00 6.700624401984138103e+02 7.354932990784846245e-12 4.515059799912765470e+02 7.568285573638008827e+03 0.000000000000000000e+00 3.165435755625488582e+03
1.192079207920792271e-02 0.000000000000000000e+00 7.162344414816897142e+02 5.843242532540718509e-12 4.491082418944834558e+02 8.037232032683213220e+03 0.000000000000000000e+00 3.159403529525640351e+03
1.205940594059406144e-02 0.000000000000000000e+00 8.446651480667711667e+02 5.407322256191485772e-12 4.780361556788260486e+02 9.525502750961031779e+03 0.000000000000000000e+00 0.000000000000000000e+00
1.219801980198019845e-02 0.000000000000000000e+00 8.446651480667711667e+02 5.407322256191485772e-12 4.780361556788260486e+02 9.525502750961031779e+03 0.000000000000000000e+00 0.000000000000000000e+00
1.233663366336633718e-02 0.000000000000000000e+00 8.446651480667711667e+02 5.407322256191485772e-12 4.780361556788260486e+02 9.525502750961031779e+03 0.000000000000000000e+00 0.000000000000000000e+00
1.247524752475247592e-02 0.000000000000000000e+00 8.446651480667711667e+02 5.407322256191485772e-12 4.780361556788260486e+02 9.525502750961031779e+03 0.000000000000000000e+00 0.000000000000000000e+00
1.261386138613861466e-02 0.000000000000000000e+00 8.446651480667711667e+02 5.407322256191485772e-12 4.780361556788260486e+02 9.525502750961031779e+03 0.000000000000000000e+00 0.000000000000000000e+00
1.275247524752475339e-02 0.000000000000000000e+00 8.446651480667711667e+02 5.407322256191485772e-12 4.780361556788260486e+02 9.525502750961031779e+03 0.000000000000000000e+00 0.000000000000000000e+00
1.289108910891089213e-02 0.000000000000000000e+00 8.446651480667711667e+02 5.407322256191485772e-12 4.780361556788260486e+02 9.525502750961031779e+03 0.000000000000000000e+00 0.000000000000000000e+00
1.302970297029703087e-02 0.000000000000000000e+00 8.446651480667711667e+02 5.407322256191485772e-12 4.780361556788260486e+02 9.525502750961031779e+03 0.000000000000000000e+00 0.000000000000000000e+00
1.316831683168316960e-02 0.000000000000000000e+00 8.446651480667711667e+02 5.407322256191487388e-12 4.780361556788260486e+02 9.525502750961031779e+03 0.000000000000000000e+00 0.000000000000000000e+00
1.330693069306930834e-02 0.000000000000000000e+00 8.446651480667711667e+02 5.407322256191487388e-12 4.780361556788260486e+02 9.525502750961029960e+03 0.000000000000000000e+00 0.000000000000000000e+00
1.344554455445544708e-02 0.000000000000000000e+00 8.446651480667711667e+02 5.407322256191487388e-12 4.780361556788260486e+02 9.525502750961029960e+03 0.000000000000000000e+00 0.000000000000000000e+00
1.358415841584158582e-02 0.000000000000000000e+00 8.446651480667711667e+02 5.407322256191484964e-12 4.780361556788260486e+02 9.525502750961031779e+03 0.000000000000000000e+00 0.000000000000000000e+00
1.372277227722772455e-02 0.000000000000000000e+00 8.446651480667711667e+02 5.407322256191486580e-12 4.780361556788260486e+02 9.525502750961031779e+03 0.000000000000000000e+00 0.000000000000000000e+00
1.386138613861386329e-02 0.000000000000000000e+00 0.000000000000000000e+00 0.000000000000000000e+00 0.000000000000000000e+00 0.000000000000000000e+00 0.000000000000000000e+00 0.000000000000000000e+00
