0.000000000000000000e+00 1.000000000000000000e+00 6.000000000000000000e+00 7.000000000000000000e+00 8.000000000000000000e+00 1.400000000000000000e+01 2.600000000000000000e+01 2.900000000000000000e+01
0.000000000000000000e+00 0.000000000000000000e+00 8.446471695902951069e+02 5.407322256191482541e-12 4.780438357673608607e+02 9.525502750961019046e+03 0.000000000000000000e+00 0.000000000000000000e+00
1.386138613861386286e-04 0.000000000000000000e+00 8.446471695902951069e+02 5.407322256191480925e-12 4.780438357673608607e+02 9.525502750961013589e+03 0.000000000000000000e+00 0.000000000000000000e+00
2.772277227722772571e-04 0.000000000000000000e+00 8.446471695902951069e+02 5.407322256191480925e-12 4.780438357673608607e+02 9.525502750961013589e+03 0.000000000000000000e+00 0.000000000000000000e+00
4.158415841584158857e-04 0.000000000000000000e+00 8.446471695902951069e+02 5.407322256191481733e-12 4.780438357673608607e+02 9.525502750961009951e+03 0.000000000000000000e+00 0.000000000000000000e+00
5.544554455445545142e-04 0.000000000000000000e+00 8.446471695902951069e+02 5.407322256191484156e-12 4.780438357673608607e+02 9.525502750961011770e+03 0.000000000000000000e+00 0.000000000000000000e+00
6.930693069306931428e-04 0.000000000000000000e+00 8.446471695902951069e+02 5.407322256191484156e-12 4.780438357673608607e+02 9.525502750961017227e+03 0.000000000000000000e+00 0.000000000000000000e+00
8.316831683168317713e-04 0.000000000000000000e+00 8.446471695902951069e+02 5.407322256191482541e-12 4.780438357673608607e+02 9.525502750961013589e+03 0.000000000000000000e+00 0.000000000000000000e+00
9.702970297029703999e-04 0.000000000000000000e+00 8.446471695902951069e+02 5.407322256191482541e-12 4.780438357673608607e+02 9.525502750961015408e+03 0.000000000000000000e+00 0.000000000000000000e+00
1.108910891089109028e-03 0.000000000000000000e+00 8.446471695902951069e+02 5.407322256191482541e-12 4.780438357673608607e+02 9.525502750961019046e+03 0.000000000000000000e+00 0.000000000000000000e+00
1.247524752475247765e-03 0.000000000000000000e+00 8.446471695902951069e+02 5.407322256191482541e-12 4.780438357673608607e+02 9.525502750961019046e+03 0.000000000000000000e+00 0.000000000000000000e+00
1.386138613861386286e-03 0.000000000000000000e+00 8.446471695902951069e+02 5.407322256191482541e-12 4.780438357673608607e+02 9.525502750961019046e+03 0.000000000000000000e+00 0.000000000000000000e+00
1.524752475247524806e-03 0.000000000000000000e+00 8.446471695902951069e+02 5.407322256191482541e-12 4.780438357673608607e+02 9.525502750961019046e+03 0.000000000000000000e+00 0.000000000000000000e+00
1.663366336633663543e-03 0.000000000000000000e+00 8.446471695902951069e+02 5.407322256191482541e-12 4.780438357673608607e+02 9.525502750961019046e+03 0.000000000000000000e+00 0.000000000000000000e+00
1.801980198019802280e-03 0.000000000000000000e+00 8.446471695902951069e+02 5.407322256191482541e-12 4.780438357673608607e+02 9.525502750961019046e+03 0.000000000000000000e+00 0.000000000000000000e+00
1.940594059405940800e-03 0.000000000000000000e+00 8.446471695902951069e+02 5.407322256191482541e-12 4.780438357673608607e+02 9.525502750961019046e+03 0.000000000000000000e+00 0.000000000000000000e+00
2.079207920792079320e-03 0.000000000000000000e+00 7.422738180228002420e+02 6.141000934090380015e-12 4.549651153813074416e+02 8.563844578593803817e+03 4.427741445740687709e+02 0.000000000000000000e+00
2.217821782178218057e-03 0.000000000000000000e+00 7.095303657392253172e+02 7.747654605897943817e-12 4.574932674828463632e+02 8.244218810306754676e+03 4.451645650163686696e+02 0.000000000000000000e+00
2.356435643564356794e-03 0.000000000000000000e+00 7.004670165013712904e+02 9.023634199930939298e-12 4.576912895059475659e+02 8.016803851650604884e+03 4.455101546268546713e+02 0.000000000000000000e+00
2.495049504950495531e-03 0.000000000000000000e+00 6.976149424487389297e+02 1.005014508599308890e-11 4.577103103111764995e+02 7.844205931698273162e+03 4.455694008893270848e+02 0.000000000000000000e+00
2.633663366336633834e-03 0.000000000000000000e+00 6.966920648953175714e+02 1.083936789621189901e-11 4.577123161319407245e+02 7.712994265249520140e+03 4.455801821430403038e+02 0.000000000000000000e+00
2.772277227722772571e-03 0.000000000000000000e+00 6.964027257301438567e+02 1.130085112361388773e-11 4.577125385682660408e+02 7.618787259650278429e+03 4.455821514066469717e+02 0.000000000000000000e+00
2.910891089108911308e-03 0.000000000000000000e+00 6.963187143486391051e+02 1.138116498971757711e-11 4.577125634450189864e+02 7.561216116956190490e+03 4.455824931195592171e+02 0.000000000000000000e+00
3.049504950495049611e-03 0.000000000000000000e+00 6.962966011881586610e+02 1.138837249255357442e-11 4.577125661625027533e+02 7.529740210335450683e+03 4.455825476848331732e+02 0.000000000000000000e+00
3.188118811881188348e-03 0.000000000000000000e+00 6.962918161087239923e+02 1.138893750364076873e-11 4.577125664287702875e+02 7.515089328073669094e+03 4.455825550017282239e+02 0.000000000000000000e+00
3.326732673267327085e-03 0.000000000000000000e+00 6.962911729526157387e+02 1.138897430362248860e-11 4.577125664470453899e+02 7.510390546108205854e+03 4.455825556387438269e+02 0.000000000000000000e+00
3.465346534653465822e-03 0.000000000000000000e+00 6.962911556499700509e+02 1.138897521428291336e-11 4.577125664473558118e+02 7.510047354397445815e+03 4.455825556514395203e+02 0.000000000000000000e+00
3.603960396039604559e-03 0.000000000000000000e+00 6.962911556499700509e+02 1.138897521428291336e-11 4.577125664473558118e+02 7.510047354397445815e+03 4.455825556514395203e+02 0.000000000000000000e+00
3.742574257425742863e-03 0.000000000000000000e+00 6.962911556499700509e+02 1.138897521428291336e-11 4.577125664473558118e+02 7.510047354397445815e+03 4.455825556514395203e+02 0.000000000000000000e+00
3.881188118811881600e-03 0.000000000000000000e+00 6.962911556499700509e+02 1.138897521428291336e-11 4.577125664473558118e+02 7.510047354397445815e+03 4.455825556514395203e+02 0.000000000000000000e+00
4.019801980198019903e-03 0.000000000000000000e+00 6.781126552342108198e+02 1.085680340071810252e-11 4.525590159861941970e+02 7.137297385999570906e+03 0.000000000000000000e+00 2.903999662474657271e+03
4.158415841584158640e-03 0.000000000000000000e+00 6.577786871881661455e+02 1.082641067601254146e-11 4.518913131630330895e+02 6.947264039426412637e+03 0.000000000000000000e+00 3.080413562535401525e+03
4.297029702970297377e-03 0.000000000000000000e+00 6.523186245209188883e+02 1.080688830152692011e-11 4.518301228010474802e+02 6.818953543567815359e+03 0.000000000000000000e+00 3.137464794729090045e+03
4.435643564356436114e-03 0.000000000000000000e+00 6.507457569659244427e+02 1.079270138249970434e-11 4.518246738442878154e+02 6.722370952535460674e+03 0.000000000000000000e+00 3.157416180171657288e+03
4.574257425742574851e-03 0.000000000000000000e+00 6.502620029632398655e+02 1.078249282282006490e-11 4.518241243392753859e+02 6.648183158940029898e+03 0.000000000000000000e+00 3.164790562455929376e+03
4.712871287128713588e-03 0.000000000000000000e+00 6.501131824650598219e+02 1.077595445928971618e-11 4.518240650879700411e+02 6.592689651869090994e+03 0.000000000000000000e+00 3.167483215564769125e+03
4.851485148514852325e-03 0.000000000000000000e+00 6.500699082042085593e+02 1.077389887093727952e-11 4.518240585157180931e+02 6.556035070419714430e+03 0.000000000000000000e+00 3.168398154250849984e+03
4.990099009900991062e-03 0.000000000000000000e+00 6.500583046590389813e+02 1.077369912894639866e-11 4.518240577946795611e+02 6.535191687440878013e+03 0.000000000000000000e+00 3.168682051385218983e+03
5.128712871287128931e-03 0.000000000000000000e+00 6.500555922954895323e+02 1.077368258435273334e-11 4.518240577203479802e+02 6.524652956283101048e+03 0.000000000000000000e+00 3.168758307152098496e+03
5.267326732673267668e-03 0.000000000000000000e+00 6.500551287161808887e+02 1.077368138765641931e-11 4.518240577141635299e+02 6.520486555823466006e+03 0.000000000000000000e+00 3.168773151157649409e+03
5.405940594059406405e-03 0.000000000000000000e+00 6.500550955566121729e+02 1.077368133186920523e-11 4.518240577139118841e+02 6.519732045185126481e+03 0.000000000000000000e+00 3.168774339877586954e+03
5.544554455445545142e-03 0.000000000000000000e+00 6.500550955566121729e+02 1.077368133186920523e-11 4.518240577139118841e+02 6.519732045185126481e+03 0.000000000000000000e+00 3.168774339877586954e+03
5.683168316831683879e-03 0.000000000000000000e+00 6.500550955566121729e+02 1.077368133186920523e-11 4.518240577139118841e+02 6.519732045185126481e+03 0.000000000000000000e+00 3.168774339877586954e+03
5.821782178217822616e-03 0.000000000000000000e+00 6.500550955566121729e+02 1.077368133186920523e-11 4.518240577139118841e+02 6.519732045185126481e+03 0.000000000000000000e+00 3.168774339877586954e+03
5.960396039603961353e-03 0.000000000000000000e+00 6.500550955566121729e+02 1.077368133186920523e-11 4.518240577139118841e+02 6.519732045185126481e+03 0.000000000000000000e+00 3.168774339877586954e+03
6.099009900990099223e-03 0.000000000000000000e+00 7.822670101234198228e+02 9.967036630723605141e-12 4.797801665158081619e+02 7.831433301582740569e+03 0.000000000000000000e+00 0.000000000000000000e+00
6.237623762376237960e-03 0.000000000000000000e+00 8.235912684227029104e+02 8.087598335529301806e-12 4.781819497684298881e+02 8.303038188664371773e+03 0.000000000000000000e+00 0.000000000000000000e+00
6.376237623762376697e-03 0.000000000000000000e+00 8.370885620713896742e+02 6.908699233376613093e-12 4.780568558928670768e+02 8.662327013151818392e+03 0.000000000000000000e+00 0.000000000000000000e+00
6.514851485148515434e-03 0.000000000000000000e+00 8.419620576847506754e+02 6.136588467946475957e-12 4.780451703187961243e+02 8.947656100199226785e+03 0.000000000000000000e+00 0.000000000000000000e+00
6.653465346534654171e-03 0.000000000000000000e+00 8.437501089948254958e+02 5.654948272552971612e-12 4.780439781690008658e+02 9.172228129248169353e+03 0.000000000000000000e+00 0.000000000000000000e+00
6.792079207920792908e-03 0.000000000000000000e+00 8.443749531562292532e+02 5.438104028964210905e-12 4.780438509578843878e+02 9.336113937454165352e+03 0.000000000000000000e+00 0.000000000000000000e+00
6.930693069306931645e-03 0.000000000000000000e+00 8.445747960676196726e+02 5.409862452312109089e-12 4.780438373205076914e+02 9.436632228744141685e+03 0.000000000000000000e+00 0.000000000000000000e+00
7.069306930693070382e-03 0.000000000000000000e+00 8.446321954584659579e+02 5.407500637783633381e-12 4.780438359042630623e+02 9.492059793273643663e+03 0.000000000000000000e+00 0.000000000000000000e+00
7.207920792079209119e-03 0.000000000000000000e+00 8.446453822569036447e+02 5.407332048450334591e-12 4.780438357752107663e+02 9.517607194326103127e+03 0.000000000000000000e+00 0.000000000000000000e+00
7.346534653465346988e-03 0.000000000000000000e+00 8.446471409963478436e+02 5.407322402369297505e-12 4.780438357674348140e+02 9.525163883000212081e+03 0.000000000000000000e+00 0.000000000000000000e+00
7.485148514851485725e-03 0.000000000000000000e+00 8.446471695902951069e+02 5.407322256191482541e-12 4.780438357673608607e+02 9.525502750961019046e+03 0.000000000000000000e+00 0.000000000000000000e+00
7.623762376237624462e-03 0.000000000000000000e+00 8.446471695902951069e+02 5.407322256191482541e-12 4.780438357673608607e+02 9.525502750961019046e+03 0.000000000000000000e+00 0.000000000000000000e+00
7.762376237623763199e-03 0.000000000000000000e+00 8.446471695902951069e+02 5.407322256191482541e-12 4.780438357673608607e+02 9.525502750961019046e+03 0.000000000000000000e+00 0.000000000000000000e+00
7.900990099009901069e-03 0.000000000000000000e+00 8.446471695902951069e+02 5.407322256191482541e-12 4.780438357673608607e+02 9.525502750961019046e+03 0.000000000000000000e+00 0.000000000000000000e+00
8.039603960396039806e-03 0.000000000000000000e+00 7.630985643830052823e+02 5.491342820830428828e-12 4.522095190342483875e+02 8.689125381227322578e+03 4.407284439554311462e+02 0.000000000000000000e+00
8.178217821782178543e-03 0.000000000000000000e+00 7.148862157025492934e+02 7.325039829110209529e-12 4.572753411976619873e+02 8.323478297057865348e+03 4.448801506484641664e+02 0.000000000000000000e+00
8.316831683168317280e-03 0.000000000000000000e+00 7.020786718470380947e+02 8.685131705981227033e-12 4.576717032386783899e+02 8.075493499492803494e+03 4.454641091751554995e+02 0.000000000000000000e+00
8.455445544554456017e-03 0.000000000000000000e+00 6.981335598360573158e+02 9.779066658701923825e-12 4.577083193504026895e+02 7.889042562607230138e+03 4.455611977890253570e+02 0.000000000000000000e+00
8.594059405940594754e-03 0.000000000000000000e+00 6.968591124564337633e+02 1.063990642182538259e-11 4.577120994492647128e+02 7.746746530269550021e+03 4.455786735168000519e+02 0.000000000000000000e+00
8.732673267326733491e-03 0.000000000000000000e+00 6.964534786048823207e+02 1.121897518357158151e-11 4.577125142704452401e+02 7.641808506293097707e+03 4.455818808013802368e+02 0.000000000000000000e+00
8.871287128712872228e-03 0.000000000000000000e+00 6.963329383818889937e+02 1.137304199145999684e-11 4.577125607402987839e+02 7.574493726315730783e+03 4.455824476414089190e+02 0.000000000000000000e+00
9.009900990099010964e-03 0.000000000000000000e+00 6.796872361276836045e+02 1.085818455222027947e-11 4.526213433763695662e+02 7.178214100515617247e+03 0.000000000000000000e+00 2.891249788154600992e+03
9.148514851485149701e-03 0.000000000000000000e+00 6.585222660367946901e+02 1.082803371251269526e-11 4.519045506226144653e+02 6.965527476468768327e+03 0.000000000000000000e+00 3.073308197716258746e+03
9.287128712871288438e-03 0.000000000000000000e+00 6.525209627375020318e+02 1.080809414989986209e-11 4.518312276391055775e+02 6.827790797070413646e+03 0.000000000000000000e+00 3.135107580843717187e+03
9.425742574257427175e-03 0.000000000000000000e+00 6.508068687468993403e+02 1.079356597519932157e-11 4.518247810751423685e+02 6.728444725574281620e+03 0.000000000000000000e+00 3.156556655650310404e+03
9.564356435643565912e-03 0.000000000000000000e+00 6.502809919685927298e+02 1.078310020346403215e-11 4.518241357156823028e+02 6.652827147264489213e+03 0.000000000000000000e+00 3.164471527572758532e+03
9.702970297029704649e-03 0.000000000000000000e+00 6.501188868241755472e+02 1.077627699405734716e-11 4.518240663419455814e+02 6.596042156124211942e+03 0.000000000000000000e+00 3.167370292274909389e+03
9.841584158415843386e-03 0.000000000000000000e+00 6.500715058437766629e+02 1.077394234434090016e-11 4.518240586566419097e+02 6.558067124158103979e+03 0.000000000000000000e+00 3.168361452712590562e+03
9.980198019801982123e-03 0.000000000000000000e+00 6.500587044251581119e+02 1.077370271739120133e-11 4.518240578095517890e+02 6.536282433325891361e+03 0.000000000000000000e+00 3.168671443652617654e+03
1.011881188118811913e-02 0.000000000000000000e+00 7.917391957288784852e+02 9.639400169762573880e-12 4.792244985732168061e+02 7.916282011116910326e+03 0.000000000000000000e+00 0.000000000000000000e+00
1.025742574257425786e-02 0.000000000000000000e+00 8.264884100741014663e+02 7.889244596199793170e-12 4.781414634562750621e+02 8.361001767161096723e+03 0.000000000000000000e+00 0.000000000000000000e+00
1.039603960396039660e-02 0.000000000000000000e+00 8.381156732054677150e+02 6.778207841091493433e-12 4.780531837815969425e+02 8.707108641022861775e+03 0.000000000000000000e+00 0.000000000000000000e+00
1.053465346534653534e-02 0.000000000000000000e+00 8.423404801626911649e+02 6.050776860798802902e-12 4.780448017935078155e+02 8.983337503150201883e+03 0.000000000000000000e+00 0.000000000000000000e+00
1.067326732673267407e-02 0.000000000000000000e+00 8.438859764271958284e+02 5.606638062093663398e-12 4.780439390716329626e+02 9.199477398187504150e+03 0.000000000000000000e+00 0.000000000000000000e+00
1.081188118811881281e-02 0.000000000000000000e+00 8.444196665692991246e+02 5.429217366660666232e-12 4.780438467671186800e+02 9.353869717688196033e+03 0.000000000000000000e+00 0.000000000000000000e+00
1.095049504950495155e-02 0.000000000000000000e+00 8.445882012864282160e+02 5.409052755509436300e-12 4.780438368793204518e+02 9.446990298317778070e+03 0.000000000000000000e+00 0.000000000000000000e+00
1.108910891089109028e-02 0.000000000000000000e+00 7.380442033125854095e+02 6.267173385451301601e-12 4.554473527526417342e+02 8.508880547386768740e+03 4.431574144132617903e+02 0.000000000000000000e+00
1.122772277227722902e-02 0.000000000000000000e+00 7.084627723227225715e+02 7.851500206790193909e-12 4.575278040563740092e+02 8.220100345969660339e+03 4.452149948238753154e+02 0.000000000000000000e+00
1.136633663366336776e-02 0.000000000000000000e+00 7.001392116903863325e+02 9.104548796173197660e-12 4.576944990769559922e+02 8.002749421365801936e+03 4.455185519118772959e+02 0.000000000000000000e+00
1.150495049504950650e-02 0.000000000000000000e+00 6.814210792863859751e+02 9.645277770693402686e-12 4.526477856858508062e+02 7.467561472810267333e+03 0.000000000000000000e+00 2.891306590653907278e+03
1.164356435643564523e-02 0.000000000000000000e+00 6.592567735203574557e+02 1.034826782751430215e-11 4.519119091789054323e+02 7.147029241051502140e+03 0.000000000000000000e+00 3.071064677454482080e+03
1.178217821782178397e-02 0.000000000000000000e+00 6.527168401133470752e+02 1.073815856851216956e-11 4.518318270762881639e+02 6.927104846921794888e+03 0.000000000000000000e+00 3.134347166131699396e+03
1.192079207920792271e-02 0.000000000000000000e+00 6.508599774440439205e+02 1.078785567151403589e-11 4.518248395717038193e+02 6.775788844848348162e+03 0.000000000000000000e+00 3.156234970631826855e+03
1.205940594059406144e-02 0.000000000000000000e+00 7.568605901473418953e+02 1.076669332047201367e-11 4.818366637070349725e+02 7.824496619824843947e+03 0.000000000000000000e+00 0.000000000000000000e+00
1.219801980198019845e-02 0.000000000000000000e+00 8.163490783895492768e+02 8.538273863524150104e-12 4.783208997729435623e+02 8.278820955201887045e+03 0.000000000000000000e+00 0.000000000000000000e+00
1.233663366336633718e-02 0.000000000000000000e+00 8.345606307790150140e+02 7.198338055902893619e-12 4.780690915755315586e+02 8.616308429345643162e+03 0.000000000000000000e+00 0.000000000000000000e+00
1.247524752475247592e-02 0.000000000000000000e+00 8.410308112633272231e+02 6.323799113167906407e-12 4.780463762063229183e+02 8.894150219371555067e+03 0.000000000000000000e+00 0.000000000000000000e+00
1.261386138613861466e-02 0.000000000000000000e+00 8.434107064234118525e+02 5.766021877267562950e-12 4.780441047374815753e+02 9.121348775467251471e+03 0.000000000000000000e+00 0.000000000000000000e+00
1.275247524752475339e-02 0.000000000000000000e+00 8.442605762143457468e+02 5.469026825242788372e-12 4.780438645630154042e+02 9.297591848551310250e+03 0.000000000000000000e+00 0.000000000000000000e+00
1.289108910891089213e-02 0.000000000000000000e+00 8.445394489265684115e+02 5.412538721870765997e-12 4.780438387719946149e+02 9.413398224752001624e+03 0.000000000000000000e+00 0.000000000000000000e+00
1.302970297029703087e-02 0.000000000000000000e+00 8.446227755848167362e+02 5.407710463305252300e-12 4.780438360477443780e+02 9.479829466194212728e+03 0.000000000000000000e+00 0.000000000000000000e+00
1.316831683168316960e-02 0.000000000000000000e+00 8.446435696737100898e+02 5.407345721523763714e-12 4.780438357865060084e+02 9.512634440223086131e+03 0.000000000000000000e+00 0.000000000000000000e+00
1.330693069306930834e-02 0.000000000000000000e+00 8.446470191695592575e+02 5.407322956082740198e-12 4.780438357677835484e+02 9.524234806374539403e+03 0.000000000000000000e+00 0.000000000000000000e+00
1.344554455445544708e-02 0.000000000000000000e+00 8.446471695902951069e+02 5.407322256191482541e-12 4.780438357673608607e+02 9.525502750961019046e+03 0.000000000000000000e+00 0.000000000000000000e+00
1.358415841584158582e-02 0.000000000000000000e+00 8.446471695902951069e+02 5.407322256191482541e-12 4.780438357673608607e+02 9.525502750961019046e+03 0.000000000000000000e+00 0.000000000000000000e+00
1.372277227722772455e-02 0.000000000000000000e+00 8.446471695902951069e+02 5.407322256191482541e-12 4.780438357673608607e+02 9.525502750961019046e+03 0.000000000000000000e+00 0.000000000000000000e+00
1.386138613861386329e-02 0.000000000000000000e+00 0.000000000000000000e+00 0.000000000000000000e+00 0.000000000000000000e+00 0.000000000000000000e+00 0.000000000000000000e+00 0.000000000000000000e+00
