0.000000000000000000e+00 1.000000000000000000e+00 6.000000000000000000e+00 7.000000000000000000e+00 8.000000000000000000e+00 1.400000000000000000e+01 2.600000000000000000e+01 2.900000000000000000e+01
0.000000000000000000e+00 0.000000000000000000e+00 8.446471695902951069e+02 5.407322256191482541e-12 4.780438357673608607e+02 9.525502750961019046e+03 0.000000000000000000e+00 0.000000000000000000e+00
2.745098039215686215e-04 0.000000000000000000e+00 8.446471695902951069e+02 5.407322256191482541e-12 4.780438357673608607e+02 9.525502750961019046e+03 0.000000000000000000e+00 0.000000000000000000e+00
5.490196078431372429e-04 0.000000000000000000e+00 8.446471695902951069e+02 5.407322256191482541e-12 4.780438357673608607e+02 9.525502750961019046e+03 0.000000000000000000e+00 0.000000000000000000e+00
8.235294117647058102e-04 0.000000000000000000e+00 8.446449746975116568e+02 5.407375804289385785e-12 4.780438357854358173e+02 9.512999763911231639e+03 0.000000000000000000e+00 0.000000000000000000e+00
1.098039215686274486e-03 0.000000000000000000e+00 8.445787933993977958e+02 5.415860168859291041e-12 4.780438385868778823e+02 9.441026939316538119e+03 0.000000000000000000e+00 0.000000000000000000e+00
1.372549019607843162e-03 0.000000000000000000e+00 8.438551538106258931e+02 5.820167555647890296e-12 4.780440791329808690e+02 9.241302354757663124e+03 0.000000000000000000e+00 0.000000000000000000e+00
1.647058823529411620e-03 0.000000000000000000e+00 8.381851156520981476e+02 7.284823383415084049e-12 4.780654796770307371e+02 8.888071529932112753e+03 0.000000000000000000e+00 0.000000000000000000e+00
1.921568627450980296e-03 0.000000000000000000e+00 7.907581007869169980e+02 1.074806239767875946e-11 4.809795902552738767e+02 8.305522087251712946e+03 0.000000000000000000e+00 0.000000000000000000e+00
2.196078431372548972e-03 0.000000000000000000e+00 6.962911556499700509e+02 1.138897521428291336e-11 4.577125664473558118e+02 7.510047354397445815e+03 4.455825556514395203e+02 0.000000000000000000e+00
2.470588235294117647e-03 0.000000000000000000e+00 6.962911556499700509e+02 1.138897521428291336e-11 4.577125664473558118e+02 7.510047354397445815e+03 4.455825556514395203e+02 0.000000000000000000e+00
2.745098039215686323e-03 0.000000000000000000e+00 6.962910842006775738e+02 1.138897495129213540e-11 4.577125664469680828e+02 7.507660023712126531e+03 4.455825562262234030e+02 0.000000000000000000e+00
3.019607843137254999e-03 0.000000000000000000e+00 6.962858365074021094e+02 1.138892855362535571e-11 4.577125663433748173e+02 7.484987452693758314e+03 4.455826217206638376e+02 0.000000000000000000e+00
3.294117647058823241e-03 0.000000000000000000e+00 6.962069726530538674e+02 1.138512416003022271e-11 4.577125576108046516e+02 7.411295086269704370e+03 4.455843804837666653e+02 0.000000000000000000e+00
3.568627450980391917e-03 0.000000000000000000e+00 6.954095864540515777e+02 1.136611249053626716e-11 4.577118724827379879e+02 7.264415796979570587e+03 4.456209559510764393e+02 0.000000000000000000e+00
3.843137254901960592e-03 0.000000000000000000e+00 6.876903275966557203e+02 1.132997426835174755e-11 4.576415460709228000e+02 7.025743990011513233e+03 4.464896534831005397e+02 0.000000000000000000e+00
4.117647058823529702e-03 0.000000000000000000e+00 6.500550955566121729e+02 1.077368133186920523e-11 4.518240577139118841e+02 6.519732045185126481e+03 0.000000000000000000e+00 3.168774339877586954e+03
4.392156862745097944e-03 0.000000000000000000e+00 6.500550955566121729e+02 1.077368133186920523e-11 4.518240577139118841e+02 6.519732045185126481e+03 0.000000000000000000e+00 3.168774339877586954e+03
4.666666666666666186e-03 0.000000000000000000e+00 6.500551073888432256e+02 1.077367752733156323e-11 4.518240577137211176e+02 6.521295533371989222e+03 0.000000000000000000e+00 3.168774332199668606e+03
4.941176470588235295e-03 0.000000000000000000e+00 6.500596325802783895e+02 1.077263150496331871e-11 4.518240575187094805e+02 6.555581280284046443e+03 0.000000000000000000e+00 3.168772107213665549e+03
5.215686274509803537e-03 0.000000000000000000e+00 6.501557343313352249e+02 1.065923102460108063e-11 4.518240386877554897e+02 6.691853503017731782e+03 0.000000000000000000e+00 3.168737688186944979e+03
5.490196078431372646e-03 0.000000000000000000e+00 6.513419031430146333e+02 9.445287639036980221e-12 4.518225592167007107e+02 7.018059912952531704e+03 0.000000000000000000e+00 3.168436381782501030e+03
5.764705882352940888e-03 0.000000000000000000e+00 6.639710401136552491e+02 7.338992293831748633e-12 4.516846263540536484e+02 7.589278335174427411e+03 0.000000000000000000e+00 3.166243405555615482e+03
6.039215686274509998e-03 0.000000000000000000e+00 8.446471695902951069e+02 5.407322256191482541e-12 4.780438357673608607e+02 9.525502750961019046e+03 0.000000000000000000e+00 0.000000000000000000e+00
6.313725490196078240e-03 0.000000000000000000e+00 8.446471695902951069e+02 5.407322256191482541e-12 4.780438357673608607e+02 9.525502750961019046e+03 0.000000000000000000e+00 0.000000000000000000e+00
6.588235294117646482e-03 0.000000000000000000e+00 8.446471695902951069e+02 5.407322333994207183e-12 4.780438357673608607e+02 9.525379031856409711e+03 0.000000000000000000e+00 0.000000000000000000e+00
6.862745098039215591e-03 0.000000000000000000e+00 8.446430640471257902e+02 5.407437463859806549e-12 4.780438358088410951e+02 9.507658172568402733e+03 0.000000000000000000e+00 0.000000000000000000e+00
7.137254901960783833e-03 0.000000000000000000e+00 8.445468748715167067e+02 5.424065757297212376e-12 4.780438411653932462e+02 9.422054600737425062e+03 0.000000000000000000e+00 0.000000000000000000e+00
7.411764705882352942e-03 0.000000000000000000e+00 8.435618099663780640e+02 5.958016729512137985e-12 4.780442931564265336e+02 9.200346297485779360e+03 0.000000000000000000e+00 0.000000000000000000e+00
7.686274509803921184e-03 0.000000000000000000e+00 8.360170728304764225e+02 7.609126531480222508e-12 4.780857081392222199e+02 8.822069852353944952e+03 0.000000000000000000e+00 0.000000000000000000e+00
7.960784313725490294e-03 0.000000000000000000e+00 7.696206796874558904e+02 1.170314812016449722e-11 4.839365550238270544e+02 8.168000566139124203e+03 0.000000000000000000e+00 0.000000000000000000e+00
8.235294117647059403e-03 0.000000000000000000e+00 6.962423557194196064e+02 1.138722244657514897e-11 4.577125629731337995e+02 7.433410477942714351e+03 4.455834847570907300e+02 0.000000000000000000e+00
8.509803921568626778e-03 0.000000000000000000e+00 6.957476984511544060e+02 1.137141074668845546e-11 4.577122970400628219e+02 7.302175559076986247e+03 4.456026387315444026e+02 0.000000000000000000e+00
8.784313725490195887e-03 0.000000000000000000e+00 6.911029325068694789e+02 1.133956735547792970e-11 4.576873911690138357e+02 7.097417150665973168e+03 4.460275557346536175e+02 0.000000000000000000e+00
9.058823529411764996e-03 0.000000000000000000e+00 6.500743236475793765e+02 1.076525208205736643e-11 4.518240562271734007e+02 6.595954463268170912e+03 0.000000000000000000e+00 3.168766003672837996e+03
9.333333333333332371e-03 0.000000000000000000e+00 6.503674491044579327e+02 1.027326358721911507e-11 4.518239342642650058e+02 6.806759455735336815e+03 0.000000000000000000e+00 3.168674933920069179e+03
9.607843137254901481e-03 0.000000000000000000e+00 6.536224644575011098e+02 8.644967319036926998e-12 4.518140219162631297e+02 7.225305283016707108e+03 0.000000000000000000e+00 3.167970985938198737e+03
9.882352941176470590e-03 0.000000000000000000e+00 6.909415353666362307e+02 6.101126456923384037e-12 4.506876981944526506e+02 7.942547921054331709e+03 0.000000000000000000e+00 3.162453500609014554e+03
1.015686274509803970e-02 0.000000000000000000e+00 8.445263104578488083e+02 5.430724717635594051e-12 4.780438432250724645e+02 9.410830216313026540e+03 0.000000000000000000e+00 0.000000000000000000e+00
1.043137254901960707e-02 0.000000000000000000e+00 8.433764264784842908e+02 6.034506147128262467e-12 4.780444642771282702e+02 9.162487020461336215e+03 0.000000000000000000e+00 0.000000000000000000e+00
1.070588235294117618e-02 0.000000000000000000e+00 8.346170549584547871e+02 7.787946280779964133e-12 4.781024303369904942e+02 8.717845403426750636e+03 0.000000000000000000e+00 0.000000000000000000e+00
1.098039215686274529e-02 0.000000000000000000e+00 7.596584286035671312e+02 1.209789412331745871e-11 4.852571527743265847e+02 7.993498778823979592e+03 0.000000000000000000e+00 0.000000000000000000e+00
1.125490196078431267e-02 0.000000000000000000e+00 6.924057735625134455e+02 1.112096056410901434e-11 4.576973920064046979e+02 7.337021874286270759e+03 4.458951264489583650e+02 0.000000000000000000e+00
1.152941176470588178e-02 0.000000000000000000e+00 6.518666054482503114e+02 9.193562441896566384e-12 4.518212505263293792e+02 7.082277529758738638e+03 0.000000000000000000e+00 3.168321987137667747e+03
1.180392156862745089e-02 0.000000000000000000e+00 6.697930059613311187e+02 6.950421360417386776e-12 4.515488875872919721e+02 7.702160644349872200e+03 0.000000000000000000e+00 3.165375016182933450e+03
1.207843137254902000e-02 0.000000000000000000e+00 8.446471695902951069e+02 5.407322256191482541e-12 4.780438357673608607e+02 9.525502750961019046e+03 0.000000000000000000e+00 0.000000000000000000e+00
1.235294117647058737e-02 0.000000000000000000e+00 8.446471695902951069e+02 5.407322256191482541e-12 4.780438357673608607e+02 9.525502750961019046e+03 0.000000000000000000e+00 0.000000000000000000e+00
1.262745098039215648e-02 0.000000000000000000e+00 8.446471695902951069e+02 5.407322256191482541e-12 4.780438357673608607e+02 9.525502750961019046e+03 0.000000000000000000e+00 0.000000000000000000e+00
1.290196078431372559e-02 0.000000000000000000e+00 8.446471695902951069e+02 5.407322256191482541e-12 4.780438357673608607e+02 9.525502750961015408e+03 0.000000000000000000e+00 0.000000000000000000e+00
1.317647058823529296e-02 0.000000000000000000e+00 8.446471695902951069e+02 5.407322256191483349e-12 4.780438357673608607e+02 9.525502750961015408e+03 0.000000000000000000e+00 0.000000000000000000e+00
1.345098039215686207e-02 0.000000000000000000e+00 8.446471695902951069e+02 5.407322256191485772e-12 4.780438357673608607e+02 9.525502750961017227e+03 0.000000000000000000e+00 0.000000000000000000e+00
1.372549019607843118e-02 0.000000000000000000e+00 0.000000000000000000e+00 0.000000000000000000e+00 0.000000000000000000e+00 0.000000000000000000e+00 0.000000000000000000e+00 0.000000000000000000e+00
