0.000000000000000000e+00 1.000000000000000000e+00 6.000000000000000000e+00 7.000000000000000000e+00 8.000000000000000000e+00 1.400000000000000000e+01 2.600000000000000000e+01 2.900000000000000000e+01
0.000000000000000000e+00 0.000000000000000000e+00 8.446651480667711667e+02 5.407322256191485772e-12 4.780361556788260486e+02 9.525502750961031779e+03 0.000000000000000000e+00 0.000000000000000000e+00
1.386138613861386286e-04 0.000000000000000000e+00 8.446651480667711667e+02 5.407322256191485772e-12 4.780361556788260486e+02 9.525502750961031779e+03 0.000000000000000000e+00 0.000000000000000000e+00
2.772277227722772571e-04 0.000000000000000000e+00 8.446651480667711667e+02 5.407322256191485772e-12 4.780361556788260486e+02 9.525502750961031779e+03 0.000000000000000000e+00 0.000000000000000000e+00
4.158415841584158857e-04 0.000000000000000000e+00 8.446651480667711667e+02 5.407322256191485772e-12 4.780361556788260486e+02 9.525502750961031779e+03 0.000000000000000000e+00 0.000000000000000000e+00
5.544554455445545142e-04 0.000000000000000000e+00 8.446651480667711667e+02 5.407322621965569032e-12 4.780361556788260486e+02 9.525026974228707331e+03 0.000000000000000000e+00 0.000000000000000000e+00
6.930693069306931428e-04 0.000000000000000000e+00 8.446648971178657348e+02 5.407335207964414335e-12 4.780361556805401619e+02 9.519484284439968178e+03 0.000000000000000000e+00 0.000000000000000000e+00
8.316831683168317713e-04 0.000000000000000000e+00 8.446610265975378979e+02 5.407504888948201124e-12 4.780361557268641377e+02 9.503143325937931877e+03 0.000000000000000000e+00 0.000000000000000000e+00
9.702970297029703999e-04 0.000000000000000000e+00 8.446406276007026008e+02 5.409437457619209658e-12 4.780361562882649196e+02 9.469538102851611256e+03 0.000000000000000000e+00 0.000000000000000000e+00
1.108910891089109028e-03 0.000000000000000000e+00 8.445634937176777157e+02 5.428857702064094961e-12 4.780361618338670269e+02 9.410542697637169113e+03 0.000000000000000000e+00 0.000000000000000000e+00
1.247524752475247765e-03 0.000000000000000000e+00 8.443139770052370068e+02 5.585561529753845303e-12 4.780362128012905600e+02 9.315481284590945506e+03 0.000000000000000000e+00 0.000000000000000000e+00
1.386138613861386286e-03 0.000000000000000000e+00 8.435705788119873887e+02 5.996520018601431203e-12 4.780366791708493110e+02 9.182853226183589868e+03 0.000000000000000000e+00 0.000000000000000000e+00
1.524752475247524806e-03 0.000000000000000000e+00 8.415180411409892258e+02 6.666287834000576296e-12 4.780410478276845652e+02 9.014378199468597813e+03 0.000000000000000000e+00 0.000000000000000000e+00
1.663366336633663543e-03 0.000000000000000000e+00 8.359671008881281296e+02 7.671903996736042180e-12 4.780844693678341173e+02 8.804996749624751828e+03 0.000000000000000000e+00 0.000000000000000000e+00
1.801980198019802280e-03 0.000000000000000000e+00 8.203698288728154466e+02 9.182050548238858514e-12 4.785648157345424352e+02 8.541276778563025800e+03 0.000000000000000000e+00 0.000000000000000000e+00
1.940594059405940800e-03 0.000000000000000000e+00 7.809695562856180686e+02 1.158002402293138332e-11 4.818625530348603547e+02 8.203589720132071307e+03 0.000000000000000000e+00 0.000000000000000000e+00
2.079207920792079320e-03 0.000000000000000000e+00 6.963037940050339785e+02 1.138897521428291013e-11 4.577055353668465045e+02 7.510047354397434901e+03 4.455813850829167677e+02 0.000000000000000000e+00
2.217821782178218057e-03 0.000000000000000000e+00 6.963037940050339785e+02 1.138897521428291013e-11 4.577055353668465045e+02 7.510047354397434901e+03 4.455813850829167677e+02 0.000000000000000000e+00
2.356435643564356794e-03 0.000000000000000000e+00 6.963037940050339785e+02 1.138897521428291013e-11 4.577055353668465045e+02 7.510047354397434901e+03 4.455813850829167677e+02 0.000000000000000000e+00
2.495049504950495531e-03 0.000000000000000000e+00 6.963037940050339785e+02 1.138897521395349191e-11 4.577055353668465045e+02 7.510038494472783896e+03 4.455813850829167677e+02 0.000000000000000000e+00
2.633663366336633834e-03 0.000000000000000000e+00 6.963037923609540485e+02 1.138897512510513536e-11 4.577055353668366706e+02 7.508839239813537461e+03 4.455813850961888534e+02 0.000000000000000000e+00
2.772277227722772571e-03 0.000000000000000000e+00 6.963035512737327508e+02 1.138897372941401045e-11 4.577055353649988660e+02 7.503778440742952625e+03 4.455813872742834860e+02 0.000000000000000000e+00
2.910891089108911308e-03 0.000000000000000000e+00 6.963017203767559522e+02 1.138895795946186699e-11 4.577055353376123321e+02 7.492081528533643905e+03 4.455814081479596780e+02 0.000000000000000000e+00
3.049504950495049611e-03 0.000000000000000000e+00 6.962934062534753821e+02 1.138880127009162094e-11 4.577055350596598942e+02 7.470232424622634426e+03 4.455815325769542028e+02 0.000000000000000000e+00
3.188118811881188348e-03 0.000000000000000000e+00 6.962626572924476704e+02 1.138742213780280059e-11 4.577055325557573155e+02 7.433481406587073252e+03 4.455821548282979165e+02 0.000000000000000000e+00
3.326732673267327085e-03 0.000000000000000000e+00 6.961591655585780245e+02 1.138170265786313304e-11 4.577055105323927933e+02 7.377990439764188523e+03 4.455850701008076840e+02 0.000000000000000000e+00
3.465346534653465822e-03 0.000000000000000000e+00 6.958358095382774309e+02 1.137231909114435102e-11 4.577053160260127811e+02 7.305215513390879096e+03 4.455982447674595619e+02 0.000000000000000000e+00
3.603960396039604559e-03 0.000000000000000000e+00 6.948605703830854736e+02 1.135934642250875012e-11 4.577035246181620209e+02 7.213769624348232355e+03 4.456583029660711190e+02 0.000000000000000000e+00
3.742574257425742863e-03 0.000000000000000000e+00 6.918586645237479615e+02 1.134205919441327968e-11 4.576857129234397803e+02 7.099131733573637575e+03 4.459485328951902829e+02 0.000000000000000000e+00
3.881188118811881600e-03 0.000000000000000000e+00 6.818274258506864953e+02 1.131823366408418701e-11 4.574886432879025620e+02 6.950236317605495969e+03 4.475163231970932998e+02 0.000000000000000000e+00
4.019801980198019903e-03 0.000000000000000000e+00 6.500659338028071943e+02 1.077368133186919069e-11 4.518170634375896952e+02 6.519732045185119205e+03 0.000000000000000000e+00 3.168843132014681942e+03
4.158415841584158640e-03 0.000000000000000000e+00 6.500659338028071943e+02 1.077368133186919069e-11 4.518170634375896952e+02 6.519732045185119205e+03 0.000000000000000000e+00 3.168843132014681942e+03
4.297029702970297377e-03 0.000000000000000000e+00 6.500659338028071943e+02 1.077368133186919069e-11 4.518170634375896952e+02 6.519732045185119205e+03 0.000000000000000000e+00 3.168843132014681942e+03
4.435643564356436114e-03 0.000000000000000000e+00 6.500659338028071943e+02 1.077368133186919069e-11 4.518170634375896952e+02 6.519732045185119205e+03 0.000000000000000000e+00 3.168843132014681942e+03
4.574257425742574851e-03 0.000000000000000000e+00 6.500659338028071943e+02 1.077367955971627344e-11 4.518170634375896952e+02 6.520600562249964241e+03 0.000000000000000000e+00 3.168843132014681942e+03
4.712871287128713588e-03 0.000000000000000000e+00 6.500660747044520349e+02 1.077363705244666579e-11 4.518170634342164362e+02 6.527868237766742823e+03 0.000000000000000000e+00 3.168843048825360711e+03
4.851485148514852325e-03 0.000000000000000000e+00 6.500679347728500943e+02 1.077312728732854562e-11 4.518170633627760822e+02 6.548121609627203725e+03 0.000000000000000000e+00 3.168842098911347421e+03
4.990099009900991062e-03 0.000000000000000000e+00 6.500784562994972475e+02 1.076776015543883030e-11 4.518170625572461745e+02 6.589675229904893058e+03 0.000000000000000000e+00 3.168837537556128609e+03
5.128712871287128931e-03 0.000000000000000000e+00 6.501227631330339136e+02 1.071789800326867796e-11 4.518170550091435871e+02 6.663428162364410127e+03 0.000000000000000000e+00 3.168821296438512036e+03
5.267326732673267668e-03 0.000000000000000000e+00 6.502862230081680082e+02 1.039002675790472054e-11 4.518169879243133664e+02 6.783759155693509456e+03 0.000000000000000000e+00 3.168770681160764070e+03
5.405940594059406405e-03 0.000000000000000000e+00 6.508459325834138554e+02 9.739404295711364518e-12 4.518163923188565718e+02 6.953876497186352026e+03 0.000000000000000000e+00 3.168625254353762102e+03
5.544554455445545142e-03 0.000000000000000000e+00 6.526622264839610352e+02 8.879710045271105337e-12 4.518109567799748447e+02 7.177186405290048242e+03 0.000000000000000000e+00 3.168234570768205685e+03
5.683168316831683879e-03 0.000000000000000000e+00 6.585447520976821352e+02 7.829688177167082836e-12 4.517580041442567449e+02 7.466291986342181190e+03 0.000000000000000000e+00 3.167190179825298401e+03
5.821782178217822616e-03 0.000000000000000000e+00 6.786985059299679506e+02 6.558506855371530245e-12 4.511791532849238706e+02 7.849074508771846013e+03 0.000000000000000000e+00 3.164224043538768456e+03
5.960396039603961353e-03 0.000000000000000000e+00 7.305639479962540008e+02 4.957930944620331732e-12 4.482872558079594683e+02 8.336277745664257964e+03 0.000000000000000000e+00 3.157587356405750143e+03
6.099009900990099223e-03 0.000000000000000000e+00 8.446651480667711667e+02 5.407322256191485772e-12 4.780361556788260486e+02 9.525502750961031779e+03 0.000000000000000000e+00 0.000000000000000000e+00
6.237623762376237960e-03 0.000000000000000000e+00 8.446651480667711667e+02 5.407322256191485772e-12 4.780361556788260486e+02 9.525502750961031779e+03 0.000000000000000000e+00 0.000000000000000000e+00
6.376237623762376697e-03 0.000000000000000000e+00 8.446651480667711667e+02 5.407322256191485772e-12 4.780361556788260486e+02 9.525502750961031779e+03 0.000000000000000000e+00 0.000000000000000000e+00
6.514851485148515434e-03 0.000000000000000000e+00 8.446651480667711667e+02 5.407322314282406752e-12 4.780361556788260486e+02 9.525410258654243080e+03 0.000000000000000000e+00 0.000000000000000000e+00
6.653465346534654171e-03 0.000000000000000000e+00 8.446651004700879639e+02 5.407327748533257773e-12 4.780361556791272619e+02 9.521932338856395290e+03 0.000000000000000000e+00 0.000000000000000000e+00
6.792079207920792908e-03 0.000000000000000000e+00 8.446630082380451086e+02 5.407410656710404421e-12 4.780361556987572840e+02 9.509245559048100404e+03 0.000000000000000000e+00 0.000000000000000000e+00
6.930693069306931645e-03 0.000000000000000000e+00 8.446497493546758051e+02 5.408383768164179197e-12 4.780361559763538821e+02 9.481347938475246337e+03 0.000000000000000000e+00 0.000000000000000000e+00
7.069306930693070382e-03 0.000000000000000000e+00 8.445960519085556371e+02 5.418455242736998794e-12 4.780361588241231630e+02 9.430618490529783230e+03 0.000000000000000000e+00 0.000000000000000000e+00
7.207920792079209119e-03 0.000000000000000000e+00 8.444161613880496589e+02 5.512154278591923705e-12 4.780361853456590779e+02 9.346848276287508270e+03 0.000000000000000000e+00 0.000000000000000000e+00
7.346534653465346988e-03 0.000000000000000000e+00 8.438676397915096459e+02 5.854682697719646212e-12 4.780364282452629823e+02 9.224319987190738175e+03 0.000000000000000000e+00 0.000000000000000000e+00
7.485148514851485725e-03 0.000000000000000000e+00 8.423272497307972344e+02 6.445405797170175640e-12 4.780386730073026911e+02 9.066399866430498150e+03 0.000000000000000000e+00 0.000000000000000000e+00
7.623762376237624462e-03 0.000000000000000000e+00 8.381653220164923823e+02 7.344302335891346819e-12 4.780604310993256263e+02 8.868478754512780142e+03 0.000000000000000000e+00 0.000000000000000000e+00
7.762376237623763199e-03 0.000000000000000000e+00 8.266863215907472977e+02 8.680759502811958461e-12 4.782901275569572022e+02 8.617724045099512296e+03 0.000000000000000000e+00 0.000000000000000000e+00
7.900990099009901069e-03 0.000000000000000000e+00 7.932603556189467326e+02 1.077461417854723063e-11 4.807065911573771473e+02 8.287319427848455234e+03 0.000000000000000000e+00 0.000000000000000000e+00
8.039603960396039806e-03 0.000000000000000000e+00 6.962944414387089864e+02 1.138882830907828569e-11 4.577055351048845750e+02 7.472233783669306831e+03 4.455815155269427805e+02 0.000000000000000000e+00
8.178217821782178543e-03 0.000000000000000000e+00 6.962662564905240288e+02 1.138764892012452440e-11 4.577055329480998012e+02 7.436739853812213369e+03 4.455820736757868303e+02 0.000000000000000000e+00
8.316831683168317280e-03 0.000000000000000000e+00 6.961710646976215457e+02 1.138224578723473017e-11 4.577055140168253615e+02 7.382565303245854921e+03 4.455846919494139229e+02 0.000000000000000000e+00
8.455445544554456017e-03 0.000000000000000000e+00 6.958721924647247761e+02 1.137310293213658691e-11 4.577053469970741730e+02 7.311031442390111806e+03 4.455965445538797667e+02 0.000000000000000000e+00
8.594059405940594754e-03 0.000000000000000000e+00 6.949701965208103047e+02 1.136039719777671778e-11 4.577038149802870635e+02 7.222473313125008644e+03 4.456504560058712059e+02 0.000000000000000000e+00
8.732673267326733491e-03 0.000000000000000000e+00 6.922012567649827588e+02 1.134337259350583555e-11 4.576886537825699861e+02 7.118952570537579959e+03 4.459097718362690443e+02 0.000000000000000000e+00
8.871287128712872228e-03 0.000000000000000000e+00 6.829703195072070230e+02 1.131935377357863106e-11 4.575182637999860162e+02 6.996888491942563633e+03 4.473120429198553438e+02 0.000000000000000000e+00
9.009900990099010964e-03 0.000000000000000000e+00 6.500817160292056087e+02 1.076549467440199514e-11 4.518170622164759038e+02 6.597894276256814010e+03 0.000000000000000000e+00 3.168836228724230750e+03
9.148514851485149701e-03 0.000000000000000000e+00 6.501353838980995761e+02 1.069785978296916514e-11 4.518170519477023959e+02 6.677425076152341717e+03 0.000000000000000000e+00 3.168817025143462160e+03
9.287128712871288438e-03 0.000000000000000000e+00 6.503314210650108862e+02 1.031156934321646374e-11 4.518169604747226913e+02 6.804987897684402014e+03 0.000000000000000000e+00 3.168757762762259517e+03
9.425742574257427175e-03 0.000000000000000000e+00 6.509951710024191698e+02 9.628107132174599726e-12 4.518161485959549850e+02 6.982250835406089209e+03 0.000000000000000000e+00 3.168589801449621064e+03
9.564356435643565912e-03 0.000000000000000000e+00 6.531417248135136333e+02 8.739030982667837385e-12 4.518086860946467027e+02 7.213388062743284536e+03 0.000000000000000000e+00 3.168140609635587225e+03
9.702970297029704649e-03 0.000000000000000000e+00 6.601206017427724646e+02 7.656376707298663526e-12 4.517352193850063600e+02 7.508229751513847987e+03 0.000000000000000000e+00 3.166933606056799363e+03
9.841584158415843386e-03 0.000000000000000000e+00 6.843695377127968413e+02 6.346819050853757089e-12 4.509173515510645416e+02 7.892871715884710284e+03 0.000000000000000000e+00 3.163443122305472116e+03
9.980198019801982123e-03 0.000000000000000000e+00 7.371409066500978042e+02 4.816296006443343676e-12 4.479222767115792294e+02 8.329465552784080501e+03 0.000000000000000000e+00 3.156667301230283556e+03
1.011881188118811913e-02 0.000000000000000000e+00 8.445536619547118562e+02 5.432810166704087145e-12 4.780361629050916008e+02 9.403877960645084386e+03 0.000000000000000000e+00 0.000000000000000000e+00
1.025742574257425786e-02 0.000000000000000000e+00 8.442822387968626572e+02 5.607221970388844861e-12 4.780362229277901065e+02 9.300732059246438439e+03 0.000000000000000000e+00 0.000000000000000000e+00
1.039603960396039660e-02 0.000000000000000000e+00 8.434787449888244737e+02 6.035289945895037244e-12 4.780367714378415940e+02 9.153097681209730581e+03 0.000000000000000000e+00 0.000000000000000000e+00
1.053465346534653534e-02 0.000000000000000000e+00 8.412638208666363653e+02 6.725245527600453177e-12 4.780419214498146516e+02 8.959142036276236468e+03 0.000000000000000000e+00 0.000000000000000000e+00
1.067326732673267407e-02 0.000000000000000000e+00 8.352608379534038932e+02 7.758428386166683776e-12 4.780934389751995468e+02 8.714066281404746405e+03 0.000000000000000000e+00 0.000000000000000000e+00
1.081188118811881281e-02 0.000000000000000000e+00 8.182887364020234600e+02 9.307905359923337458e-12 4.786694636426412899e+02 8.407272108192795713e+03 0.000000000000000000e+00 0.000000000000000000e+00
1.095049504950495155e-02 0.000000000000000000e+00 7.778067198497029722e+02 1.173968875417768630e-11 4.821027139946284024e+02 8.035424870570636813e+03 0.000000000000000000e+00 0.000000000000000000e+00
1.108910891089109028e-02 0.000000000000000000e+00 6.950661390102603718e+02 1.132948701466604545e-11 4.577039351477253035e+02 7.352441102787544878e+03 4.456465070889494768e+02 0.000000000000000000e+00
1.122772277227722902e-02 0.000000000000000000e+00 6.925325742696419411e+02 1.108462083340568150e-11 4.576898885139294748e+02 7.352093309706796390e+03 4.458900226673428620e+02 0.000000000000000000e+00
1.136633663366336776e-02 0.000000000000000000e+00 6.841058785013786974e+02 1.045578649801347509e-11 4.575318647890401849e+02 7.368954879012296260e+03 4.472043505196413093e+02 0.000000000000000000e+00
1.150495049504950650e-02 0.000000000000000000e+00 6.519114142103387621e+02 9.143261257659105078e-12 4.518138756968526764e+02 7.107519469163760732e+03 0.000000000000000000e+00 3.168387677713789799e+03
1.164356435643564523e-02 0.000000000000000000e+00 6.560939644925178982e+02 8.146131366836308290e-12 4.517869636939137763e+02 7.375950808459100699e+03 0.000000000000000000e+00 3.167603252899639301e+03
1.178217821782178397e-02 0.000000000000000000e+00 6.700624401984138103e+02 6.936031810024720701e-12 4.515059799912765470e+02 7.727565868268545273e+03 0.000000000000000000e+00 3.165435755625488582e+03
1.192079207920792271e-02 0.000000000000000000e+00 7.162344414816897142e+02 5.442038859020369285e-12 4.491082418944834558e+02 8.205742865832004100e+03 0.000000000000000000e+00 3.159403529525640351e+03
1.205940594059406144e-02 0.000000000000000000e+00 8.446651480667711667e+02 5.407322256191485772e-12 4.780361556788260486e+02 9.525502750961031779e+03 0.000000000000000000e+00 0.000000000000000000e+00
1.219801980198019845e-02 0.000000000000000000e+00 8.446651480667711667e+02 5.407322256191485772e-12 4.780361556788260486e+02 9.525502750961031779e+03 0.000000000000000000e+00 0.000000000000000000e+00
1.233663366336633718e-02 0.000000000000000000e+00 8.446651480667711667e+02 5.407322256191485772e-12 4.780361556788260486e+02 9.525502750961031779e+03 0.000000000000000000e+00 0.000000000000000000e+00
1.247524752475247592e-02 0.000000000000000000e+00 8.446651480667711667e+02 5.407322256191485772e-12 4.780361556788260486e+02 9.525502750961031779e+03 0.000000000000000000e+00 0.000000000000000000e+00
1.261386138613861466e-02 0.000000000000000000e+00 8.446651480667711667e+02 5.407322256191485772e-12 4.780361556788260486e+02 9.525502750961031779e+03 0.000000000000000000e+00 0.000000000000000000e+00
1.275247524752475339e-02 0.000000000000000000e+00 8.446651480667711667e+02 5.407322256191485772e-12 4.780361556788260486e+02 9.525502750961031779e+03 0.000000000000000000e+00 0.000000000000000000e+00
1.289108910891089213e-02 0.000000000000000000e+00 8.446651480667711667e+02 5.407322256191485772e-12 4.780361556788260486e+02 9.525502750961031779e+03 0.000000000000000000e+00 0.000000000000000000e+00
1.302970297029703087e-02 0.000000000000000000e+00 8.446651480667711667e+02 5.407322256191485772e-12 4.780361556788260486e+02 9.525502750961031779e+03 0.000000000000000000e+00 0.000000000000000000e+00
1.316831683168316960e-02 0.000000000000000000e+00 8.446651480667711667e+02 5.407322256191486580e-12 4.780361556788260486e+02 9.525502750961031779e+03 0.000000000000000000e+00 0.000000000000000000e+00
1.330693069306930834e-02 0.000000000000000000e+00 8.446651480667711667e+02 5.407322256191487388e-12 4.780361556788260486e+02 9.525502750961031779e+03 0.000000000000000000e+00 0.000000000000000000e+00
1.344554455445544708e-02 0.000000000000000000e+00 8.446651480667711667e+02 5.407322256191484964e-12 4.780361556788260486e+02 9.525502750961031779e+03 0.000000000000000000e+00 0.000000000000000000e+00
1.358415841584158582e-02 0.000000000000000000e+00 8.446651480667711667e+02 5.407322256191488195e-12 4.780361556788260486e+02 9.525502750961031779e+03 0.000000000000000000e+00 0.000000000000000000e+00
1.372277227722772455e-02 0.000000000000000000e+00 8.446651480667711667e+02 5.407322256191487388e-12 4.780361556788260486e+02 9.525502750961031779e+03 0.000000000000000000e+00 0.000000000000000000e+00
1.386138613861386329e-02 0.000000000000000000e+00 0.000000000000000000e+00 0.000000000000000000e+00 0.000000000000000000e+00 0.000000000000000000e+00 0.000000000000000000e+00 0.000000000000000000e+00
