0.000000000000000000e+00 1.000000000000000000e+00 6.000000000000000000e+00 7.000000000000000000e+00 8.000000000000000000e+00 1.400000000000000000e+01 2.600000000000000000e+01 2.900000000000000000e+01
0.000000000000000000e+00 0.000000000000000000e+00 8.446651480667711667e+02 5.407322256191485772e-12 4.780361556788260486e+02 9.525502750961031779e+03 0.000000000000000000e+00 0.000000000000000000e+00
1.386138613861386286e-04 0.000000000000000000e+00 8.446651480667711667e+02 5.407322256191484964e-12 4.780361556788260486e+02 9.525502750961031779e+03 0.000000000000000000e+00 0.000000000000000000e+00
2.772277227722772571e-04 0.000000000000000000e+00 8.446651480667711667e+02 5.407322256191484964e-12 4.780361556788260486e+02 9.525502750961029960e+03 0.000000000000000000e+00 0.000000000000000000e+00
4.158415841584158857e-04 0.000000000000000000e+00 8.446651480667711667e+02 5.407322256191484964e-12 4.780361556788260486e+02 9.525502750961031779e+03 0.000000000000000000e+00 0.000000000000000000e+00
5.544554455445545142e-04 0.000000000000000000e+00 8.446651480667711667e+02 5.407322256191487388e-12 4.780361556788260486e+02 9.525502750961029960e+03 0.000000000000000000e+00 0.000000000000000000e+00
6.930693069306931428e-04 0.000000000000000000e+00 8.446651480667711667e+02 5.407322256191486580e-12 4.780361556788260486e+02 9.525502750961031779e+03 0.000000000000000000e+00 0.000000000000000000e+00
8.316831683168317713e-04 0.000000000000000000e+00 8.446651480667711667e+02 5.407322256191485772e-12 4.780361556788260486e+02 9.525502750961031779e+03 0.000000000000000000e+00 0.000000000000000000e+00
9.702970297029703999e-04 0.000000000000000000e+00 8.446651480667711667e+02 5.407322256191485772e-12 4.780361556788260486e+02 9.525502750961031779e+03 0.000000000000000000e+00 0.000000000000000000e+00
1.108910891089109028e-03 0.000000000000000000e+00 8.446651480667711667e+02 5.407322256191485772e-12 4.780361556788260486e+02 9.525502750961031779e+03 0.000000000000000000e+00 0.000000000000000000e+00
1.247524752475247765e-03 0.000000000000000000e+00 8.446651480667711667e+02 5.407322256191485772e-12 4.780361556788260486e+02 9.525502750961031779e+03 0.000000000000000000e+00 0.000000000000000000e+00
1.386138613861386286e-03 0.000000000000000000e+00 8.446651480667711667e+02 5.407322256191485772e-12 4.780361556788260486e+02 9.525502750961031779e+03 0.000000000000000000e+00 0.000000000000000000e+00
1.524752475247524806e-03 0.000000000000000000e+00 8.446651480667711667e+02 5.407322256191485772e-12 4.780361556788260486e+02 9.525502750961031779e+03 0.000000000000000000e+00 0.000000000000000000e+00
1.663366336633663543e-03 0.000000000000000000e+00 8.446651480667711667e+02 5.407322256191485772e-12 4.780361556788260486e+02 9.525502750961031779e+03 0.000000000000000000e+00 0.000000000000000000e+00
1.801980198019802280e-03 0.000000000000000000e+00 8.446651480667711667e+02 5.407322256191485772e-12 4.780361556788260486e+02 9.525502750961031779e+03 0.000000000000000000e+00 0.000000000000000000e+00
1.940594059405940800e-03 0.000000000000000000e+00 8.446651480667711667e+02 5.407322256191485772e-12 4.780361556788260486e+02 9.525502750961031779e+03 0.000000000000000000e+00 0.000000000000000000e+00
2.079207920792079320e-03 0.000000000000000000e+00 7.467481688422715251e+02 6.141000934090378399e-12 4.546009169358017630e+02 8.563844578593800179e+03 4.424250186930188988e+02 0.000000000000000000e+00
2.217821782178218057e-03 0.000000000000000000e+00 7.123913176265721177e+02 7.747654605897938970e-12 4.573457303430399179e+02 8.244218810306749219e+03 4.449964122857169855e+02 0.000000000000000000e+00
2.356435643564356794e-03 0.000000000000000000e+00 7.014264112647028924e+02 9.023634199930934451e-12 4.576703181663550595e+02 8.016803851650597608e+03 4.454791743795530579e+02 0.000000000000000000e+00
2.495049504950495531e-03 0.000000000000000000e+00 6.979523548893986344e+02 1.005014508599308406e-11 4.577017646476953132e+02 7.844205931698263157e+03 4.455625646519209795e+02 0.000000000000000000e+00
2.633663366336633834e-03 0.000000000000000000e+00 6.968149347011236614e+02 1.083936789621189416e-11 4.577051117559535669e+02 7.712994265249507407e+03 4.455779141237921408e+02 0.000000000000000000e+00
2.772277227722772571e-03 0.000000000000000000e+00 6.964506495894024738e+02 1.130085112361388289e-11 4.577054872516831097e+02 7.618787259650267515e+03 4.455807739351905070e+02 0.000000000000000000e+00
2.910891089108911308e-03 0.000000000000000000e+00 6.963417569502315700e+02 1.138116498971757388e-11 4.577055300061362573e+02 7.561216116956181395e+03 4.455812857741363473e+02 0.000000000000000000e+00
3.049504950495049611e-03 0.000000000000000000e+00 6.963118756788491055e+02 1.138837249255357119e-11 4.577055348252038129e+02 7.529740210335440679e+03 4.455813713582998048e+02 0.000000000000000000e+00
3.188118811881188348e-03 0.000000000000000000e+00 6.963049269971694457e+02 1.138893750364076550e-11 4.577055353260017796e+02 7.515089328073658180e+03 4.455813837660352306e+02 0.000000000000000000e+00
3.326732673267327085e-03 0.000000000000000000e+00 6.963038371292408328e+02 1.138897430362248537e-11 4.577055353657395358e+02 7.510390546108194940e+03 4.455813850411278736e+02 0.000000000000000000e+00
3.465346534653465822e-03 0.000000000000000000e+00 6.963037940050339785e+02 1.138897521428291013e-11 4.577055353668465045e+02 7.510047354397434901e+03 4.455813850829167677e+02 0.000000000000000000e+00
3.603960396039604559e-03 0.000000000000000000e+00 6.963037940050339785e+02 1.138897521428291013e-11 4.577055353668465045e+02 7.510047354397434901e+03 4.455813850829167677e+02 0.000000000000000000e+00
3.742574257425742863e-03 0.000000000000000000e+00 6.963037940050339785e+02 1.138897521428291013e-11 4.577055353668465045e+02 7.510047354397434901e+03 4.455813850829167677e+02 0.000000000000000000e+00
3.881188118811881600e-03 0.000000000000000000e+00 6.963037940050339785e+02 1.138897521428291013e-11 4.577055353668465045e+02 7.510047354397434901e+03 4.455813850829167677e+02 0.000000000000000000e+00
4.019801980198019903e-03 0.000000000000000000e+00 6.740263879492212027e+02 1.085680340071809121e-11 4.523040131008759204e+02 7.137297385999567268e+03 0.000000000000000000e+00 2.935818903071459317e+03
4.158415841584158640e-03 0.000000000000000000e+00 6.595750100552484128e+02 1.082641067601253016e-11 4.519289628291602412e+02 6.947264039426407180e+03 0.000000000000000000e+00 3.064503474741924947e+03
4.297029702970297377e-03 0.000000000000000000e+00 6.528689502259910569e+02 1.080688830152691042e-11 4.518272423496931083e+02 6.818953543567808083e+03 0.000000000000000000e+00 3.131631539988104578e+03
4.435643564356436114e-03 0.000000000000000000e+00 6.509303392681672449e+02 1.079270138249969303e-11 4.518181052679313439e+02 6.722370952535455217e+03 0.000000000000000000e+00 3.155184035620778559e+03
4.574257425742574851e-03 0.000000000000000000e+00 6.503297256934412189e+02 1.078249282282005359e-11 4.518171771821538982e+02 6.648183158940022622e+03 0.000000000000000000e+00 3.163956383906204337e+03
4.712871287128713588e-03 0.000000000000000000e+00 6.501421310340746231e+02 1.077595445928970487e-11 4.518170762313289970e+02 6.592689651869083718e+03 0.000000000000000000e+00 3.167212064565324454e+03
4.851485148514852325e-03 0.000000000000000000e+00 6.500861042157566771e+02 1.077389887093726498e-11 4.518170648638464968e+02 6.556035070419705335e+03 0.000000000000000000e+00 3.168349686426392054e+03
4.990099009900991062e-03 0.000000000000000000e+00 6.500705834875560640e+02 1.077369912894638412e-11 4.518170635888578204e+02 6.535191687440871647e+03 0.000000000000000000e+00 3.168714356830425459e+03
5.128712871287128931e-03 0.000000000000000000e+00 6.500667382465462651e+02 1.077368258435271880e-11 4.518170634509471597e+02 6.524652956283092863e+03 0.000000000000000000e+00 3.168818158517896791e+03
5.267326732673267668e-03 0.000000000000000000e+00 6.500660043897253217e+02 1.077368138765640477e-11 4.518170634382868229e+02 6.520486555823457820e+03 0.000000000000000000e+00 3.168840710817861236e+03
5.405940594059406405e-03 0.000000000000000000e+00 6.500659338028071943e+02 1.077368133186919069e-11 4.518170634375896952e+02 6.519732045185119205e+03 0.000000000000000000e+00 3.168843132014681942e+03
5.544554455445545142e-03 0.000000000000000000e+00 6.500659338028071943e+02 1.077368133186919069e-11 4.518170634375896952e+02 6.519732045185119205e+03 0.000000000000000000e+00 3.168843132014681942e+03
5.683168316831683879e-03 0.000000000000000000e+00 6.500659338028071943e+02 1.077368133186919069e-11 4.518170634375896952e+02 6.519732045185119205e+03 0.000000000000000000e+00 3.168843132014681942e+03
5.821782178217822616e-03 0.000000000000000000e+00 6.500659338028071943e+02 1.077368133186919069e-11 4.518170634375896952e+02 6.519732045185119205e+03 0.000000000000000000e+00 3.168843132014681942e+03
5.960396039603961353e-03 0.000000000000000000e+00 6.500659338028071943e+02 1.077368133186919069e-11 4.518170634375896952e+02 6.519732045185119205e+03 0.000000000000000000e+00 3.168843132014681942e+03
6.099009900990099223e-03 0.000000000000000000e+00 7.737037043691219651e+02 9.967036630723619681e-12 4.804103846456692395e+02 7.831433301582748754e+03 0.000000000000000000e+00 0.000000000000000000e+00
6.237623762376237960e-03 0.000000000000000000e+00 8.197789181686935081e+02 8.087598335529308269e-12 4.782620160743424549e+02 8.303038188664379049e+03 0.000000000000000000e+00 0.000000000000000000e+00
6.376237623762376697e-03 0.000000000000000000e+00 8.356401080426219323e+02 6.908699233376617939e-12 4.780577443742439527e+02 8.662327013151829306e+03 0.000000000000000000e+00 0.000000000000000000e+00
6.514851485148515434e-03 0.000000000000000000e+00 8.414059924365193410e+02 6.136588467946481612e-12 4.780383944536024501e+02 8.947656100199235880e+03 0.000000000000000000e+00 0.000000000000000000e+00
6.653465346534654171e-03 0.000000000000000000e+00 8.435484172562979666e+02 5.654948272552974036e-12 4.780363980980302472e+02 9.172228129248176629e+03 0.000000000000000000e+00 0.000000000000000000e+00
6.792079207920792908e-03 0.000000000000000000e+00 8.443149100187763452e+02 5.438104028964214136e-12 4.780361820667289408e+02 9.336113937454174447e+03 0.000000000000000000e+00 0.000000000000000000e+00
6.930693069306931645e-03 0.000000000000000000e+00 8.445674338620918888e+02 5.409862452312112320e-12 4.780361584769783576e+02 9.436632228744152599e+03 0.000000000000000000e+00 0.000000000000000000e+00
7.069306930693070382e-03 0.000000000000000000e+00 8.446432315360385701e+02 5.407500637783636612e-12 4.780361559435995673e+02 9.492059793273654577e+03 0.000000000000000000e+00 0.000000000000000000e+00
7.207920792079209119e-03 0.000000000000000000e+00 8.446620784544757043e+02 5.407332048450337822e-12 4.780361556965727345e+02 9.517607194326115859e+03 0.000000000000000000e+00 0.000000000000000000e+00
7.346534653465346988e-03 0.000000000000000000e+00 8.446650789769048515e+02 5.407322402369300737e-12 4.780361556790945201e+02 9.525163883000224814e+03 0.000000000000000000e+00 0.000000000000000000e+00
7.485148514851485725e-03 0.000000000000000000e+00 8.446651480667711667e+02 5.407322256191485772e-12 4.780361556788260486e+02 9.525502750961031779e+03 0.000000000000000000e+00 0.000000000000000000e+00
7.623762376237624462e-03 0.000000000000000000e+00 8.446651480667711667e+02 5.407322256191485772e-12 4.780361556788260486e+02 9.525502750961031779e+03 0.000000000000000000e+00 0.000000000000000000e+00
7.762376237623763199e-03 0.000000000000000000e+00 8.446651480667711667e+02 5.407322256191485772e-12 4.780361556788260486e+02 9.525502750961031779e+03 0.000000000000000000e+00 0.000000000000000000e+00
7.900990099009901069e-03 0.000000000000000000e+00 8.446651480667711667e+02 5.407322256191485772e-12 4.780361556788260486e+02 9.525502750961031779e+03 0.000000000000000000e+00 0.000000000000000000e+00
8.039603960396039806e-03 0.000000000000000000e+00 7.573283013711017020e+02 5.491342820830423174e-12 4.536621318113756729e+02 8.689125381227318940e+03 4.415881517452464777e+02 0.000000000000000000e+00
8.178217821782178543e-03 0.000000000000000000e+00 7.189511116800609898e+02 7.325039829110204682e-12 4.569703747413780661e+02 8.323478297057859891e+03 4.445854418577794718e+02 0.000000000000000000e+00
8.316831683168317280e-03 0.000000000000000000e+00 7.033991056111871103e+02 8.685131705981220570e-12 4.576366714061973084e+02 8.075493499492796218e+03 4.454129611604277557e+02 0.000000000000000000e+00
8.455445544554456017e-03 0.000000000000000000e+00 6.985908803799615043e+02 9.779066658701918978e-12 4.576983354687172323e+02 7.889042562607219224e+03 4.455507214914430278e+02 0.000000000000000000e+00
8.594059405940594754e-03 0.000000000000000000e+00 6.970236175878204676e+02 1.063990642182537613e-11 4.577047357046300817e+02 7.746746530269539107e+03 4.455757071314761220e+02 0.000000000000000000e+00
8.732673267326733491e-03 0.000000000000000000e+00 6.965157973224247598e+02 1.121897518357157828e-11 4.577054445012296924e+02 7.641808506293087703e+03 4.455803673222068255e+02 0.000000000000000000e+00
8.871287128712872228e-03 0.000000000000000000e+00 6.963606389566349435e+02 1.137304199145999360e-11 4.577055251331346994e+02 7.574493726315720778e+03 4.455812147152195735e+02 0.000000000000000000e+00
9.009900990099010964e-03 0.000000000000000000e+00 6.748342648714717598e+02 1.085818455222026332e-11 4.523287949857385115e+02 7.178214100515607242e+03 0.000000000000000000e+00 2.929240634533474349e+03
9.148514851485149701e-03 0.000000000000000000e+00 6.604771011198668020e+02 1.082803371251268557e-11 4.519495723770096447e+02 6.965527476468762870e+03 0.000000000000000000e+00 3.056231272348208677e+03
9.287128712871288438e-03 0.000000000000000000e+00 6.531164038448906695e+02 1.080809414989985240e-11 4.518290051098513231e+02 6.827790797070406370e+03 0.000000000000000000e+00 3.128866186883839418e+03
9.425742574257427175e-03 0.000000000000000000e+00 6.510055013986690255e+02 1.079356597519930541e-11 4.518182783363557746e+02 6.728444725574273434e+03 0.000000000000000000e+00 3.154169837668013315e+03
9.564356435643565912e-03 0.000000000000000000e+00 6.503533144842306228e+02 1.078310020346402084e-11 4.518171956351843619e+02 6.652827147264484665e+03 0.000000000000000000e+00 3.163575863138932164e+03
9.702970297029704649e-03 0.000000000000000000e+00 6.501493401675421637e+02 1.077627699405733100e-11 4.518170782978072566e+02 6.596042156124205576e+03 0.000000000000000000e+00 3.167075003288520293e+03
9.841584158415843386e-03 0.000000000000000000e+00 6.500882014415445838e+02 1.077394234434088562e-11 4.518170651029901137e+02 6.558067124158097613e+03 0.000000000000000000e+00 3.168303363003737104e+03
9.980198019801982123e-03 0.000000000000000000e+00 6.500711247856046384e+02 1.077370271739118679e-11 4.518170636143142929e+02 6.536282433325884085e+03 0.000000000000000000e+00 3.168700548111644821e+03
1.011881188118811913e-02 0.000000000000000000e+00 7.827989233245547211e+02 9.639400169762586805e-12 4.798638493940423473e+02 7.916282011116917602e+03 0.000000000000000000e+00 0.000000000000000000e+00
1.025742574257425786e-02 0.000000000000000000e+00 8.231559308411012807e+02 7.889244596199801248e-12 4.781959543971270818e+02 8.361001767161107637e+03 0.000000000000000000e+00 0.000000000000000000e+00
1.039603960396039660e-02 0.000000000000000000e+00 8.368449720046991160e+02 6.778207841091497472e-12 4.780516693339098424e+02 8.707108641022869051e+03 0.000000000000000000e+00 0.000000000000000000e+00
1.053465346534653534e-02 0.000000000000000000e+00 8.418556198528784762e+02 6.050776860798806134e-12 4.780377769551105871e+02 8.983337503150210978e+03 0.000000000000000000e+00 0.000000000000000000e+00
1.067326732673267407e-02 0.000000000000000000e+00 8.437130716587162169e+02 5.606638062093665014e-12 4.780363317514661503e+02 9.199477398187515064e+03 0.000000000000000000e+00 0.000000000000000000e+00
1.081188118811881281e-02 0.000000000000000000e+00 8.443706985178353079e+02 5.429217366660669464e-12 4.780361748255904217e+02 9.353869717688208766e+03 0.000000000000000000e+00 0.000000000000000000e+00
1.095049504950495155e-02 0.000000000000000000e+00 8.445847709533715033e+02 5.409052755509439531e-12 4.780361576921897608e+02 9.446990298317788984e+03 0.000000000000000000e+00 0.000000000000000000e+00
1.108910891089109028e-02 0.000000000000000000e+00 7.436747661096159163e+02 6.267173385451296754e-12 4.548831196969499047e+02 8.508880547386763283e+03 4.426731646746180786e+02 0.000000000000000000e+00
1.122772277227722902e-02 0.000000000000000000e+00 7.110890514759900043e+02 7.851500206790187447e-12 4.574052887480185632e+02 8.220100345969653063e+03 4.450688640937120226e+02 0.000000000000000000e+00
1.136633663366336776e-02 0.000000000000000000e+00 7.010255602824553307e+02 9.104548796173191197e-12 4.576758228471472307e+02 8.002749421365793751e+03 4.454912074256593542e+02 0.000000000000000000e+00
1.150495049504950650e-02 0.000000000000000000e+00 6.763198112219808991e+02 9.645277770693389761e-12 4.523280401343718609e+02 7.467561472810260057e+03 0.000000000000000000e+00 2.934508628587395378e+03
1.164356435643564523e-02 0.000000000000000000e+00 6.613932495443960988e+02 1.034826782751429731e-11 4.519608169089063949e+02 7.147029241051493955e+03 0.000000000000000000e+00 3.053736390962512814e+03
1.178217821782178397e-02 0.000000000000000000e+00 6.533654777744837929e+02 1.073815856851215825e-11 4.518299447897584287e+02 6.927104846921787612e+03 0.000000000000000000e+00 3.128027913127444663e+03
1.192079207920792271e-02 0.000000000000000000e+00 6.510742389982225404e+02 1.078785567151402620e-11 4.518183711905533073e+02 6.775788844848341796e+03 0.000000000000000000e+00 3.153812316297417965e+03
1.205940594059406144e-02 0.000000000000000000e+00 7.571942150750182918e+02 1.076669332047202821e-11 4.814376390738914893e+02 7.824496619824853042e+03 0.000000000000000000e+00 0.000000000000000000e+00
1.219801980198019845e-02 0.000000000000000000e+00 8.111743281005733479e+02 8.538273863524156567e-12 4.785063634715124863e+02 8.278820955201892502e+03 0.000000000000000000e+00 0.000000000000000000e+00
1.233663366336633718e-02 0.000000000000000000e+00 8.326361325802984084e+02 7.198338055902897658e-12 4.780791270800355619e+02 8.616308429345654076e+03 0.000000000000000000e+00 0.000000000000000000e+00
1.247524752475247592e-02 0.000000000000000000e+00 8.402932208001429899e+02 6.323799113167910446e-12 4.780405069102261564e+02 8.894150219371562343e+03 0.000000000000000000e+00 0.000000000000000000e+00
1.261386138613861466e-02 0.000000000000000000e+00 8.431364818971674140e+02 5.766021877267565373e-12 4.780366213022097099e+02 9.121348775467260566e+03 0.000000000000000000e+00 0.000000000000000000e+00
1.275247524752475339e-02 0.000000000000000000e+00 8.441720444580287221e+02 5.469026825242790795e-12 4.780362064898396852e+02 9.297591848551317526e+03 0.000000000000000000e+00 0.000000000000000000e+00
1.289108910891089213e-02 0.000000000000000000e+00 8.445216070399189903e+02 5.412538721870769228e-12 4.780361611545151277e+02 9.413398224752012538e+03 0.000000000000000000e+00 0.000000000000000000e+00
1.302970297029703087e-02 0.000000000000000000e+00 8.446303126868010622e+02 5.407710463305255531e-12 4.780361562211397768e+02 9.479829466194225461e+03 0.000000000000000000e+00 0.000000000000000000e+00
1.316831683168316960e-02 0.000000000000000000e+00 8.446592485099616852e+02 5.407345721523766945e-12 4.780361557215940707e+02 9.512634440223098863e+03 0.000000000000000000e+00 0.000000000000000000e+00
1.330693069306930834e-02 0.000000000000000000e+00 8.446647851618411096e+02 5.407322956082743429e-12 4.780361556803534313e+02 9.524234806374553955e+03 0.000000000000000000e+00 0.000000000000000000e+00
1.344554455445544708e-02 0.000000000000000000e+00 8.446651480667711667e+02 5.407322256191485772e-12 4.780361556788260486e+02 9.525502750961031779e+03 0.000000000000000000e+00 0.000000000000000000e+00
1.358415841584158582e-02 0.000000000000000000e+00 8.446651480667711667e+02 5.407322256191485772e-12 4.780361556788260486e+02 9.525502750961031779e+03 0.000000000000000000e+00 0.000000000000000000e+00
1.372277227722772455e-02 0.000000000000000000e+00 8.446651480667711667e+02 5.407322256191485772e-12 4.780361556788260486e+02 9.525502750961031779e+03 0.000000000000000000e+00 0.000000000000000000e+00
1.386138613861386329e-02 0.000000000000000000e+00 0.000000000000000000e+00 0.000000000000000000e+00 0.000000000000000000e+00 0.000000000000000000e+00 0.000000000000000000e+00 0.000000000000000000e+00
