0.000000000000000000e+00 1.000000000000000000e+00 6.000000000000000000e+00 7.000000000000000000e+00 8.000000000000000000e+00 1.400000000000000000e+01 2.600000000000000000e+01 2.900000000000000000e+01
0.000000000000000000e+00 0.000000000000000000e+00 8.446651480667711667e+02 5.407322256191485772e-12 4.780361556788260486e+02 9.525502750961031779e+03 0.000000000000000000e+00 0.000000000000000000e+00
2.745098039215686215e-04 0.000000000000000000e+00 8.446651480667711667e+02 5.407322256191485772e-12 4.780361556788260486e+02 9.525502750961031779e+03 0.000000000000000000e+00 0.000000000000000000e+00
5.490196078431372429e-04 0.000000000000000000e+00 8.446651480667711667e+02 5.407322256191489003e-12 4.780361556788260486e+02 9.525502750961029960e+03 0.000000000000000000e+00 0.000000000000000000e+00
8.235294117647058102e-04 0.000000000000000000e+00 8.446651480667711667e+02 5.407322256191486580e-12 4.780361556788260486e+02 9.525502750961029960e+03 0.000000000000000000e+00 0.000000000000000000e+00
1.098039215686274486e-03 0.000000000000000000e+00 8.446651480667711667e+02 5.407322256191485772e-12 4.780361556788260486e+02 9.525502750961031779e+03 0.000000000000000000e+00 0.000000000000000000e+00
1.372549019607843162e-03 0.000000000000000000e+00 8.446651480667711667e+02 5.407322256191485772e-12 4.780361556788260486e+02 9.525502750961031779e+03 0.000000000000000000e+00 0.000000000000000000e+00
1.647058823529411620e-03 0.000000000000000000e+00 8.446651480667711667e+02 5.407322256191485772e-12 4.780361556788260486e+02 9.525502750961031779e+03 0.000000000000000000e+00 0.000000000000000000e+00
1.921568627450980296e-03 0.000000000000000000e+00 8.446651480667711667e+02 5.407322256191485772e-12 4.780361556788260486e+02 9.525502750961031779e+03 0.000000000000000000e+00 0.000000000000000000e+00
2.196078431372548972e-03 0.000000000000000000e+00 7.157017151139176576e+02 7.512454874184308989e-12 4.571706663689839161e+02 8.286952451875515180e+03 4.447973892859975535e+02 0.000000000000000000e+00
2.470588235294117647e-03 0.000000000000000000e+00 6.983223700253023480e+02 9.884968320515841255e-12 4.576999027951983408e+02 7.871492227944238948e+03 4.455559320438627537e+02 0.000000000000000000e+00
2.745098039215686323e-03 0.000000000000000000e+00 6.964929472987389545e+02 1.125060811496099478e-11 4.577054606917926662e+02 7.634209976633744191e+03 4.455805161004149113e+02 0.000000000000000000e+00
3.019607843137254999e-03 0.000000000000000000e+00 6.963153858136687404e+02 1.138791745514216540e-11 4.577055344534884966e+02 7.534848523825309712e+03 4.455813634183462568e+02 0.000000000000000000e+00
3.294117647058823241e-03 0.000000000000000000e+00 6.963039239317751026e+02 1.138897244998843915e-11 4.577055353633791128e+02 7.510892648989147347e+03 4.455813849553476302e+02 0.000000000000000000e+00
3.568627450980391917e-03 0.000000000000000000e+00 6.963037940050339785e+02 1.138897521428291013e-11 4.577055353668465045e+02 7.510047354397434901e+03 4.455813850829167677e+02 0.000000000000000000e+00
3.843137254901960592e-03 0.000000000000000000e+00 6.963037940050339785e+02 1.138897521428291013e-11 4.577055353668465045e+02 7.510047354397434901e+03 4.455813850829167677e+02 0.000000000000000000e+00
4.117647058823529702e-03 0.000000000000000000e+00 6.637865967562122478e+02 1.083392531932537923e-11 4.520330931080034134e+02 6.993383195654000701e+03 0.000000000000000000e+00 3.026463591702361555e+03
4.392156862745097944e-03 0.000000000000000000e+00 6.513102430139259695e+02 1.079670322546161371e-11 4.518191125872334055e+02 6.749877866632319638e+03 0.000000000000000000e+00 3.150174510633593854e+03
4.666666666666666186e-03 0.000000000000000000e+00 6.501818014584728189e+02 1.077769112135621259e-11 4.518170892964778886e+02 6.609157019413059970e+03 0.000000000000000000e+00 3.166473958206921907e+03
4.941176470588235295e-03 0.000000000000000000e+00 6.500738713500218182e+02 1.077372525989100779e-11 4.518170637666756875e+02 6.541137944022881129e+03 0.000000000000000000e+00 3.168632237827611789e+03
5.215686274509803537e-03 0.000000000000000000e+00 6.500661273329245660e+02 1.077368153062999831e-11 4.518170634397899335e+02 6.521496658229723835e+03 0.000000000000000000e+00 3.168836702234241329e+03
5.490196078431372646e-03 0.000000000000000000e+00 6.500659338028071943e+02 1.077368133186919069e-11 4.518170634375896952e+02 6.519732045185119205e+03 0.000000000000000000e+00 3.168843132014681942e+03
5.764705882352940888e-03 0.000000000000000000e+00 6.500659338028071943e+02 1.077368133186919069e-11 4.518170634375896952e+02 6.519732045185119205e+03 0.000000000000000000e+00 3.168843132014681942e+03
6.039215686274509998e-03 0.000000000000000000e+00 7.493060671341924035e+02 1.124475023985887420e-11 4.818686190352463541e+02 7.555154979647895743e+03 0.000000000000000000e+00 0.000000000000000000e+00
6.313725490196078240e-03 0.000000000000000000e+00 8.303943720584902621e+02 7.379797231849853301e-12 4.780996831054892482e+02 8.510084343837426786e+03 0.000000000000000000e+00 0.000000000000000000e+00
6.588235294117646482e-03 0.000000000000000000e+00 8.427949604550645972e+02 5.848408134788155663e-12 4.780368611945384032e+02 9.073690349962380424e+03 0.000000000000000000e+00 0.000000000000000000e+00
6.862745098039215591e-03 0.000000000000000000e+00 8.444781291783392589e+02 5.416139467508894936e-12 4.780361643812734087e+02 9.394179882095097128e+03 0.000000000000000000e+00 0.000000000000000000e+00
7.137254901960783833e-03 0.000000000000000000e+00 8.446558801422618217e+02 5.407367237987719736e-12 4.780361557575178040e+02 9.507533649176917606e+03 0.000000000000000000e+00 0.000000000000000000e+00
7.411764705882352942e-03 0.000000000000000000e+00 8.446651480667711667e+02 5.407322256191485772e-12 4.780361556788260486e+02 9.525502750961031779e+03 0.000000000000000000e+00 0.000000000000000000e+00
7.686274509803921184e-03 0.000000000000000000e+00 8.446651480667711667e+02 5.407322256191485772e-12 4.780361556788260486e+02 9.525502750961031779e+03 0.000000000000000000e+00 0.000000000000000000e+00
7.960784313725490294e-03 0.000000000000000000e+00 8.446651480667711667e+02 5.407322256191485772e-12 4.780361556788260486e+02 9.525502750961031779e+03 0.000000000000000000e+00 0.000000000000000000e+00
8.235294117647059403e-03 0.000000000000000000e+00 7.101762599849812432e+02 7.926545926801784415e-12 4.574434872153806282e+02 8.211414309203575613e+03 4.451173940402819653e+02 0.000000000000000000e+00
8.509803921568626778e-03 0.000000000000000000e+00 6.977616008876224214e+02 1.014519378613687590e-11 4.577025815438978498e+02 7.828402193083064958e+03 4.455657132647675098e+02 0.000000000000000000e+00
8.784313725490195887e-03 0.000000000000000000e+00 6.964349180900916281e+02 1.131758311080713581e-11 4.577054957699535294e+02 7.612466771663769578e+03 4.455808625342182268e+02 0.000000000000000000e+00
9.058823529411764996e-03 0.000000000000000000e+00 6.704137939552826992e+02 1.084610789573391183e-11 4.522112822040303968e+02 7.093558626925349927e+03 0.000000000000000000e+00 2.968107841279000695e+03
9.333333333333332371e-03 0.000000000000000000e+00 6.521202466832318123e+02 1.080277230954320710e-11 4.518226254198552851e+02 6.791388014317149100e+03 0.000000000000000000e+00 3.140249190944581187e+03
9.607843137254901481e-03 0.000000000000000000e+00 6.502622197410396438e+02 1.078055976201605423e-11 4.518171303224998496e+02 6.633042992184979084e+03 0.000000000000000000e+00 3.165071799114272835e+03
9.882352941176470590e-03 0.000000000000000000e+00 6.500806967293021899e+02 1.077380766033963444e-11 4.518170643114693235e+02 6.550247829083014039e+03 0.000000000000000000e+00 3.168471528891536764e+03
1.015686274509803970e-02 0.000000000000000000e+00 7.984835845280599642e+02 9.057200078043941312e-12 4.790167512691165825e+02 8.049717320439542164e+03 0.000000000000000000e+00 0.000000000000000000e+00
1.043137254901960707e-02 0.000000000000000000e+00 8.386086923851261190e+02 6.561179984250906560e-12 4.780450617225378664e+02 8.783277904910508369e+03 0.000000000000000000e+00 0.000000000000000000e+00
1.070588235294117618e-02 0.000000000000000000e+00 8.439345823445388532e+02 5.538855378887740240e-12 4.780362624610475564e+02 9.241793824695894727e+03 0.000000000000000000e+00 0.000000000000000000e+00
1.098039215686274529e-02 0.000000000000000000e+00 8.446057609909796611e+02 5.408310282374720836e-12 4.780361569253471430e+02 9.460881282033968091e+03 0.000000000000000000e+00 0.000000000000000000e+00
1.125490196078431267e-02 0.000000000000000000e+00 7.080884730377740652e+02 8.113230354810150939e-12 4.575188660232295206e+02 8.172989454556925921e+03 4.452201697376315224e+02 0.000000000000000000e+00
1.152941176470588178e-02 0.000000000000000000e+00 6.743276397019315027e+02 9.786570356977016608e-12 4.522798173339930941e+02 7.405799516434855832e+03 0.000000000000000000e+00 2.948228272016729534e+03
1.180392156862745089e-02 0.000000000000000000e+00 6.528033838453774251e+02 1.075710128637897419e-11 4.518261267559230419e+02 6.899558946103703420e+03 0.000000000000000000e+00 3.133962677670651374e+03
1.207843137254902000e-02 0.000000000000000000e+00 7.647748494755854836e+02 1.034425353613943339e-11 4.809824156318122164e+02 7.903041026539345694e+03 0.000000000000000000e+00 0.000000000000000000e+00
1.235294117647058737e-02 0.000000000000000000e+00 8.339915324430388637e+02 7.074281613579528603e-12 4.780685273094632635e+02 8.651993016767915833e+03 0.000000000000000000e+00 0.000000000000000000e+00
1.262745098039215648e-02 0.000000000000000000e+00 8.432923551226786003e+02 5.725416721175934921e-12 4.780365278058572471e+02 9.141049205065561182e+03 0.000000000000000000e+00 0.000000000000000000e+00
1.290196078431372559e-02 0.000000000000000000e+00 8.445359666955913553e+02 5.411650491570628240e-12 4.780361602228360312e+02 9.420110201534129374e+03 0.000000000000000000e+00 0.000000000000000000e+00
1.317647058823529296e-02 0.000000000000000000e+00 8.446599604488430941e+02 5.407341955729499001e-12 4.780361557146866858e+02 9.513770437652805413e+03 0.000000000000000000e+00 0.000000000000000000e+00
1.345098039215686207e-02 0.000000000000000000e+00 8.446651480667711667e+02 5.407322256191485772e-12 4.780361556788260486e+02 9.525502750961031779e+03 0.000000000000000000e+00 0.000000000000000000e+00
1.372549019607843118e-02 0.000000000000000000e+00 0.000000000000000000e+00 0.000000000000000000e+00 0.000000000000000000e+00 0.000000000000000000e+00 0.000000000000000000e+00 0.000000000000000000e+00
