0.000000000000000000e+00 1.000000000000000000e+00 6.000000000000000000e+00 7.000000000000000000e+00 8.000000000000000000e+00 1.400000000000000000e+01 2.600000000000000000e+01 2.900000000000000000e+01
0.000000000000000000e+00 0.000000000000000000e+00 8.446651480667711667e+02 5.407322256191485772e-12 4.780361556788260486e+02 9.525502750961031779e+03 0.000000000000000000e+00 0.000000000000000000e+00
2.745098039215686215e-04 0.000000000000000000e+00 8.446651480667711667e+02 5.407322256191485772e-12 4.780361556788260486e+02 9.525502750961031779e+03 0.000000000000000000e+00 0.000000000000000000e+00
5.490196078431372429e-04 0.000000000000000000e+00 8.446651480667711667e+02 5.407322256191485772e-12 4.780361556788260486e+02 9.525502750961031779e+03 0.000000000000000000e+00 0.000000000000000000e+00
8.235294117647058102e-04 0.000000000000000000e+00 8.446615255441566887e+02 5.407342157898495929e-12 4.780361557191045563e+02 9.518093202172974998e+03 0.000000000000000000e+00 0.000000000000000000e+00
1.098039215686274486e-03 0.000000000000000000e+00 8.445736965972704411e+02 5.411695515539938721e-12 4.780361607866195186e+02 9.458529445665746607e+03 0.000000000000000000e+00 0.000000000000000000e+00
1.372549019607843162e-03 0.000000000000000000e+00 8.436826879627930111e+02 5.728842703368911953e-12 4.780365740582939793e+02 9.275410722963018998e+03 0.000000000000000000e+00 0.000000000000000000e+00
1.647058823529411620e-03 0.000000000000000000e+00 8.369504259115586819e+02 7.094171809620361830e-12 4.780725525246603524e+02 8.932669328731144560e+03 0.000000000000000000e+00 0.000000000000000000e+00
1.921568627450980296e-03 0.000000000000000000e+00 7.865279405585524728e+02 1.040351824219612393e-11 4.813502746643004571e+02 8.358253001833098097e+03 0.000000000000000000e+00 0.000000000000000000e+00
2.196078431372548972e-03 0.000000000000000000e+00 6.963037940050339785e+02 1.138897521428291013e-11 4.577055353668465045e+02 7.510047354397434901e+03 4.455813850829167677e+02 0.000000000000000000e+00
2.470588235294117647e-03 0.000000000000000000e+00 6.963037940050339785e+02 1.138897521428291013e-11 4.577055353668465045e+02 7.510047354397434901e+03 4.455813850829167677e+02 0.000000000000000000e+00
2.745098039215686323e-03 0.000000000000000000e+00 6.963036498248904991e+02 1.138897513318477871e-11 4.577055353658328727e+02 7.508944982351976250e+03 4.455813863467261626e+02 0.000000000000000000e+00
3.019607843137254999e-03 0.000000000000000000e+00 6.962962370555275129e+02 1.138895268110598978e-11 4.577055351752275669e+02 7.491160790562031252e+03 4.455814869079197251e+02 0.000000000000000000e+00
3.294117647058823241e-03 0.000000000000000000e+00 6.961949948859090682e+02 1.138633417370996821e-11 4.577055201703994385e+02 7.425511469561682134e+03 4.455839634569495615e+02 0.000000000000000000e+00
3.568627450980391917e-03 0.000000000000000000e+00 6.952153207655208007e+02 1.136853942270878202e-11 4.577043692030462125e+02 7.284443822397150143e+03 4.456338874990642012e+02 0.000000000000000000e+00
3.843137254901960592e-03 0.000000000000000000e+00 6.858550343140893801e+02 1.133329122334299605e-11 4.575879451297088849e+02 7.050170498830861106e+03 4.468142693507857643e+02 0.000000000000000000e+00
4.117647058823529702e-03 0.000000000000000000e+00 6.500659338028071943e+02 1.077368133186919069e-11 4.518170634375896952e+02 6.519732045185119205e+03 0.000000000000000000e+00 3.168843132014681942e+03
4.392156862745097944e-03 0.000000000000000000e+00 6.500659338028071943e+02 1.077368133186919069e-11 4.518170634375896952e+02 6.519732045185119205e+03 0.000000000000000000e+00 3.168843132014681942e+03
4.666666666666666186e-03 0.000000000000000000e+00 6.500659637600573433e+02 1.077368069577872022e-11 4.518170634369061531e+02 6.520091785789792993e+03 0.000000000000000000e+00 3.168843113589829954e+03
4.941176470588235295e-03 0.000000000000000000e+00 6.500727792078797620e+02 1.077320687010073616e-11 4.518170630659254812e+02 6.544883052256525843e+03 0.000000000000000000e+00 3.168839908220499638e+03
5.215686274509803537e-03 0.000000000000000000e+00 6.502001626771689189e+02 1.070680795393903743e-11 4.518170306526781701e+02 6.662204882954407367e+03 0.000000000000000000e+00 3.168796308856066844e+03
5.490196078431372646e-03 0.000000000000000000e+00 6.516895570281559458e+02 9.607305657563138622e-12 4.518145695140225371e+02 6.968006956383303077e+03 0.000000000000000000e+00 3.168434768267261006e+03
5.764705882352940888e-03 0.000000000000000000e+00 6.671831045891432268e+02 7.523124105392838639e-12 4.515908924337292092e+02 7.520518236819579215e+03 0.000000000000000000e+00 3.165855308716196760e+03
6.039215686274509998e-03 0.000000000000000000e+00 8.446651480667711667e+02 5.407322256191485772e-12 4.780361556788260486e+02 9.525502750961031779e+03 0.000000000000000000e+00 0.000000000000000000e+00
6.313725490196078240e-03 0.000000000000000000e+00 8.446651480667711667e+02 5.407322256191485772e-12 4.780361556788260486e+02 9.525502750961031779e+03 0.000000000000000000e+00 0.000000000000000000e+00
6.588235294117646482e-03 0.000000000000000000e+00 8.446651480667711667e+02 5.407322256191485772e-12 4.780361556788260486e+02 9.525502750961031779e+03 0.000000000000000000e+00 0.000000000000000000e+00
6.862745098039215591e-03 0.000000000000000000e+00 8.446586617986976080e+02 5.407367701028155306e-12 4.780361557672276831e+02 9.514144263663834863e+03 0.000000000000000000e+00 0.000000000000000000e+00
7.137254901960783833e-03 0.000000000000000000e+00 8.445325579494449357e+02 5.416231366819517988e-12 4.780361654613606106e+02 9.441977041094114611e+03 0.000000000000000000e+00 0.000000000000000000e+00
7.411764705882352942e-03 0.000000000000000000e+00 8.433268573332571805e+02 5.853227852070219878e-12 4.780369489135715639e+02 9.236154970351923112e+03 0.000000000000000000e+00 0.000000000000000000e+00
7.686274509803921184e-03 0.000000000000000000e+00 8.343734008356078675e+02 7.403958994051496340e-12 4.781075841860547939e+02 8.868471778444212759e+03 0.000000000000000000e+00 0.000000000000000000e+00
7.960784313725490294e-03 0.000000000000000000e+00 7.754985512612361163e+02 1.132706647053702466e-11 4.823477419701202393e+02 8.220188694842927362e+03 0.000000000000000000e+00 0.000000000000000000e+00
8.235294117647059403e-03 0.000000000000000000e+00 6.962399677730559233e+02 1.138794407534346774e-11 4.577055293541135370e+02 7.445866205578918198e+03 4.455827096582469267e+02 0.000000000000000000e+00
8.509803921568626778e-03 0.000000000000000000e+00 6.956297762913452516e+02 1.137362350952478579e-11 4.577050844426969434e+02 7.321176256504707453e+03 4.456088291748964139e+02 0.000000000000000000e+00
8.784313725490195887e-03 0.000000000000000000e+00 6.900107826306907555e+02 1.134278148987437662e-11 4.576641470458770300e+02 7.116755361480682950e+03 4.461822113668741281e+02 0.000000000000000000e+00
9.058823529411764996e-03 0.000000000000000000e+00 6.500930296146542560e+02 1.076944976897378425e-11 4.518170607845108293e+02 6.578368116615316467e+03 0.000000000000000000e+00 3.168831883990579627e+03
9.333333333333332371e-03 0.000000000000000000e+00 6.504712498170136996e+02 1.039625671114559322e-11 4.518168554771616527e+02 6.767488595858645567e+03 0.000000000000000000e+00 3.168719559414937066e+03
9.607843137254901481e-03 0.000000000000000000e+00 6.545076324617440378e+02 8.821571238119688586e-12 4.518005974003787060e+02 7.167771929925970653e+03 0.000000000000000000e+00 3.167884846175651091e+03
9.882352941176470590e-03 0.000000000000000000e+00 6.996820877296498793e+02 6.279436187377508172e-12 4.500830803244152207e+02 7.871557870900417583e+03 0.000000000000000000e+00 3.161446769578378735e+03
1.015686274509803970e-02 0.000000000000000000e+00 8.445065701207555549e+02 5.419973259537753380e-12 4.780361689981722293e+02 9.432543332563393051e+03 0.000000000000000000e+00 0.000000000000000000e+00
1.043137254901960707e-02 0.000000000000000000e+00 8.431033098165823958e+02 5.924284451209727836e-12 4.780372351216281572e+02 9.203866273177749463e+03 0.000000000000000000e+00 0.000000000000000000e+00
1.070588235294117618e-02 0.000000000000000000e+00 8.327147181040871828e+02 7.571518171359457954e-12 4.781351903845113611e+02 8.774018151824015149e+03 0.000000000000000000e+00 0.000000000000000000e+00
1.098039215686274529e-02 0.000000000000000000e+00 7.698422881825088098e+02 1.183616580721419073e-11 4.827915025849770814e+02 8.026805703302219626e+03 0.000000000000000000e+00 0.000000000000000000e+00
1.125490196078431267e-02 0.000000000000000000e+00 6.916065612889474323e+02 1.121085541432286043e-11 4.576810632642115024e+02 7.325336137894691092e+03 4.460014740598073217e+02 0.000000000000000000e+00
1.152941176470588178e-02 0.000000000000000000e+00 6.523451237052356646e+02 9.363055990794832437e-12 4.518122918288065648e+02 7.029586840921360817e+03 0.000000000000000000e+00 3.168298227318661702e+03
1.180392156862745089e-02 0.000000000000000000e+00 6.744028164305925657e+02 7.133779912153101405e-12 4.513536669219541864e+02 7.630617609613192144e+03 0.000000000000000000e+00 3.164818891836311650e+03
1.207843137254902000e-02 0.000000000000000000e+00 8.446651480667711667e+02 5.407322256191485772e-12 4.780361556788260486e+02 9.525502750961031779e+03 0.000000000000000000e+00 0.000000000000000000e+00
1.235294117647058737e-02 0.000000000000000000e+00 8.446651480667711667e+02 5.407322256191485772e-12 4.780361556788260486e+02 9.525502750961031779e+03 0.000000000000000000e+00 0.000000000000000000e+00
1.262745098039215648e-02 0.000000000000000000e+00 8.446651480667711667e+02 5.407322256191485772e-12 4.780361556788260486e+02 9.525502750961031779e+03 0.000000000000000000e+00 0.000000000000000000e+00
1.290196078431372559e-02 0.000000000000000000e+00 8.446651480667711667e+02 5.407322256191485772e-12 4.780361556788260486e+02 9.525502750961031779e+03 0.000000000000000000e+00 0.000000000000000000e+00
1.317647058823529296e-02 0.000000000000000000e+00 8.446651480667711667e+02 5.407322256191486580e-12 4.780361556788260486e+02 9.525502750961031779e+03 0.000000000000000000e+00 0.000000000000000000e+00
1.345098039215686207e-02 0.000000000000000000e+00 8.446651480667711667e+02 5.407322256191485772e-12 4.780361556788260486e+02 9.525502750961031779e+03 0.000000000000000000e+00 0.000000000000000000e+00
1.372549019607843118e-02 0.000000000000000000e+00 0.000000000000000000e+00 0.000000000000000000e+00 0.000000000000000000e+00 0.000000000000000000e+00 0.000000000000000000e+00 0.000000000000000000e+00
