0.000000000000000000e+00 1.000000000000000000e+00 6.000000000000000000e+00 7.000000000000000000e+00 8.000000000000000000e+00 1.400000000000000000e+01 2.600000000000000000e+01 2.900000000000000000e+01
0.000000000000000000e+00 0.000000000000000000e+00 8.446471695902951069e+02 5.407322256191482541e-12 4.780438357673608607e+02 9.525502750961019046e+03 0.000000000000000000e+00 0.000000000000000000e+00
1.386138613861386286e-04 0.000000000000000000e+00 8.446471695902951069e+02 5.407322256191482541e-12 4.780438357673608607e+02 9.525502750961019046e+03 0.000000000000000000e+00 0.000000000000000000e+00
2.772277227722772571e-04 0.000000000000000000e+00 8.446471695902951069e+02 5.407322256191482541e-12 4.780438357673608607e+02 9.525502750961019046e+03 0.000000000000000000e+00 0.000000000000000000e+00
4.158415841584158857e-04 0.000000000000000000e+00 8.446471695902951069e+02 5.407322256191482541e-12 4.780438357673608607e+02 9.525502750961019046e+03 0.000000000000000000e+00 0.000000000000000000e+00
5.544554455445545142e-04 0.000000000000000000e+00 8.446471695902951069e+02 5.407322256191482541e-12 4.780438357673608607e+02 9.525502750961019046e+03 0.000000000000000000e+00 0.000000000000000000e+00
6.930693069306931428e-04 0.000000000000000000e+00 8.446470655747783667e+02 5.407325369017266271e-12 4.780438357678352190e+02 9.523083999706946997e+03 0.000000000000000000e+00 0.000000000000000000e+00
8.316831683168317713e-04 0.000000000000000000e+00 8.446446579339797154e+02 5.407384846311136259e-12 4.780438357888633618e+02 9.511974932277495100e+03 0.000000000000000000e+00 0.000000000000000000e+00
9.702970297029703999e-04 0.000000000000000000e+00 8.446300232210815011e+02 5.408181151151369922e-12 4.780438360824278448e+02 9.485727393096505693e+03 0.000000000000000000e+00 0.000000000000000000e+00
1.108910891089109028e-03 0.000000000000000000e+00 8.445709821062953324e+02 5.417465689620649027e-12 4.780438391446690503e+02 9.436085460672418776e+03 0.000000000000000000e+00 0.000000000000000000e+00
1.247524752475247765e-03 0.000000000000000000e+00 8.443722211162423719e+02 5.513140997643603404e-12 4.780438681398350695e+02 9.352001219058021888e+03 0.000000000000000000e+00 0.000000000000000000e+00
1.386138613861386286e-03 0.000000000000000000e+00 8.437630182504493632e+02 5.865018743857795473e-12 4.780441381708214408e+02 9.227477336388898038e+03 0.000000000000000000e+00 0.000000000000000000e+00
1.524752475247524806e-03 0.000000000000000000e+00 8.420470823846105759e+02 6.477412485797209314e-12 4.780466921069051409e+02 9.065418985146303385e+03 0.000000000000000000e+00 0.000000000000000000e+00
1.663366336633663543e-03 0.000000000000000000e+00 8.373604570761987134e+02 7.415726534015198714e-12 4.780722326454424547e+02 8.861522547582202606e+03 0.000000000000000000e+00 0.000000000000000000e+00
1.801980198019802280e-03 0.000000000000000000e+00 8.241312112693855170e+02 8.839753713202492722e-12 4.783553617773613951e+02 8.602569643041635572e+03 0.000000000000000000e+00 0.000000000000000000e+00
1.940594059405940800e-03 0.000000000000000000e+00 7.808711684414553247e+02 1.119424110392511700e-11 4.823085539164041506e+02 8.245109786482613345e+03 0.000000000000000000e+00 0.000000000000000000e+00
2.079207920792079320e-03 0.000000000000000000e+00 6.962911556499700509e+02 1.138897521428291336e-11 4.577125664473558118e+02 7.510047354397445815e+03 4.455825556514395203e+02 0.000000000000000000e+00
2.217821782178218057e-03 0.000000000000000000e+00 6.962911556499700509e+02 1.138897521428291336e-11 4.577125664473558118e+02 7.510047354397445815e+03 4.455825556514395203e+02 0.000000000000000000e+00
2.356435643564356794e-03 0.000000000000000000e+00 6.962911556499700509e+02 1.138897521428291336e-11 4.577125664473558118e+02 7.510047354397445815e+03 4.455825556514395203e+02 0.000000000000000000e+00
2.495049504950495531e-03 0.000000000000000000e+00 6.962911556499700509e+02 1.138897521428291336e-11 4.577125664473558118e+02 7.510047354397445815e+03 4.455825556514395203e+02 0.000000000000000000e+00
2.633663366336633834e-03 0.000000000000000000e+00 6.962911549923123857e+02 1.138897519902682389e-11 4.577125664473530833e+02 7.509735505449184529e+03 4.455825556561852636e+02 0.000000000000000000e+00
2.772277227722772571e-03 0.000000000000000000e+00 6.962910235803840351e+02 1.138897474558612710e-11 4.577125664465614818e+02 7.506705967372833584e+03 4.455825567536841731e+02 0.000000000000000000e+00
2.910891089108911308e-03 0.000000000000000000e+00 6.962897951432872787e+02 1.138896857385433433e-11 4.577125664322409762e+02 7.498021908859357609e+03 4.455825696626990862e+02 0.000000000000000000e+00
3.049504950495049611e-03 0.000000000000000000e+00 6.962837039518129814e+02 1.138889677352833364e-11 4.577125662755977373e+02 7.480145258710245798e+03 4.455826533944411381e+02 0.000000000000000000e+00
3.188118811881188348e-03 0.000000000000000000e+00 6.962600808825611693e+02 1.138816009442506911e-11 4.577125648120000392e+02 7.448445045282055617e+03 4.455830909061715488e+02 0.000000000000000000e+00
3.326732673267327085e-03 0.000000000000000000e+00 6.961781547652442441e+02 1.138362638023559360e-11 4.577125516902254390e+02 7.397640423493005983e+03 4.455851933237319713e+02 0.000000000000000000e+00
3.465346534653465822e-03 0.000000000000000000e+00 6.959159924831740227e+02 1.137495883974601868e-11 4.577124340832436360e+02 7.328380841380646416e+03 4.455948658749352944e+02 0.000000000000000000e+00
3.603960396039604559e-03 0.000000000000000000e+00 6.951153042027056017e+02 1.136257953686856713e-11 4.577113396493278970e+02 7.239963072862073204e+03 4.456392918838520814e+02 0.000000000000000000e+00
3.742574257425742863e-03 0.000000000000000000e+00 6.926329745551378210e+02 1.134581470215041997e-11 4.577003099238509094e+02 7.128017053236347238e+03 4.458549752875172771e+02 0.000000000000000000e+00
3.881188118811881600e-03 0.000000000000000000e+00 6.842106231240945817e+02 1.132250261858086577e-11 4.575710143865395025e+02 6.981260024892253568e+03 4.470469097319194134e+02 0.000000000000000000e+00
4.019801980198019903e-03 0.000000000000000000e+00 6.500550955566121729e+02 1.077368133186920523e-11 4.518240577139118841e+02 6.519732045185126481e+03 0.000000000000000000e+00 3.168774339877586954e+03
4.158415841584158640e-03 0.000000000000000000e+00 6.500550955566121729e+02 1.077368133186920523e-11 4.518240577139118841e+02 6.519732045185126481e+03 0.000000000000000000e+00 3.168774339877586954e+03
4.297029702970297377e-03 0.000000000000000000e+00 6.500550955566121729e+02 1.077368133186920523e-11 4.518240577139118841e+02 6.519732045185126481e+03 0.000000000000000000e+00 3.168774339877586954e+03
4.435643564356436114e-03 0.000000000000000000e+00 6.500550955566121729e+02 1.077368133186920523e-11 4.518240577139118841e+02 6.519732045185126481e+03 0.000000000000000000e+00 3.168774339877586954e+03
4.574257425742574851e-03 0.000000000000000000e+00 6.500550955566121729e+02 1.077368125051946065e-11 4.518240577139118841e+02 6.519785240100142801e+03 0.000000000000000000e+00 3.168774339877586954e+03
4.712871287128713588e-03 0.000000000000000000e+00 6.500551559675494673e+02 1.077366949904369580e-11 4.518240577128406699e+02 6.523260106434845511e+03 0.000000000000000000e+00 3.168774302352567702e+03
4.851485148514852325e-03 0.000000000000000000e+00 6.500562975380003081e+02 1.077348017152011453e-11 4.518240576790457226e+02 6.537242033840945624e+03 0.000000000000000000e+00 3.168773690236790571e+03
4.990099009900991062e-03 0.000000000000000000e+00 6.500636103639467365e+02 1.077114301534916122e-11 4.518240572509404274e+02 6.569762577837122990e+03 0.000000000000000000e+00 3.168770363536958484e+03
5.128712871287128931e-03 0.000000000000000000e+00 6.500963989651492057e+02 1.074595165469785194e-11 4.518240530293791153e+02 6.631637700666760793e+03 0.000000000000000000e+00 3.168757758582674796e+03
5.267326732673267668e-03 0.000000000000000000e+00 6.502218550231754080e+02 1.052358971652482683e-11 4.518240145073456802e+02 6.737780696963141054e+03 0.000000000000000000e+00 3.168717066871828592e+03
5.405940594059406405e-03 0.000000000000000000e+00 6.506633582030103753e+02 9.925881851463281663e-12 4.518236672538251923e+02 6.896167960191866769e+03 0.000000000000000000e+00 3.168596867044210740e+03
5.544554455445545142e-03 0.000000000000000000e+00 6.521212766552405355e+02 9.093832172563653283e-12 4.518204691754044688e+02 7.108308885767542961e+03 0.000000000000000000e+00 3.168268464661062808e+03
5.683168316831683879e-03 0.000000000000000000e+00 6.568846440650860359e+02 8.055188012909546284e-12 4.517891445530999022e+02 7.386081515419138668e+03 0.000000000000000000e+00 3.167384979382507026e+03
5.821782178217822616e-03 0.000000000000000000e+00 6.732629818520338176e+02 6.777672942626834152e-12 4.514460788044324318e+02 7.756753541989104633e+03 0.000000000000000000e+00 3.164876043519433097e+03
5.960396039603961353e-03 0.000000000000000000e+00 7.387313364203909032e+02 5.065017627804061903e-12 4.470094513580008311e+02 8.298400202509747032e+03 0.000000000000000000e+00 3.156526406582116124e+03
6.099009900990099223e-03 0.000000000000000000e+00 8.446471695902951069e+02 5.407322256191482541e-12 4.780438357673608607e+02 9.525502750961019046e+03 0.000000000000000000e+00 0.000000000000000000e+00
6.237623762376237960e-03 0.000000000000000000e+00 8.446471695902951069e+02 5.407322256191482541e-12 4.780438357673608607e+02 9.525502750961019046e+03 0.000000000000000000e+00 0.000000000000000000e+00
6.376237623762376697e-03 0.000000000000000000e+00 8.446471695902951069e+02 5.407322256191482541e-12 4.780438357673608607e+02 9.525502750961019046e+03 0.000000000000000000e+00 0.000000000000000000e+00
6.514851485148515434e-03 0.000000000000000000e+00 8.446471695902951069e+02 5.407322256191482541e-12 4.780438357673608607e+02 9.525502750961019046e+03 0.000000000000000000e+00 0.000000000000000000e+00
6.653465346534654171e-03 0.000000000000000000e+00 8.446471498917034069e+02 5.407323322044100703e-12 4.780438357674438521e+02 9.524396173383123823e+03 0.000000000000000000e+00 0.000000000000000000e+00
6.792079207920792908e-03 0.000000000000000000e+00 8.446459255600060487e+02 5.407350680346963700e-12 4.780438357761755128e+02 9.516415111843287377e+03 0.000000000000000000e+00 0.000000000000000000e+00
6.930693069306931645e-03 0.000000000000000000e+00 8.446366650700850869e+02 5.407739311852176767e-12 4.780438359211780153e+02 9.495182860393098963e+03 0.000000000000000000e+00 0.000000000000000000e+00
7.069306930693070382e-03 0.000000000000000000e+00 8.445960663179407675e+02 5.412454515420474450e-12 4.780438375130243003e+02 9.453191445970342102e+03 0.000000000000000000e+00 0.000000000000000000e+00
7.207920792079209119e-03 0.000000000000000000e+00 8.444539005391809496e+02 5.462422133596232660e-12 4.780438528442285246e+02 9.380370868990155941e+03 0.000000000000000000e+00 0.000000000000000000e+00
7.346534653465346988e-03 0.000000000000000000e+00 8.440072887570953526e+02 5.739231968149531193e-12 4.780439958701417140e+02 9.266939616055709848e+03 0.000000000000000000e+00 0.000000000000000000e+00
7.485148514851485725e-03 0.000000000000000000e+00 8.427230800289081571e+02 6.273105571494057967e-12 4.780453363089048366e+02 9.115808963322871932e+03 0.000000000000000000e+00 0.000000000000000000e+00
7.623762376237624462e-03 0.000000000000000000e+00 8.392081139285024847e+02 7.105961470144513811e-12 4.780584757214429601e+02 8.924612908530385539e+03 0.000000000000000000e+00 0.000000000000000000e+00
7.762376237623763199e-03 0.000000000000000000e+00 8.294454308399543834e+02 8.363049563532754123e-12 4.781991331771671980e+02 8.681014205924524504e+03 0.000000000000000000e+00 0.000000000000000000e+00
7.900990099009901069e-03 0.000000000000000000e+00 7.995027860679222158e+02 1.035349817017728421e-11 4.799961843931377530e+02 8.354987045748144737e+03 0.000000000000000000e+00 0.000000000000000000e+00
8.039603960396039806e-03 0.000000000000000000e+00 6.962844891317499787e+02 1.138890935410032078e-11 4.577125663021886908e+02 7.481811733879350868e+03 4.455826414908266884e+02 0.000000000000000000e+00
8.178217821782178543e-03 0.000000000000000000e+00 6.962629295709717780e+02 1.138829017751973092e-11 4.577125650507201726e+02 7.451307030434926673e+03 4.455830319954463903e+02 0.000000000000000000e+00
8.316831683168317280e-03 0.000000000000000000e+00 6.961877450192882861e+02 1.138411097050912115e-11 4.577125538168773460e+02 7.401911492722945695e+03 4.455849153957399835e+02 0.000000000000000000e+00
8.455445544554456017e-03 0.000000000000000000e+00 6.959459327362059184e+02 1.137570482512024496e-11 4.577124532932499505e+02 7.333938718739958858e+03 4.455935965661140585e+02 0.000000000000000000e+00
8.594059405940594754e-03 0.000000000000000000e+00 6.952064719615209469e+02 1.136359045909874269e-11 4.577115219760964919e+02 7.247170636787814146e+03 4.456333918577925601e+02 0.000000000000000000e+00
8.732673267326733491e-03 0.000000000000000000e+00 6.929208282033943078e+02 1.134714216075210849e-11 4.577022021393491968e+02 7.141996658975331229e+03 4.458255039664867923e+02 0.000000000000000000e+00
8.871287128712872228e-03 0.000000000000000000e+00 6.852487666438664746e+02 1.132414622104817311e-11 4.575945813284347992e+02 7.015337441833211415e+03 4.468729401131769237e+02 0.000000000000000000e+00
9.009900990099010964e-03 0.000000000000000000e+00 6.500659517804327834e+02 1.077012638939604115e-11 4.518240570614697162e+02 6.576496829702093237e+03 0.000000000000000000e+00 3.168769377022227218e+03
9.148514851485149701e-03 0.000000000000000000e+00 6.501059361594833490e+02 1.073560296514409667e-11 4.518240512518676724e+02 6.643602426750947416e+03 0.000000000000000000e+00 3.168754375141227683e+03
9.287128712871288438e-03 0.000000000000000000e+00 6.502569200637833546e+02 1.045552585912739119e-11 4.518239983580941157e+02 6.757306044426577500e+03 0.000000000000000000e+00 3.168706578854384134e+03
9.425742574257427175e-03 0.000000000000000000e+00 6.507821013037188322e+02 9.820187824820155202e-12 4.518235218430567670e+02 6.922972423811285807e+03 0.000000000000000000e+00 3.168567318916248496e+03
9.564356435643565912e-03 0.000000000000000000e+00 6.525076816350963327e+02 8.958371734895309749e-12 4.518191038817866456e+02 7.143452945000506588e+03 0.000000000000000000e+00 3.168189268229736626e+03
9.702970297029704649e-03 0.000000000000000000e+00 6.581636562813657747e+02 7.886320115553105394e-12 4.517752980394733413e+02 7.429869985232327963e+03 0.000000000000000000e+00 3.167168321627626028e+03
9.841584158415843386e-03 0.000000000000000000e+00 6.778986374358179319e+02 6.576011972945517513e-12 4.512833595724674751e+02 7.807178608272622114e+03 0.000000000000000000e+00 3.164216209403497487e+03
9.980198019801982123e-03 0.000000000000000000e+00 7.517059011905745365e+02 4.857238041209662395e-12 4.459227707143580801e+02 8.328396350634819100e+03 0.000000000000000000e+00 3.154884165350005333e+03
1.011881188118811913e-02 0.000000000000000000e+00 8.445632951768259318e+02 5.419466486552358910e-12 4.780438397375160093e+02 9.431138392883851338e+03 0.000000000000000000e+00 0.000000000000000000e+00
1.025742574257425786e-02 0.000000000000000000e+00 8.443470225352789384e+02 5.530224860552670846e-12 4.780438737991964331e+02 9.341024080492103167e+03 0.000000000000000000e+00 0.000000000000000000e+00
1.039603960396039660e-02 0.000000000000000000e+00 8.436877496871436506e+02 5.899898272704747220e-12 4.780441904103329307e+02 9.204537066992701511e+03 0.000000000000000000e+00 0.000000000000000000e+00
1.053465346534653534e-02 0.000000000000000000e+00 8.418360742765728446e+02 6.532179900229534223e-12 4.780471907930961493e+02 9.020725632849753310e+03 0.000000000000000000e+00 0.000000000000000000e+00
1.067326732673267407e-02 0.000000000000000000e+00 8.367696978250600068e+02 7.497146591351559189e-12 4.780773901120234655e+02 8.782537687884603656e+03 0.000000000000000000e+00 0.000000000000000000e+00
1.081188118811881281e-02 0.000000000000000000e+00 8.223923706397885098e+02 8.961598908259674151e-12 4.784152942284281380e+02 8.478513024242862230e+03 0.000000000000000000e+00 0.000000000000000000e+00
1.095049504950495155e-02 0.000000000000000000e+00 7.749337848350969580e+02 1.142491555531300855e-11 4.831104538327580258e+02 8.072760131705367712e+03 0.000000000000000000e+00 0.000000000000000000e+00
1.108910891089109028e-02 0.000000000000000000e+00 6.952816392503256111e+02 1.134927163406804693e-11 4.577115988119083454e+02 7.348337717492297998e+03 4.456304477263182662e+02 0.000000000000000000e+00
1.122772277227722902e-02 0.000000000000000000e+00 6.931855072665441639e+02 1.120083294474553078e-11 4.577030016352463804e+02 7.336398474111299038e+03 4.458106657912872492e+02 0.000000000000000000e+00
1.136633663366336776e-02 0.000000000000000000e+00 6.861874115339977607e+02 1.064351584355643135e-11 4.576044488999949067e+02 7.343931672751229598e+03 4.467876453087598634e+02 0.000000000000000000e+00
1.150495049504950650e-02 0.000000000000000000e+00 6.515195721901983461e+02 9.353069333202816379e-12 4.518221572083942874e+02 7.041637081992254934e+03 0.000000000000000000e+00 3.168396925002873559e+03
1.164356435643564523e-02 0.000000000000000000e+00 6.549093424571620972e+02 8.370126593979801773e-12 4.518059370704147000e+02 7.298815606317932179e+03 0.000000000000000000e+00 3.167732394463391756e+03
1.178217821782178397e-02 0.000000000000000000e+00 6.663072172983572727e+02 7.165031174915851020e-12 4.516351181227606162e+02 7.638444521485085716e+03 0.000000000000000000e+00 3.165889380094455646e+03
1.192079207920792271e-02 0.000000000000000000e+00 7.100559055800168835e+02 5.664708281387588267e-12 4.494272841003227654e+02 8.118828737779609583e+03 0.000000000000000000e+00 3.160030928264042814e+03
1.205940594059406144e-02 0.000000000000000000e+00 8.446471695902951069e+02 5.407322256191482541e-12 4.780438357673608607e+02 9.525502750961019046e+03 0.000000000000000000e+00 0.000000000000000000e+00
1.219801980198019845e-02 0.000000000000000000e+00 8.446471695902951069e+02 5.407322256191482541e-12 4.780438357673608607e+02 9.525502750961019046e+03 0.000000000000000000e+00 0.000000000000000000e+00
1.233663366336633718e-02 0.000000000000000000e+00 8.446471695902951069e+02 5.407322256191482541e-12 4.780438357673608607e+02 9.525502750961019046e+03 0.000000000000000000e+00 0.000000000000000000e+00
1.247524752475247592e-02 0.000000000000000000e+00 8.446471695902951069e+02 5.407322256191482541e-12 4.780438357673608607e+02 9.525502750961019046e+03 0.000000000000000000e+00 0.000000000000000000e+00
1.261386138613861466e-02 0.000000000000000000e+00 8.446471695902951069e+02 5.407322256191482541e-12 4.780438357673608607e+02 9.525502750961019046e+03 0.000000000000000000e+00 0.000000000000000000e+00
1.275247524752475339e-02 0.000000000000000000e+00 8.446471695902951069e+02 5.407322256191482541e-12 4.780438357673608607e+02 9.525502750961019046e+03 0.000000000000000000e+00 0.000000000000000000e+00
1.289108910891089213e-02 0.000000000000000000e+00 8.446471695902951069e+02 5.407322256191482541e-12 4.780438357673608607e+02 9.525502750961017227e+03 0.000000000000000000e+00 0.000000000000000000e+00
1.302970297029703087e-02 0.000000000000000000e+00 8.446471695902951069e+02 5.407322256191482541e-12 4.780438357673608607e+02 9.525502750961017227e+03 0.000000000000000000e+00 0.000000000000000000e+00
1.316831683168316960e-02 0.000000000000000000e+00 8.446471695902951069e+02 5.407322256191484156e-12 4.780438357673608607e+02 9.525502750961015408e+03 0.000000000000000000e+00 0.000000000000000000e+00
1.330693069306930834e-02 0.000000000000000000e+00 8.446471695902951069e+02 5.407322256191483349e-12 4.780438357673608607e+02 9.525502750961013589e+03 0.000000000000000000e+00 0.000000000000000000e+00
1.344554455445544708e-02 0.000000000000000000e+00 8.446471695902951069e+02 5.407322256191486580e-12 4.780438357673608607e+02 9.525502750961011770e+03 0.000000000000000000e+00 0.000000000000000000e+00
1.358415841584158582e-02 0.000000000000000000e+00 8.446471695902951069e+02 5.407322256191480117e-12 4.780438357673608607e+02 9.525502750961013589e+03 0.000000000000000000e+00 0.000000000000000000e+00
1.372277227722772455e-02 0.000000000000000000e+00 8.446471695902951069e+02 5.407322256191487388e-12 4.780438357673608607e+02 9.525502750961011770e+03 0.000000000000000000e+00 0.000000000000000000e+00
1.386138613861386329e-02 0.000000000000000000e+00 0.000000000000000000e+00 0.000000000000000000e+00 0.000000000000000000e+00 0.000000000000000000e+00 0.000000000000000000e+00 0.000000000000000000e+00
