0.000000000000000000e+00 1.000000000000000000e+00 6.000000000000000000e+00 7.000000000000000000e+00 8.000000000000000000e+00 1.400000000000000000e+01 2.600000000000000000e+01 2.900000000000000000e+01
0.000000000000000000e+00 0.000000000000000000e+00 8.446471695902951069e+02 5.407322256191482541e-12 4.780438357673608607e+02 9.525502750961019046e+03 0.000000000000000000e+00 0.000000000000000000e+00
1.386138613861386286e-04 0.000000000000000000e+00 8.446471695902951069e+02 5.407322256191482541e-12 4.780438357673608607e+02 9.525502750961019046e+03 0.000000000000000000e+00 0.000000000000000000e+00
2.772277227722772571e-04 0.000000000000000000e+00 8.446471695902951069e+02 5.407322256191482541e-12 4.780438357673608607e+02 9.525502750961019046e+03 0.000000000000000000e+00 0.000000000000000000e+00
4.158415841584158857e-04 0.000000000000000000e+00 8.446471695902951069e+02 5.407322256191482541e-12 4.780438357673608607e+02 9.525502750961019046e+03 0.000000000000000000e+00 0.000000000000000000e+00
5.544554455445545142e-04 0.000000000000000000e+00 8.446471695902951069e+02 5.407322256191482541e-12 4.780438357673608607e+02 9.525502750961019046e+03 0.000000000000000000e+00 0.000000000000000000e+00
6.930693069306931428e-04 0.000000000000000000e+00 8.446470655747783667e+02 5.407322963151388697e-12 4.780438357678352190e+02 9.524704347265509568e+03 0.000000000000000000e+00 0.000000000000000000e+00
8.316831683168317713e-04 0.000000000000000000e+00 8.446446579339797154e+02 5.407345962499433402e-12 4.780438357888633618e+02 9.517374198687770331e+03 0.000000000000000000e+00 0.000000000000000000e+00
9.702970297029703999e-04 0.000000000000000000e+00 8.446300232210815011e+02 5.407714480811125098e-12 4.780438360824278448e+02 9.496562564169757025e+03 0.000000000000000000e+00 0.000000000000000000e+00
1.108910891089109028e-03 0.000000000000000000e+00 8.445709821062953324e+02 5.412593046403365186e-12 4.780438391446690503e+02 9.454246056369351209e+03 0.000000000000000000e+00 0.000000000000000000e+00
1.247524752475247765e-03 0.000000000000000000e+00 8.443722211162423719e+02 5.469673650267637098e-12 4.780438681398350695e+02 9.379330370291772851e+03 0.000000000000000000e+00 0.000000000000000000e+00
1.386138613861386286e-03 0.000000000000000000e+00 8.437630182504493632e+02 5.769903329910988041e-12 4.780441381708214408e+02 9.262134004452864247e+03 0.000000000000000000e+00 0.000000000000000000e+00
1.524752475247524806e-03 0.000000000000000000e+00 8.420470823846105759e+02 6.334251823083107722e-12 4.780466921069051409e+02 9.105729538215486173e+03 0.000000000000000000e+00 0.000000000000000000e+00
1.663366336633663543e-03 0.000000000000000000e+00 8.373604570761987134e+02 7.219810554147842276e-12 4.780722326454424547e+02 8.906567468135972376e+03 0.000000000000000000e+00 0.000000000000000000e+00
1.801980198019802280e-03 0.000000000000000000e+00 8.241312112693855170e+02 8.576153708427720462e-12 4.783553617773613951e+02 8.651698241822672571e+03 0.000000000000000000e+00 0.000000000000000000e+00
1.940594059405940800e-03 0.000000000000000000e+00 7.808711684414553247e+02 1.083123206748448825e-11 4.823085539164041506e+02 8.297432183985971278e+03 0.000000000000000000e+00 0.000000000000000000e+00
2.079207920792079320e-03 0.000000000000000000e+00 6.962911556499700509e+02 1.138897521428291336e-11 4.577125664473558118e+02 7.510047354397445815e+03 4.455825556514395203e+02 0.000000000000000000e+00
2.217821782178218057e-03 0.000000000000000000e+00 6.962911556499700509e+02 1.138897521428291336e-11 4.577125664473558118e+02 7.510047354397445815e+03 4.455825556514395203e+02 0.000000000000000000e+00
2.356435643564356794e-03 0.000000000000000000e+00 6.962911556499700509e+02 1.138897521428291336e-11 4.577125664473558118e+02 7.510047354397445815e+03 4.455825556514395203e+02 0.000000000000000000e+00
2.495049504950495531e-03 0.000000000000000000e+00 6.962911556499700509e+02 1.138897521428291336e-11 4.577125664473558118e+02 7.510047354397445815e+03 4.455825556514395203e+02 0.000000000000000000e+00
2.633663366336633834e-03 0.000000000000000000e+00 6.962911549923123857e+02 1.138897521312585732e-11 4.577125664473530833e+02 7.510016250247359494e+03 4.455825556561852636e+02 0.000000000000000000e+00
2.772277227722772571e-03 0.000000000000000000e+00 6.962910235803840351e+02 1.138897505572260691e-11 4.577125664465614818e+02 7.508339617019182697e+03 4.455825567536841731e+02 0.000000000000000000e+00
2.910891089108911308e-03 0.000000000000000000e+00 6.962897951432872787e+02 1.138897234132362686e-11 4.577125664322409762e+02 7.501840334398772939e+03 4.455825696626990862e+02 0.000000000000000000e+00
3.049504950495049611e-03 0.000000000000000000e+00 6.962837039518129814e+02 1.138893630741125114e-11 4.577125662755977373e+02 7.487054132374305482e+03 4.455826533944411381e+02 0.000000000000000000e+00
3.188118811881188348e-03 0.000000000000000000e+00 6.962600808825611693e+02 1.138851392735527053e-11 4.577125648120000392e+02 7.459294241716500437e+03 4.455830909061715488e+02 0.000000000000000000e+00
3.326732673267327085e-03 0.000000000000000000e+00 6.961781547652442441e+02 1.138503034243098660e-11 4.577125516902254390e+02 7.412672669703152678e+03 4.455851933237319713e+02 0.000000000000000000e+00
3.465346534653465822e-03 0.000000000000000000e+00 6.959159924831740227e+02 1.137700862008284244e-11 4.577124340832436360e+02 7.346489023102817555e+03 4.455948658749352944e+02 0.000000000000000000e+00
3.603960396039604559e-03 0.000000000000000000e+00 6.951153042027056017e+02 1.136511101672713689e-11 4.577113396493278970e+02 7.260627990110760038e+03 4.456392918838520814e+02 0.000000000000000000e+00
3.742574257425742863e-03 0.000000000000000000e+00 6.926329745551378210e+02 1.134878911650437816e-11 4.577003099238509094e+02 7.150964154847915779e+03 4.458549752875172771e+02 0.000000000000000000e+00
3.881188118811881600e-03 0.000000000000000000e+00 6.842106231240945817e+02 1.132591870897762618e-11 4.575710143865395025e+02 7.006245563610283170e+03 4.470469097319194134e+02 0.000000000000000000e+00
4.019801980198019903e-03 0.000000000000000000e+00 6.500550955566121729e+02 1.077368133186920523e-11 4.518240577139118841e+02 6.519732045185126481e+03 0.000000000000000000e+00 3.168774339877586954e+03
4.158415841584158640e-03 0.000000000000000000e+00 6.500550955566121729e+02 1.077368133186920523e-11 4.518240577139118841e+02 6.519732045185126481e+03 0.000000000000000000e+00 3.168774339877586954e+03
4.297029702970297377e-03 0.000000000000000000e+00 6.500550955566121729e+02 1.077368133186920523e-11 4.518240577139118841e+02 6.519732045185126481e+03 0.000000000000000000e+00 3.168774339877586954e+03
4.435643564356436114e-03 0.000000000000000000e+00 6.500550955566121729e+02 1.077368133186920523e-11 4.518240577139118841e+02 6.519732045185126481e+03 0.000000000000000000e+00 3.168774339877586954e+03
4.574257425742574851e-03 0.000000000000000000e+00 6.500550955566121729e+02 1.077368133186920523e-11 4.518240577139118841e+02 6.519732045185126481e+03 0.000000000000000000e+00 3.168774339877586954e+03
4.712871287128713588e-03 0.000000000000000000e+00 6.500551559675494673e+02 1.077367818634626516e-11 4.518240577128406699e+02 6.521079678004893140e+03 0.000000000000000000e+00 3.168774302352567702e+03
4.851485148514852325e-03 0.000000000000000000e+00 6.500562975380003081e+02 1.077359997990533940e-11 4.518240576790457226e+02 6.530625127674167743e+03 0.000000000000000000e+00 3.168773690236790571e+03
4.990099009900991062e-03 0.000000000000000000e+00 6.500636103639467365e+02 1.077249133031125384e-11 4.518240572509404274e+02 6.556438531753356074e+03 0.000000000000000000e+00 3.168770363536958484e+03
5.128712871287128931e-03 0.000000000000000000e+00 6.500963989651492057e+02 1.075876242345929763e-11 4.518240530293791153e+02 6.609048726507585343e+03 0.000000000000000000e+00 3.168757758582674796e+03
5.267326732673267668e-03 0.000000000000000000e+00 6.502218550231754080e+02 1.061440496967786837e-11 4.518240145073456802e+02 6.703435028358378986e+03 0.000000000000000000e+00 3.168717066871828592e+03
5.405940594059406405e-03 0.000000000000000000e+00 6.506633582030103753e+02 1.007146501612588568e-11 4.518236672538251923e+02 6.851767291946812293e+03 0.000000000000000000e+00 3.168596867044210740e+03
5.544554455445545142e-03 0.000000000000000000e+00 6.521212766552405355e+02 9.263639051332949205e-12 4.518204691754044688e+02 7.054714102652446854e+03 0.000000000000000000e+00 3.168268464661062808e+03
5.683168316831683879e-03 0.000000000000000000e+00 6.568846440650860359e+02 8.236152379445149015e-12 4.517891445530999022e+02 7.323193638136809568e+03 0.000000000000000000e+00 3.167384979382507026e+03
5.821782178217822616e-03 0.000000000000000000e+00 6.732629818520338176e+02 6.957488433452048672e-12 4.514460788044324318e+02 7.684010643651776263e+03 0.000000000000000000e+00 3.164876043519433097e+03
5.960396039603961353e-03 0.000000000000000000e+00 7.387313364203909032e+02 5.231728319196419443e-12 4.470094513580008311e+02 8.222921924997046517e+03 0.000000000000000000e+00 3.156526406582116124e+03
6.099009900990099223e-03 0.000000000000000000e+00 8.446471695902951069e+02 5.407322256191482541e-12 4.780438357673608607e+02 9.525502750961019046e+03 0.000000000000000000e+00 0.000000000000000000e+00
6.237623762376237960e-03 0.000000000000000000e+00 8.446471695902951069e+02 5.407322256191482541e-12 4.780438357673608607e+02 9.525502750961019046e+03 0.000000000000000000e+00 0.000000000000000000e+00
6.376237623762376697e-03 0.000000000000000000e+00 8.446471695902951069e+02 5.407322256191482541e-12 4.780438357673608607e+02 9.525502750961019046e+03 0.000000000000000000e+00 0.000000000000000000e+00
6.514851485148515434e-03 0.000000000000000000e+00 8.446471695902951069e+02 5.407322256191482541e-12 4.780438357673608607e+02 9.525502750961019046e+03 0.000000000000000000e+00 0.000000000000000000e+00
6.653465346534654171e-03 0.000000000000000000e+00 8.446471498917034069e+02 5.407322403834458937e-12 4.780438357674438521e+02 9.525289574020067448e+03 0.000000000000000000e+00 0.000000000000000000e+00
6.792079207920792908e-03 0.000000000000000000e+00 8.446459255600060487e+02 5.407332148658400461e-12 4.780438357761755128e+02 9.520519854021680658e+03 0.000000000000000000e+00 0.000000000000000000e+00
6.930693069306931645e-03 0.000000000000000000e+00 8.446366650700850869e+02 5.407502480681092548e-12 4.780438359211780153e+02 9.504330839652249779e+03 0.000000000000000000e+00 0.000000000000000000e+00
7.069306930693070382e-03 0.000000000000000000e+00 8.445960663179407675e+02 5.409888847390604864e-12 4.780438375130243003e+02 9.469065485532439197e+03 0.000000000000000000e+00 0.000000000000000000e+00
7.207920792079209119e-03 0.000000000000000000e+00 8.444539005391809496e+02 5.438426134825758273e-12 4.780438528442285246e+02 9.404850195335884564e+03 0.000000000000000000e+00 0.000000000000000000e+00
7.346534653465346988e-03 0.000000000000000000e+00 8.440072887570953526e+02 5.657592905834666667e-12 4.780439958701417140e+02 9.299685786278267187e+03 0.000000000000000000e+00 0.000000000000000000e+00
7.485148514851485725e-03 0.000000000000000000e+00 8.427230800289081571e+02 6.144786094146337935e-12 4.780453363089048366e+02 9.154568278303311672e+03 0.000000000000000000e+00 0.000000000000000000e+00
7.623762376237624462e-03 0.000000000000000000e+00 8.392081139285024847e+02 6.926589150995349690e-12 4.780584757214429601e+02 8.968621789960159731e+03 0.000000000000000000e+00 0.000000000000000000e+00
7.762376237623763199e-03 0.000000000000000000e+00 8.294454308399543834e+02 8.121603613789071837e-12 4.781991331771671980e+02 8.730718889092297104e+03 0.000000000000000000e+00 0.000000000000000000e+00
7.900990099009901069e-03 0.000000000000000000e+00 7.995027860679222158e+02 1.002908622356178159e-11 4.799961843931377530e+02 8.410673111039537616e+03 0.000000000000000000e+00 0.000000000000000000e+00
8.039603960396039806e-03 0.000000000000000000e+00 6.962844891317499787e+02 1.138894243494589036e-11 4.577125663021886908e+02 7.488467331454193300e+03 4.455826414908266884e+02 0.000000000000000000e+00
8.178217821782178543e-03 0.000000000000000000e+00 6.962629295709717780e+02 1.138859141769745655e-11 4.577125650507201726e+02 7.461874702464364418e+03 4.455830319954463903e+02 0.000000000000000000e+00
8.316831683168317280e-03 0.000000000000000000e+00 6.961877450192882861e+02 1.138544554208787524e-11 4.577125538168773460e+02 7.416674740263019885e+03 4.455849153957399835e+02 0.000000000000000000e+00
8.455445544554456017e-03 0.000000000000000000e+00 6.959459327362059184e+02 1.137770313481471452e-11 4.577124532932499505e+02 7.351805830607837379e+03 4.455935965661140585e+02 0.000000000000000000e+00
8.594059405940594754e-03 0.000000000000000000e+00 6.952064719615209469e+02 1.136609791576376168e-11 4.577115219760964919e+02 7.267463628287247957e+03 4.456333918577925601e+02 0.000000000000000000e+00
8.732673267326733491e-03 0.000000000000000000e+00 6.929208282033943078e+02 1.135011398582067944e-11 4.577022021393491968e+02 7.161900702676446599e+03 4.458255039664867923e+02 0.000000000000000000e+00
8.871287128712872228e-03 0.000000000000000000e+00 6.852487666438664746e+02 1.132774156677646485e-11 4.575945813284347992e+02 7.032333844572205635e+03 4.468729401131769237e+02 0.000000000000000000e+00
9.009900990099010964e-03 0.000000000000000000e+00 6.500659517804327834e+02 1.077196412372987632e-11 4.518240570614697162e+02 6.561998372997017213e+03 0.000000000000000000e+00 3.168769377022227218e+03
9.148514851485149701e-03 0.000000000000000000e+00 6.501059361594833490e+02 1.075280764969766908e-11 4.518240512518676724e+02 6.619532580829691142e+03 0.000000000000000000e+00 3.168754375141227683e+03
9.287128712871288438e-03 0.000000000000000000e+00 6.502569200637833546e+02 1.055729941184460792e-11 4.518239983580941157e+02 6.721440380686050048e+03 0.000000000000000000e+00 3.168706578854384134e+03
9.425742574257427175e-03 0.000000000000000000e+00 6.507821013037188322e+02 9.969901120928010373e-12 4.518235218430567670e+02 6.877316754114621290e+03 0.000000000000000000e+00 3.168567318916248496e+03
9.564356435643565912e-03 0.000000000000000000e+00 6.525076816350963327e+02 9.131484414864214976e-12 4.518191038817866456e+02 7.088638170019573408e+03 0.000000000000000000e+00 3.168189268229736626e+03
9.702970297029704649e-03 0.000000000000000000e+00 6.581636562813657747e+02 8.072480977050811069e-12 4.517752980394733413e+02 7.367228057021150562e+03 0.000000000000000000e+00 3.167168321627626028e+03
9.841584158415843386e-03 0.000000000000000000e+00 6.778986374358179319e+02 6.758815606078615044e-12 4.512833595724674751e+02 7.738069593586989868e+03 0.000000000000000000e+00 3.164216209403497487e+03
9.980198019801982123e-03 0.000000000000000000e+00 7.517059011905745365e+02 4.967553415140354985e-12 4.459227707143580801e+02 8.291710582118535967e+03 0.000000000000000000e+00 3.154884165350005333e+03
1.011881188118811913e-02 0.000000000000000000e+00 8.445632951768259318e+02 5.413661489404166364e-12 4.780438397375160093e+02 9.450129773172948262e+03 0.000000000000000000e+00 0.000000000000000000e+00
1.025742574257425786e-02 0.000000000000000000e+00 8.443470225352789384e+02 5.481540204497711177e-12 4.780438737991964331e+02 9.370729820142783865e+03 0.000000000000000000e+00 0.000000000000000000e+00
1.039603960396039660e-02 0.000000000000000000e+00 8.436877496871436506e+02 5.801577061536042089e-12 4.780441904103329307e+02 9.243747312701887495e+03 0.000000000000000000e+00 0.000000000000000000e+00
1.053465346534653534e-02 0.000000000000000000e+00 8.418360742765728446e+02 6.386194442250737376e-12 4.780471907930961493e+02 9.068756507693880849e+03 0.000000000000000000e+00 0.000000000000000000e+00
1.067326732673267407e-02 0.000000000000000000e+00 8.367696978250600068e+02 7.297836003596907293e-12 4.780773901120234655e+02 8.837610943670342749e+03 0.000000000000000000e+00 0.000000000000000000e+00
1.081188118811881281e-02 0.000000000000000000e+00 8.223923706397885098e+02 8.694929862787776368e-12 4.784152942284281380e+02 8.537270523180688542e+03 0.000000000000000000e+00 0.000000000000000000e+00
1.095049504950495155e-02 0.000000000000000000e+00 7.749337848350969580e+02 1.105729791438371538e-11 4.831104538327580258e+02 8.128842410737698629e+03 0.000000000000000000e+00 0.000000000000000000e+00
1.108910891089109028e-02 0.000000000000000000e+00 6.952816392503256111e+02 1.135888953612896511e-11 4.577115988119083454e+02 7.347779629419550474e+03 4.456304477263182662e+02 0.000000000000000000e+00
1.122772277227722902e-02 0.000000000000000000e+00 6.931855072665441639e+02 1.126399503671886002e-11 4.577030016352463804e+02 7.326704894999301359e+03 4.458106657912872492e+02 0.000000000000000000e+00
1.136633663366336776e-02 0.000000000000000000e+00 6.861874115339977607e+02 1.078793970174704625e-11 4.576044488999949067e+02 7.325684746487497250e+03 4.467876453087598634e+02 0.000000000000000000e+00
1.150495049504950650e-02 0.000000000000000000e+00 6.515195721901983461e+02 9.518098145014757484e-12 4.518221572083942874e+02 6.990573740363011893e+03 0.000000000000000000e+00 3.168396925002873559e+03
1.164356435643564523e-02 0.000000000000000000e+00 6.549093424571620972e+02 8.554188271924904918e-12 4.518059370704147000e+02 7.238414439263433451e+03 0.000000000000000000e+00 3.167732394463391756e+03
1.178217821782178397e-02 0.000000000000000000e+00 6.663072172983572727e+02 7.354932990784852707e-12 4.516351181227606162e+02 7.568285573638013375e+03 0.000000000000000000e+00 3.165889380094455646e+03
1.192079207920792271e-02 0.000000000000000000e+00 7.100559055800168835e+02 5.843242532540724163e-12 4.494272841003227654e+02 8.037232032683221405e+03 0.000000000000000000e+00 3.160030928264042814e+03
1.205940594059406144e-02 0.000000000000000000e+00 8.446471695902951069e+02 5.407322256191482541e-12 4.780438357673608607e+02 9.525502750961019046e+03 0.000000000000000000e+00 0.000000000000000000e+00
1.219801980198019845e-02 0.000000000000000000e+00 8.446471695902951069e+02 5.407322256191482541e-12 4.780438357673608607e+02 9.525502750961019046e+03 0.000000000000000000e+00 0.000000000000000000e+00
1.233663366336633718e-02 0.000000000000000000e+00 8.446471695902951069e+02 5.407322256191482541e-12 4.780438357673608607e+02 9.525502750961019046e+03 0.000000000000000000e+00 0.000000000000000000e+00
1.247524752475247592e-02 0.000000000000000000e+00 8.446471695902951069e+02 5.407322256191482541e-12 4.780438357673608607e+02 9.525502750961019046e+03 0.000000000000000000e+00 0.000000000000000000e+00
1.261386138613861466e-02 0.000000000000000000e+00 8.446471695902951069e+02 5.407322256191482541e-12 4.780438357673608607e+02 9.525502750961019046e+03 0.000000000000000000e+00 0.000000000000000000e+00
1.275247524752475339e-02 0.000000000000000000e+00 8.446471695902951069e+02 5.407322256191482541e-12 4.780438357673608607e+02 9.525502750961019046e+03 0.000000000000000000e+00 0.000000000000000000e+00
1.289108910891089213e-02 0.000000000000000000e+00 8.446471695902951069e+02 5.407322256191482541e-12 4.780438357673608607e+02 9.525502750961019046e+03 0.000000000000000000e+00 0.000000000000000000e+00
1.302970297029703087e-02 0.000000000000000000e+00 8.446471695902951069e+02 5.407322256191482541e-12 4.780438357673608607e+02 9.525502750961015408e+03 0.000000000000000000e+00 0.000000000000000000e+00
1.316831683168316960e-02 0.000000000000000000e+00 8.446471695902951069e+02 5.407322256191483349e-12 4.780438357673608607e+02 9.525502750961015408e+03 0.000000000000000000e+00 0.000000000000000000e+00
1.330693069306930834e-02 0.000000000000000000e+00 8.446471695902951069e+02 5.407322256191485772e-12 4.780438357673608607e+02 9.525502750961015408e+03 0.000000000000000000e+00 0.000000000000000000e+00
1.344554455445544708e-02 0.000000000000000000e+00 8.446471695902951069e+02 5.407322256191484156e-12 4.780438357673608607e+02 9.525502750961011770e+03 0.000000000000000000e+00 0.000000000000000000e+00
1.358415841584158582e-02 0.000000000000000000e+00 8.446471695902951069e+02 5.407322256191481733e-12 4.780438357673608607e+02 9.525502750961011770e+03 0.000000000000000000e+00 0.000000000000000000e+00
1.372277227722772455e-02 0.000000000000000000e+00 8.446471695902951069e+02 5.407322256191481733e-12 4.780438357673608607e+02 9.525502750961015408e+03 0.000000000000000000e+00 0.000000000000000000e+00
1.386138613861386329e-02 0.000000000000000000e+00 0.000000000000000000e+00 0.000000000000000000e+00 0.000000000000000000e+00 0.000000000000000000e+00 0.000000000000000000e+00 0.000000000000000000e+00
