0.000000000000000000e+00 1.000000000000000000e+00 6.000000000000000000e+00 7.000000000000000000e+00 8.000000000000000000e+00 1.400000000000000000e+01 2.600000000000000000e+01 2.900000000000000000e+01
0.000000000000000000e+00 0.000000000000000000e+00 8.446471695902951069e+02 5.407322256191482541e-12 4.780438357673608607e+02 9.525502750961019046e+03 0.000000000000000000e+00 0.000000000000000000e+00
2.745098039215686215e-04 0.000000000000000000e+00 8.446471695902951069e+02 5.407322256191484156e-12 4.780438357673608607e+02 9.525502750961013589e+03 0.000000000000000000e+00 0.000000000000000000e+00
5.490196078431372429e-04 0.000000000000000000e+00 8.446471695902951069e+02 5.407322256191484964e-12 4.780438357673608607e+02 9.525502750961013589e+03 0.000000000000000000e+00 0.000000000000000000e+00
8.235294117647058102e-04 0.000000000000000000e+00 8.446471695902951069e+02 5.407322256191482541e-12 4.780438357673608607e+02 9.525502750961015408e+03 0.000000000000000000e+00 0.000000000000000000e+00
1.098039215686274486e-03 0.000000000000000000e+00 8.446471695902951069e+02 5.407322256191482541e-12 4.780438357673608607e+02 9.525502750961017227e+03 0.000000000000000000e+00 0.000000000000000000e+00
1.372549019607843162e-03 0.000000000000000000e+00 8.446471695902951069e+02 5.407322256191482541e-12 4.780438357673608607e+02 9.525502750961019046e+03 0.000000000000000000e+00 0.000000000000000000e+00
1.647058823529411620e-03 0.000000000000000000e+00 8.446471695902951069e+02 5.407322256191482541e-12 4.780438357673608607e+02 9.525502750961019046e+03 0.000000000000000000e+00 0.000000000000000000e+00
1.921568627450980296e-03 0.000000000000000000e+00 8.446471695902951069e+02 5.407322256191482541e-12 4.780438357673608607e+02 9.525502750961019046e+03 0.000000000000000000e+00 0.000000000000000000e+00
2.196078431372548972e-03 0.000000000000000000e+00 7.122258566657670826e+02 7.512454874184313836e-12 4.573937608780771598e+02 8.286952451875522456e+03 4.450282060056513842e+02 0.000000000000000000e+00
2.470588235294117647e-03 0.000000000000000000e+00 6.979150156875701896e+02 9.884968320515849333e-12 4.577092401099912991e+02 7.871492227944250772e+03 4.455648266209059329e+02 0.000000000000000000e+00
2.745098039215686323e-03 0.000000000000000000e+00 6.964355871931672937e+02 1.125060811496099963e-11 4.577125236188935560e+02 7.634209976633753286e+03 4.455819808292292805e+02 0.000000000000000000e+00
3.019607843137254999e-03 0.000000000000000000e+00 6.962990882452560299e+02 1.138791745514216863e-11 4.577125659671545463e+02 7.534848523825318807e+03 4.455825429567129277e+02 0.000000000000000000e+00
3.294117647058823241e-03 0.000000000000000000e+00 6.962912110199423523e+02 1.138897244998844238e-11 4.577125664462839723e+02 7.510892648989158261e+03 4.455825556089524184e+02 0.000000000000000000e+00
3.568627450980391917e-03 0.000000000000000000e+00 6.962911556499700509e+02 1.138897521428291336e-11 4.577125664473558118e+02 7.510047354397445815e+03 4.455825556514395203e+02 0.000000000000000000e+00
3.843137254901960592e-03 0.000000000000000000e+00 6.962911556499700509e+02 1.138897521428291336e-11 4.577125664473558118e+02 7.510047354397445815e+03 4.455825556514395203e+02 0.000000000000000000e+00
4.117647058823529702e-03 0.000000000000000000e+00 6.613793023847898667e+02 1.083392531932539377e-11 4.519654262358953929e+02 6.993383195654006158e+03 0.000000000000000000e+00 3.046738567618046091e+03
4.392156862745097944e-03 0.000000000000000000e+00 6.510566534487560375e+02 1.079670322546162340e-11 4.518253060564653083e+02 6.749877866632325095e+03 0.000000000000000000e+00 3.153146022075351993e+03
4.666666666666666186e-03 0.000000000000000000e+00 6.501446571656567812e+02 1.077769112135622551e-11 4.518240730556671565e+02 6.609157019413065427e+03 0.000000000000000000e+00 3.166873956198227006e+03
4.941176470588235295e-03 0.000000000000000000e+00 6.500607489962641239e+02 1.077372525989102395e-11 4.518240578981414615e+02 6.541137944022889315e+03 0.000000000000000000e+00 3.168618570402636578e+03
5.215686274509803537e-03 0.000000000000000000e+00 6.500552025234503617e+02 1.077368153063001285e-11 4.518240577148815191e+02 6.521496658229731111e+03 0.000000000000000000e+00 3.168770646454433063e+03
5.490196078431372646e-03 0.000000000000000000e+00 6.500550955566121729e+02 1.077368133186920523e-11 4.518240577139118841e+02 6.519732045185126481e+03 0.000000000000000000e+00 3.168774339877586954e+03
5.764705882352940888e-03 0.000000000000000000e+00 6.500550955566121729e+02 1.077368133186920523e-11 4.518240577139118841e+02 6.519732045185126481e+03 0.000000000000000000e+00 3.168774339877586954e+03
6.039215686274509998e-03 0.000000000000000000e+00 7.410808686251427844e+02 1.124475023985886128e-11 4.832840065861786343e+02 7.555154979647890286e+03 0.000000000000000000e+00 0.000000000000000000e+00
6.313725490196078240e-03 0.000000000000000000e+00 8.326733267306726702e+02 7.379797231849851685e-12 4.780810749820183219e+02 8.510084343837419510e+03 0.000000000000000000e+00 0.000000000000000000e+00
6.588235294117646482e-03 0.000000000000000000e+00 8.431288789276022726e+02 5.848408134788152432e-12 4.780442425708843643e+02 9.073690349962373148e+03 0.000000000000000000e+00 0.000000000000000000e+00
6.862745098039215591e-03 0.000000000000000000e+00 8.445055268947056675e+02 5.416139467508891705e-12 4.780438405695496726e+02 9.394179882095086214e+03 0.000000000000000000e+00 0.000000000000000000e+00
7.137254901960783833e-03 0.000000000000000000e+00 8.446412954174895731e+02 5.407367237987716505e-12 4.780438358042892446e+02 9.507533649176903054e+03 0.000000000000000000e+00 0.000000000000000000e+00
7.411764705882352942e-03 0.000000000000000000e+00 8.446471695902951069e+02 5.407322256191482541e-12 4.780438357673608607e+02 9.525502750961019046e+03 0.000000000000000000e+00 0.000000000000000000e+00
7.686274509803921184e-03 0.000000000000000000e+00 8.446471695902951069e+02 5.407322256191482541e-12 4.780438357673608607e+02 9.525502750961019046e+03 0.000000000000000000e+00 0.000000000000000000e+00
7.960784313725490294e-03 0.000000000000000000e+00 8.446471695902951069e+02 5.407322256191482541e-12 4.780438357673608607e+02 9.525502750961019046e+03 0.000000000000000000e+00 0.000000000000000000e+00
8.235294117647059403e-03 0.000000000000000000e+00 7.077089810241914165e+02 7.926545926801790878e-12 4.575504867046906270e+02 8.211414309203582889e+03 4.452493188519638352e+02 0.000000000000000000e+00
8.509803921568626778e-03 0.000000000000000000e+00 6.974601743938302434e+02 1.014519378613688074e-11 4.577107855196427408e+02 7.828402193083077691e+03 4.455715856670036032e+02 0.000000000000000000e+00
8.784313725490195887e-03 0.000000000000000000e+00 6.963905597963939726e+02 1.131758311080713904e-11 4.577125433943421058e+02 7.612466771663778673e+03 4.455822099978744859e+02 0.000000000000000000e+00
9.058823529411764996e-03 0.000000000000000000e+00 6.705528468546854128e+02 1.084610789573392314e-11 4.522663448647657560e+02 7.093558626925359022e+03 0.000000000000000000e+00 2.967348347302074671e+03
9.333333333333332371e-03 0.000000000000000000e+00 6.517115736655432556e+02 1.080277230954321841e-11 4.518273532160815193e+02 6.791388014317155466e+03 0.000000000000000000e+00 3.144761359226786226e+03
9.607843137254901481e-03 0.000000000000000000e+00 6.502082867796685832e+02 1.078055976201606392e-11 4.518240966780876420e+02 6.633042992184985451e+03 0.000000000000000000e+00 3.165716457262536096e+03
9.882352941176470590e-03 0.000000000000000000e+00 6.500658218279509128e+02 1.077380766033964898e-11 4.518240581986342477e+02 6.550247829083021315e+03 0.000000000000000000e+00 3.168494054682379101e+03
1.015686274509803970e-02 0.000000000000000000e+00 8.056029189134078479e+02 9.057200078043930003e-12 4.786287051157001997e+02 8.049717320439535797e+03 0.000000000000000000e+00 0.000000000000000000e+00
1.043137254901960707e-02 0.000000000000000000e+00 8.396171299017197498e+02 6.561179984250903329e-12 4.780490658468811489e+02 8.783277904910501093e+03 0.000000000000000000e+00 0.000000000000000000e+00
1.070588235294117618e-02 0.000000000000000000e+00 8.440685851155575392e+02 5.538855378887736201e-12 4.780438970435951660e+02 9.241793824695883814e+03 0.000000000000000000e+00 0.000000000000000000e+00
1.098039215686274529e-02 0.000000000000000000e+00 8.446043969507595648e+02 5.408310282374717605e-12 4.780438364352347662e+02 9.460881282033958996e+03 0.000000000000000000e+00 0.000000000000000000e+00
1.125490196078431267e-02 0.000000000000000000e+00 7.059720270419944654e+02 8.113230354810157401e-12 4.575969307827960506e+02 8.172989454556935016e+03 4.453236800968430771e+02 0.000000000000000000e+00
1.152941176470588178e-02 0.000000000000000000e+00 6.773868658986179980e+02 9.786570356977021454e-12 4.524951564590760427e+02 7.405799516434862198e+03 0.000000000000000000e+00 2.921766634826804420e+03
1.180392156862745089e-02 0.000000000000000000e+00 6.522586795836243709e+02 1.075710128637898550e-11 4.518294395688036502e+02 6.899558946103707967e+03 0.000000000000000000e+00 3.139404861233152587e+03
1.207843137254902000e-02 0.000000000000000000e+00 7.704521562270912227e+02 1.034425353613942693e-11 4.806548388135037158e+02 7.903041026539340237e+03 0.000000000000000000e+00 0.000000000000000000e+00
1.235294117647058737e-02 0.000000000000000000e+00 8.356975217357119163e+02 7.074281613579522948e-12 4.780630857407049916e+02 8.651993016767904919e+03 0.000000000000000000e+00 0.000000000000000000e+00
1.262745098039215648e-02 0.000000000000000000e+00 8.435389501302980761e+02 5.725416721175930882e-12 4.780440522290197691e+02 9.141049205065552087e+03 0.000000000000000000e+00 0.000000000000000000e+00
1.290196078431372559e-02 0.000000000000000000e+00 8.445504511854629754e+02 5.411650491570625009e-12 4.780438382757969293e+02 9.420110201534118460e+03 0.000000000000000000e+00 0.000000000000000000e+00
1.317647058823529296e-02 0.000000000000000000e+00 8.446440220584811414e+02 5.407341955729495769e-12 4.780438357834550516e+02 9.513770437652790861e+03 0.000000000000000000e+00 0.000000000000000000e+00
1.345098039215686207e-02 0.000000000000000000e+00 8.446471695902951069e+02 5.407322256191482541e-12 4.780438357673608607e+02 9.525502750961019046e+03 0.000000000000000000e+00 0.000000000000000000e+00
1.372549019607843118e-02 0.000000000000000000e+00 0.000000000000000000e+00 0.000000000000000000e+00 0.000000000000000000e+00 0.000000000000000000e+00 0.000000000000000000e+00 0.000000000000000000e+00
