0.000000000000000000e+00 1.000000000000000000e+00 6.000000000000000000e+00 7.000000000000000000e+00 8.000000000000000000e+00 1.400000000000000000e+01 2.600000000000000000e+01
0.000000000000000000e+00 0.000000000000000000e+00 4.579954586970792661e+03 2.823565967285071920e+01 4.160038632947434053e+03 1.118796975115174223e-02 0.000000000000000000e+00
1.372549019607843107e-04 0.000000000000000000e+00 4.579954586970792661e+03 2.823565967285071920e+01 4.160038632947434053e+03 1.118796975115174223e-02 0.000000000000000000e+00
2.745098039215686215e-04 0.000000000000000000e+00 4.579954586970792661e+03 2.823565967285071920e+01 4.160038632947434053e+03 1.118796975115174223e-02 0.000000000000000000e+00
4.117647058823529051e-04 0.000000000000000000e+00 4.579954586970792661e+03 2.823565967285071920e+01 4.160038632947434053e+03 1.118796975115174223e-02 0.000000000000000000e+00
5.490196078431372429e-04 0.000000000000000000e+00 4.579954586970792661e+03 2.823565967285071920e+01 4.160038632947434053e+03 1.118796975115174223e-02 0.000000000000000000e+00
6.862745098039215808e-04 0.000000000000000000e+00 4.579954586970792661e+03 2.823565967285071920e+01 4.160038632947434053e+03 1.118796975115174223e-02 0.000000000000000000e+00
8.235294117647058102e-04 0.000000000000000000e+00 4.579954586970792661e+03 2.823565967285071920e+01 4.160038632947434053e+03 1.118796975115174223e-02 0.000000000000000000e+00
9.607843137254901481e-04 0.000000000000000000e+00 4.579954586970792661e+03 3.021548642683860209e+01 4.160038632947434053e+03 9.962018188754183726e-03 0.000000000000000000e+00
1.098039215686274486e-03 0.000000000000000000e+00 3.913758087215228898e+03 2.976289698531289218e+01 3.776503319980281503e+03 8.054727745657819585e-03 2.900958287078148260e+03
1.235294117647058824e-03 0.000000000000000000e+00 3.913758087215228898e+03 2.976289698531289218e+01 3.776503319980281503e+03 8.054727745657819585e-03 2.900958287078148260e+03
1.372549019607843162e-03 0.000000000000000000e+00 3.913758087215228898e+03 2.976289698531289218e+01 3.776503319980281503e+03 8.054727745657819585e-03 2.900958287078148260e+03
1.509803921568627499e-03 0.000000000000000000e+00 3.913758087215228898e+03 2.976289698531289218e+01 3.776503319980281503e+03 8.054727745657819585e-03 2.900958287078148260e+03
1.647058823529411620e-03 0.000000000000000000e+00 3.913758087215228898e+03 2.976289698531289218e+01 3.776503319980281503e+03 8.054727745657819585e-03 2.900958287078148260e+03
1.784313725490195958e-03 0.000000000000000000e+00 3.913758087215228898e+03 2.976289698531289218e+01 3.776503319980281503e+03 8.054727745657819585e-03 2.900958287078148260e+03
1.921568627450980296e-03 0.000000000000000000e+00 3.913758087215228898e+03 2.918619303990625724e+01 3.776503319980281503e+03 8.351436103730293728e-03 2.900958287078148260e+03
2.058823529411764851e-03 0.000000000000000000e+00 4.579954586970792661e+03 2.823565967285071920e+01 4.160038632947434053e+03 1.118796975115174223e-02 0.000000000000000000e+00
2.196078431372548972e-03 0.000000000000000000e+00 4.579954586970792661e+03 2.823565967285071920e+01 4.160038632947434053e+03 1.118796975115174223e-02 0.000000000000000000e+00
2.333333333333333093e-03 0.000000000000000000e+00 4.579954586970792661e+03 2.823565967285071920e+01 4.160038632947434053e+03 1.118796975115174223e-02 0.000000000000000000e+00
2.470588235294117647e-03 0.000000000000000000e+00 4.579954586970792661e+03 2.823565967285071920e+01 4.160038632947434053e+03 1.118796975115174223e-02 0.000000000000000000e+00
2.607843137254901768e-03 0.000000000000000000e+00 4.579954586970792661e+03 2.823565967285071920e+01 4.160038632947434053e+03 1.118796975115174223e-02 0.000000000000000000e+00
2.745098039215686323e-03 0.000000000000000000e+00 4.579954586970792661e+03 2.823565967285071920e+01 4.160038632947434053e+03 1.118796975115174223e-02 0.000000000000000000e+00
2.882352941176470444e-03 0.000000000000000000e+00 4.579954586970792661e+03 2.823565967285071920e+01 4.160038632947434053e+03 1.118796975115174223e-02 0.000000000000000000e+00
3.019607843137254999e-03 0.000000000000000000e+00 4.579954586970792661e+03 2.823565967285071920e+01 4.160038632947434053e+03 1.118796975115174223e-02 0.000000000000000000e+00
3.156862745098039120e-03 0.000000000000000000e+00 4.579954586970792661e+03 2.823565967285071920e+01 4.160038632947434053e+03 1.118796975115174223e-02 0.000000000000000000e+00
3.294117647058823241e-03 0.000000000000000000e+00 4.579954586970792661e+03 2.823565967285071920e+01 4.160038632947434053e+03 1.118796975115174223e-02 0.000000000000000000e+00
3.431372549019607796e-03 0.000000000000000000e+00 4.579954586970792661e+03 2.823565967285071920e+01 4.160038632947434053e+03 1.118796975115174223e-02 0.000000000000000000e+00
3.568627450980391917e-03 0.000000000000000000e+00 4.579954586970792661e+03 2.823565967285071920e+01 4.160038632947434053e+03 1.118796975115174223e-02 0.000000000000000000e+00
3.705882352941176471e-03 0.000000000000000000e+00 4.579954586970792661e+03 2.823565967285071920e+01 4.160038632947434053e+03 1.118796975115174223e-02 0.000000000000000000e+00
3.843137254901960592e-03 0.000000000000000000e+00 4.579954586970792661e+03 2.823642668230383279e+01 4.160038632947434053e+03 1.118740211932816100e-02 0.000000000000000000e+00
3.980392156862745147e-03 0.000000000000000000e+00 4.579954586970792661e+03 3.137968413024965386e+01 4.160038632947434053e+03 9.314918699264530116e-03 0.000000000000000000e+00
4.117647058823529702e-03 0.000000000000000000e+00 3.913758087215228898e+03 2.976289698531289218e+01 3.776503319980281503e+03 8.054727745657819585e-03 2.900958287078148260e+03
4.254901960784313389e-03 0.000000000000000000e+00 3.913758087215228898e+03 2.976289698531289218e+01 3.776503319980281503e+03 8.054727745657819585e-03 2.900958287078148260e+03
4.392156862745097944e-03 0.000000000000000000e+00 3.913758087215228898e+03 2.962774605035068021e+01 3.776503319980281503e+03 8.121927977755653491e-03 2.900958287078148260e+03
4.529411764705882498e-03 0.000000000000000000e+00 4.579954586970792661e+03 2.823565967285071920e+01 4.160038632947434053e+03 1.118796975115174223e-02 0.000000000000000000e+00
4.666666666666666186e-03 0.000000000000000000e+00 4.579954586970792661e+03 2.823565967285071920e+01 4.160038632947434053e+03 1.118796975115174223e-02 0.000000000000000000e+00
4.803921568627450740e-03 0.000000000000000000e+00 4.579954586970792661e+03 2.823565967285071920e+01 4.160038632947434053e+03 1.118796975115174223e-02 0.000000000000000000e+00
4.941176470588235295e-03 0.000000000000000000e+00 4.579954586970792661e+03 2.823565967285074052e+01 4.160038632947434053e+03 1.118796975115174223e-02 0.000000000000000000e+00
5.078431372549019850e-03 0.000000000000000000e+00 4.579954586970792661e+03 2.823565967285071920e+01 4.160038632947434053e+03 1.118796975115174223e-02 0.000000000000000000e+00
5.215686274509803537e-03 0.000000000000000000e+00 4.579954586970792661e+03 2.823565967285071920e+01 4.160038632947434053e+03 1.118796975115174223e-02 0.000000000000000000e+00
5.352941176470588092e-03 0.000000000000000000e+00 4.579954586970792661e+03 2.824045042215613321e+01 4.160038632947434053e+03 1.118447605360282926e-02 0.000000000000000000e+00
5.490196078431372646e-03 0.000000000000000000e+00 4.579954586970792661e+03 3.198988280349157520e+01 4.160038632947434053e+03 8.981544661200031518e-03 0.000000000000000000e+00
5.627450980392156334e-03 0.000000000000000000e+00 3.913758087215228898e+03 2.970935162229871551e+01 3.776503319980281503e+03 8.080954741839544223e-03 2.900958287078148260e+03
5.764705882352940888e-03 0.000000000000000000e+00 4.579954586970792661e+03 2.823565967285071920e+01 4.160038632947434053e+03 1.118796975115174223e-02 0.000000000000000000e+00
5.901960784313725443e-03 0.000000000000000000e+00 4.579954586970792661e+03 2.823565967285072276e+01 4.160038632947434053e+03 1.118796975115174223e-02 0.000000000000000000e+00
6.039215686274509998e-03 0.000000000000000000e+00 4.579954586970792661e+03 2.823565967285071920e+01 4.160038632947434053e+03 1.118796975115174223e-02 0.000000000000000000e+00
6.176470588235293685e-03 0.000000000000000000e+00 4.579954586970792661e+03 2.823565967285071920e+01 4.160038632947434053e+03 1.118796975115174223e-02 0.000000000000000000e+00
6.313725490196078240e-03 0.000000000000000000e+00 4.579954586970792661e+03 2.823565967285071920e+01 4.160038632947434053e+03 1.118796975115174223e-02 0.000000000000000000e+00
6.450980392156862794e-03 0.000000000000000000e+00 4.579954586970792661e+03 2.823565967285071920e+01 4.160038632947434053e+03 1.118796975115174223e-02 0.000000000000000000e+00
6.588235294117646482e-03 0.000000000000000000e+00 4.579954586970792661e+03 2.823565967285071920e+01 4.160038632947434053e+03 1.118796975115174223e-02 0.000000000000000000e+00
6.725490196078431036e-03 0.000000000000000000e+00 4.579954586970792661e+03 2.823565967285071920e+01 4.160038632947434053e+03 1.118796975115174223e-02 0.000000000000000000e+00
6.862745098039215591e-03 0.000000000000000000e+00 0.000000000000000000e+00 0.000000000000000000e+00 0.000000000000000000e+00 0.000000000000000000e+00 0.000000000000000000e+00
