0.000000000000000000e+00 1.000000000000000000e+00 6.000000000000000000e+00 7.000000000000000000e+00 8.000000000000000000e+00 1.400000000000000000e+01 2.600000000000000000e+01
0.000000000000000000e+00 0.000000000000000000e+00 6.656504142806156779e+03 3.254467708436620342e+03 9.228060698372128172e+03 9.200379045925453525e+00 0.000000000000000000e+00
1.372549019607843107e-04 0.000000000000000000e+00 6.656504142806156779e+03 3.254467708436620342e+03 9.228060698372128172e+03 9.200379045925453525e+00 0.000000000000000000e+00
2.745098039215686215e-04 0.000000000000000000e+00 6.656504142806156779e+03 3.254467708436620342e+03 9.228060698372128172e+03 9.200379045925453525e+00 0.000000000000000000e+00
4.117647058823529051e-04 0.000000000000000000e+00 6.656504142806156779e+03 3.254467708436620342e+03 9.228060698372128172e+03 9.200379045925453525e+00 0.000000000000000000e+00
5.490196078431372429e-04 0.000000000000000000e+00 6.656504142806156779e+03 3.254467708436620342e+03 9.228060698372128172e+03 9.200379045925453525e+00 0.000000000000000000e+00
6.862745098039215808e-04 0.000000000000000000e+00 6.656504142806156779e+03 3.254467708436620342e+03 9.228060698372128172e+03 9.200379045925453525e+00 0.000000000000000000e+00
8.235294117647058102e-04 0.000000000000000000e+00 6.656504142806156779e+03 3.254467708436620342e+03 9.228060698372128172e+03 9.200379045925453525e+00 0.000000000000000000e+00
9.607843137254901481e-04 0.000000000000000000e+00 6.656504142806156779e+03 3.254467708436620342e+03 9.228060698372128172e+03 9.200379045925453525e+00 0.000000000000000000e+00
1.098039215686274486e-03 0.000000000000000000e+00 5.687513025389320319e+03 2.990541025745941624e+03 8.378621569185082990e+03 8.454258408503497080e+00 6.018186608686263753e+03
1.235294117647058824e-03 0.000000000000000000e+00 5.687513025389320319e+03 2.990541025745941624e+03 8.378621569185082990e+03 8.454258408503497080e+00 6.018186608686263753e+03
1.372549019607843162e-03 0.000000000000000000e+00 5.687513025389320319e+03 2.990541025745941624e+03 8.378621569185082990e+03 8.454258408503497080e+00 6.018186608686263753e+03
1.509803921568627499e-03 0.000000000000000000e+00 5.687513025389320319e+03 2.990541025745941624e+03 8.378621569185082990e+03 8.454258408503497080e+00 6.018186608686263753e+03
1.647058823529411620e-03 0.000000000000000000e+00 5.687513025389320319e+03 2.990541025745941624e+03 8.378621569185082990e+03 8.454258408503497080e+00 6.018186608686263753e+03
1.784313725490195958e-03 0.000000000000000000e+00 5.687513025389320319e+03 2.990541025745941624e+03 8.378621569185082990e+03 8.454258408503497080e+00 6.018186608686263753e+03
1.921568627450980296e-03 0.000000000000000000e+00 5.687513025389320319e+03 2.990541025745941624e+03 8.378621569185082990e+03 8.454258408503497080e+00 6.018186608686263753e+03
2.058823529411764851e-03 0.000000000000000000e+00 6.656504142806156779e+03 3.254467708436620342e+03 9.228060698372128172e+03 9.200379045925453525e+00 0.000000000000000000e+00
2.196078431372548972e-03 0.000000000000000000e+00 6.656504142806156779e+03 3.254467708436620342e+03 9.228060698372128172e+03 9.200379045925453525e+00 0.000000000000000000e+00
2.333333333333333093e-03 0.000000000000000000e+00 6.656504142806156779e+03 3.254467708436620342e+03 9.228060698372128172e+03 9.200379045925453525e+00 0.000000000000000000e+00
2.470588235294117647e-03 0.000000000000000000e+00 6.656504142806156779e+03 3.254467708436620342e+03 9.228060698372128172e+03 9.200379045925453525e+00 0.000000000000000000e+00
2.607843137254901768e-03 0.000000000000000000e+00 6.656504142806156779e+03 3.254467708436620342e+03 9.228060698372128172e+03 9.200379045925453525e+00 0.000000000000000000e+00
2.745098039215686323e-03 0.000000000000000000e+00 6.656504142806156779e+03 3.254467708436620342e+03 9.228060698372128172e+03 9.200379045925453525e+00 0.000000000000000000e+00
2.882352941176470444e-03 0.000000000000000000e+00 6.656504142806156779e+03 3.254467708436620342e+03 9.228060698372128172e+03 9.200379045925453525e+00 0.000000000000000000e+00
3.019607843137254999e-03 0.000000000000000000e+00 6.656504142806156779e+03 3.254467708436620342e+03 9.228060698372128172e+03 9.200379045925453525e+00 0.000000000000000000e+00
3.156862745098039120e-03 0.000000000000000000e+00 6.656504142806156779e+03 3.254467708436620342e+03 9.228060698372128172e+03 9.200379045925453525e+00 0.000000000000000000e+00
3.294117647058823241e-03 0.000000000000000000e+00 6.656504142806156779e+03 3.254467708436620342e+03 9.228060698372128172e+03 9.200379045925453525e+00 0.000000000000000000e+00
3.431372549019607796e-03 0.000000000000000000e+00 6.656504142806156779e+03 3.254467708436620342e+03 9.228060698372128172e+03 9.200379045925453525e+00 0.000000000000000000e+00
3.568627450980391917e-03 0.000000000000000000e+00 6.656504142806156779e+03 3.254467708436620342e+03 9.228060698372128172e+03 9.200379045925453525e+00 0.000000000000000000e+00
3.705882352941176471e-03 0.000000000000000000e+00 6.656504142806156779e+03 3.254467708436620342e+03 9.228060698372128172e+03 9.200379045925453525e+00 0.000000000000000000e+00
3.843137254901960592e-03 0.000000000000000000e+00 6.656504142806156779e+03 3.254467708436620342e+03 9.228060698372128172e+03 9.200379045925453525e+00 0.000000000000000000e+00
3.980392156862745147e-03 0.000000000000000000e+00 6.656504142806156779e+03 3.254467708436620342e+03 9.228060698372128172e+03 9.200379045925453525e+00 0.000000000000000000e+00
4.117647058823529702e-03 0.000000000000000000e+00 5.687513025389320319e+03 2.990541025745941624e+03 8.378621569185082990e+03 8.454258408503497080e+00 6.018186608686263753e+03
4.254901960784313389e-03 0.000000000000000000e+00 5.687513025389320319e+03 2.990541025745941624e+03 8.378621569185082990e+03 8.454258408503497080e+00 6.018186608686263753e+03
4.392156862745097944e-03 0.000000000000000000e+00 5.687513025389320319e+03 2.990541025745941624e+03 8.378621569185082990e+03 8.454258408503497080e+00 6.018186608686263753e+03
4.529411764705882498e-03 0.000000000000000000e+00 6.656504142806156779e+03 3.254467708436620342e+03 9.228060698372128172e+03 9.200379045925453525e+00 0.000000000000000000e+00
4.666666666666666186e-03 0.000000000000000000e+00 6.656504142806156779e+03 3.254467708436620342e+03 9.228060698372128172e+03 9.200379045925453525e+00 0.000000000000000000e+00
4.803921568627450740e-03 0.000000000000000000e+00 6.656504142806156779e+03 3.254467708436620342e+03 9.228060698372128172e+03 9.200379045925453525e+00 0.000000000000000000e+00
4.941176470588235295e-03 0.000000000000000000e+00 6.656504142806156779e+03 3.254467708436620342e+03 9.228060698372128172e+03 9.200379045925453525e+00 0.000000000000000000e+00
5.078431372549019850e-03 0.000000000000000000e+00 6.656504142806156779e+03 3.254467708436620342e+03 9.228060698372128172e+03 9.200379045925453525e+00 0.000000000000000000e+00
5.215686274509803537e-03 0.000000000000000000e+00 6.656504142806156779e+03 3.254467708436620342e+03 9.228060698372128172e+03 9.200379045925453525e+00 0.000000000000000000e+00
5.352941176470588092e-03 0.000000000000000000e+00 6.656504142806156779e+03 3.254467708436620342e+03 9.228060698372128172e+03 9.200379045925453525e+00 0.000000000000000000e+00
5.490196078431372646e-03 0.000000000000000000e+00 6.656504142806156779e+03 3.254467708436620342e+03 9.228060698372128172e+03 9.200379045925453525e+00 0.000000000000000000e+00
5.627450980392156334e-03 0.000000000000000000e+00 5.687513025389320319e+03 2.990541025745941624e+03 8.378621569185082990e+03 8.454258408503497080e+00 6.018186608686263753e+03
5.764705882352940888e-03 0.000000000000000000e+00 6.656504142806156779e+03 3.254467708436620342e+03 9.228060698372128172e+03 9.200379045925453525e+00 0.000000000000000000e+00
5.901960784313725443e-03 0.000000000000000000e+00 6.656504142806156779e+03 3.254467708436620342e+03 9.228060698372128172e+03 9.200379045925453525e+00 0.000000000000000000e+00
6.039215686274509998e-03 0.000000000000000000e+00 6.656504142806156779e+03 3.254467708436620342e+03 9.228060698372128172e+03 9.200379045925453525e+00 0.000000000000000000e+00
6.176470588235293685e-03 0.000000000000000000e+00 6.656504142806156779e+03 3.254467708436620342e+03 9.228060698372128172e+03 9.200379045925453525e+00 0.000000000000000000e+00
6.313725490196078240e-03 0.000000000000000000e+00 6.656504142806156779e+03 3.254467708436620342e+03 9.228060698372128172e+03 9.200379045925453525e+00 0.000000000000000000e+00
6.450980392156862794e-03 0.000000000000000000e+00 6.656504142806156779e+03 3.254467708436620342e+03 9.228060698372128172e+03 9.200379045925453525e+00 0.000000000000000000e+00
6.588235294117646482e-03 0.000000000000000000e+00 6.656504142806156779e+03 3.254467708436620342e+03 9.228060698372128172e+03 9.200379045925453525e+00 0.000000000000000000e+00
6.725490196078431036e-03 0.000000000000000000e+00 6.656504142806156779e+03 3.254467708436620342e+03 9.228060698372128172e+03 9.200379045925453525e+00 0.000000000000000000e+00
6.862745098039215591e-03 0.000000000000000000e+00 0.000000000000000000e+00 0.000000000000000000e+00 0.000000000000000000e+00 0.000000000000000000e+00 0.000000000000000000e+00
