0.000000000000000000e+00 1.000000000000000000e+00 6.000000000000000000e+00 7.000000000000000000e+00 8.000000000000000000e+00 1.400000000000000000e+01 2.600000000000000000e+01 2.900000000000000000e+01
0.000000000000000000e+00 0.000000000000000000e+00 2.436312234315607384e+03 7.404470662991421401e-08 1.693236971691936560e+03 5.191474962410397720e-10 1.283786574902809662e+03 1.677572676841479506e+03
1.372549019607843107e-04 0.000000000000000000e+00 2.436316700269666853e+03 7.403436293319760144e-08 1.693236967445938944e+03 5.193918855986609291e-10 1.283786574902809662e+03 1.677597374051296811e+03
2.745098039215686215e-04 0.000000000000000000e+00 2.436374009113200373e+03 7.391541188083721736e-08 1.693236874333106925e+03 5.216802942730200895e-10 1.283786574902809662e+03 1.677891624119714152e+03
4.117647058823529051e-04 0.000000000000000000e+00 2.436724417638926752e+03 7.278884965122745005e-08 1.693235652434771964e+03 5.389592835209727210e-10 1.283786574902809662e+03 1.679509115501346059e+03
5.490196078431372429e-04 0.000000000000000000e+00 2.438366220603214060e+03 6.879937387668857258e-08 1.693221413586413291e+03 5.974797801719298426e-10 1.283786574902809662e+03 1.686162399314706136e+03
6.862745098039215808e-04 0.000000000000000000e+00 2.445172299331195518e+03 6.575962583714762687e-08 1.693054475667141105e+03 6.430890883844633021e-10 1.283786574902809662e+03 1.709738549245187642e+03
8.235294117647058102e-04 0.000000000000000000e+00 2.473624127583813788e+03 6.341226506238786175e-08 1.690869741418189733e+03 6.783107748302489379e-10 1.283255079751690573e+03 1.780391115101123432e+03
9.607843137254901481e-04 0.000000000000000000e+00 2.553918729532115321e+03 6.108638053907331128e-08 1.679424423231689843e+03 7.129864579250379934e-10 1.278530052135907681e+03 1.891307440435647095e+03
1.098039215686274486e-03 0.000000000000000000e+00 2.839967007520537209e+03 6.446619109401997657e-08 1.762473483195162089e+03 7.522232442901925880e-10 0.000000000000000000e+00 2.016234561870870948e+03
1.235294117647058824e-03 0.000000000000000000e+00 2.839930625545712701e+03 6.452363067062656731e-08 1.762473523415803811e+03 7.506534469236323270e-10 0.000000000000000000e+00 2.016048025973038648e+03
1.372549019607843162e-03 0.000000000000000000e+00 2.839683102229565975e+03 6.510574115885208342e-08 1.762474106357661640e+03 7.389112737652030605e-10 0.000000000000000000e+00 2.014891502529440231e+03
1.509803921568627499e-03 0.000000000000000000e+00 2.838481832567349556e+03 6.853133229027249338e-08 1.762481042637463361e+03 6.854162342071428087e-10 0.000000000000000000e+00 2.009919824526338289e+03
1.647058823529411620e-03 0.000000000000000000e+00 2.833417991168701974e+03 7.233268343366845942e-08 1.762561595241796340e+03 6.319356113775131572e-10 0.000000000000000000e+00 1.991828259981215979e+03
1.784313725490195958e-03 0.000000000000000000e+00 2.812776438648356816e+03 7.499780528207417567e-08 1.763583573304977108e+03 5.933730213780360618e-10 0.000000000000000000e+00 1.933245040881280829e+03
1.921568627450980296e-03 0.000000000000000000e+00 2.735243024355569105e+03 7.723986556816451049e-08 1.773732019741168642e+03 5.610517305436887504e-10 0.000000000000000000e+00 1.820545411986608315e+03
2.058823529411764851e-03 0.000000000000000000e+00 2.436312234315607384e+03 7.404518190623098848e-08 1.693236971691936560e+03 5.191348052650702823e-10 1.283786574902809662e+03 1.677572676841479506e+03
2.196078431372548972e-03 0.000000000000000000e+00 2.436312234315607384e+03 7.404518190623098848e-08 1.693236971691936560e+03 5.191348052650702823e-10 1.283786574902809662e+03 1.677572676841479506e+03
2.333333333333333093e-03 0.000000000000000000e+00 2.436312234315607384e+03 7.404518190623098848e-08 1.693236971691936560e+03 5.191348052650702823e-10 1.283786574902809662e+03 1.677572676841479506e+03
2.470588235294117647e-03 0.000000000000000000e+00 2.436312234315607384e+03 7.404518190623098848e-08 1.693236971691936560e+03 5.191348052650702823e-10 1.283786574902809662e+03 1.677572676841479506e+03
2.607843137254901768e-03 0.000000000000000000e+00 2.436312234315607384e+03 7.404518190623098848e-08 1.693236971691936560e+03 5.191348052650702823e-10 1.283786574902809662e+03 1.677572676841479506e+03
2.745098039215686323e-03 0.000000000000000000e+00 2.436312234315607384e+03 7.404518190623098848e-08 1.693236971691936560e+03 5.191348052650702823e-10 1.283786574902809662e+03 1.677572676841479506e+03
2.882352941176470444e-03 0.000000000000000000e+00 2.436312234315607384e+03 7.404518190623098848e-08 1.693236971691936560e+03 5.191348052650702823e-10 1.283786574902809662e+03 1.677572676841479506e+03
3.019607843137254999e-03 0.000000000000000000e+00 2.436312234315607384e+03 7.404518190623098848e-08 1.693236971691936560e+03 5.191348052650702823e-10 1.283786574902809662e+03 1.677572676841479506e+03
3.156862745098039120e-03 0.000000000000000000e+00 2.436312234315607384e+03 7.404518190623098848e-08 1.693236971691936560e+03 5.191348052650702823e-10 1.283786574902809662e+03 1.677572676841479506e+03
3.294117647058823241e-03 0.000000000000000000e+00 2.436312234315607384e+03 7.404518190623098848e-08 1.693236971691936560e+03 5.191348052650702823e-10 1.283786574902809662e+03 1.677572676841479506e+03
3.431372549019607796e-03 0.000000000000000000e+00 2.436312234315607384e+03 7.404515213860473374e-08 1.693236971691936560e+03 5.191356140535576616e-10 1.283786574902809662e+03 1.677572676841479506e+03
3.568627450980391917e-03 0.000000000000000000e+00 2.436312576852841630e+03 7.404254218348791954e-08 1.693236971392270107e+03 5.192020931159138152e-10 1.283786574902809662e+03 1.677574600758250881e+03
3.705882352941176471e-03 0.000000000000000000e+00 2.436330780107681221e+03 7.400610581210811601e-08 1.693236950560035893e+03 5.199831059207508436e-10 1.283786574902809662e+03 1.677672713745309693e+03
3.843137254901960592e-03 0.000000000000000000e+00 2.436478743365035371e+03 7.363143393753438277e-08 1.693236618794234118e+03 5.264075465317606176e-10 1.283786574902809662e+03 1.678397935616129644e+03
3.980392156862745147e-03 0.000000000000000000e+00 2.437246648565886971e+03 7.096981999726670583e-08 1.693232597781221557e+03 5.650225215102423079e-10 1.283786574902809662e+03 1.681736243623238806e+03
4.117647058823529702e-03 0.000000000000000000e+00 2.440596319102413872e+03 6.713914468828552243e-08 1.693186347062260893e+03 6.224867243759535202e-10 1.283786574902809662e+03 1.694370805444765892e+03
4.254901960784313389e-03 0.000000000000000000e+00 2.454231871937638971e+03 6.455002746927722774e-08 1.692627902916770836e+03 6.612403684577614295e-10 1.283764201589655613e+03 1.737249911357588189e+03
4.392156862745097944e-03 0.000000000000000000e+00 2.512186145906158799e+03 6.226083295260200215e-08 1.685628896835428804e+03 6.952335317129260213e-10 1.281117388788360131e+03 1.836485456092667619e+03
4.529411764705882498e-03 0.000000000000000000e+00 2.839968694664591567e+03 6.446174927868068325e-08 1.762473482035107281e+03 7.523894374117320229e-10 0.000000000000000000e+00 2.016243604564917860e+03
4.666666666666666186e-03 0.000000000000000000e+00 2.839968694664591567e+03 6.446174927868068325e-08 1.762473482035107281e+03 7.523894374117320229e-10 0.000000000000000000e+00 2.016243604564917860e+03
4.803921568627450740e-03 0.000000000000000000e+00 2.839968694664591567e+03 6.446174927868068325e-08 1.762473482035107281e+03 7.523894374117320229e-10 0.000000000000000000e+00 2.016243604564917860e+03
4.941176470588235295e-03 0.000000000000000000e+00 2.839968694664591567e+03 6.446174927868068325e-08 1.762473482035107281e+03 7.523894374117320229e-10 0.000000000000000000e+00 2.016243604564917860e+03
5.078431372549019850e-03 0.000000000000000000e+00 2.839968694664591567e+03 6.446174927868068325e-08 1.762473482035107281e+03 7.523894374117320229e-10 0.000000000000000000e+00 2.016243604564917860e+03
5.215686274509803537e-03 0.000000000000000000e+00 2.839968694664591567e+03 6.446174927868068325e-08 1.762473482035107281e+03 7.523894374117320229e-10 0.000000000000000000e+00 2.016243604564917860e+03
5.352941176470588092e-03 0.000000000000000000e+00 2.839968694664591567e+03 6.446174927868068325e-08 1.762473482035107281e+03 7.523894374117320229e-10 0.000000000000000000e+00 2.016243604564917860e+03
5.490196078431372646e-03 0.000000000000000000e+00 2.839968694664591567e+03 6.446174927868068325e-08 1.762473482035107281e+03 7.523894374117320229e-10 0.000000000000000000e+00 2.016243604564917860e+03
5.627450980392156334e-03 0.000000000000000000e+00 2.839968694664591567e+03 6.446174927868068325e-08 1.762473482035107281e+03 7.523894374117320229e-10 0.000000000000000000e+00 2.016243604564917860e+03
5.764705882352940888e-03 0.000000000000000000e+00 2.839968694664591567e+03 6.446174927868068325e-08 1.762473482035107281e+03 7.523894374117320229e-10 0.000000000000000000e+00 2.016243604564917860e+03
5.901960784313725443e-03 0.000000000000000000e+00 2.839968694664591567e+03 6.446174927868068325e-08 1.762473482035107281e+03 7.523894374117320229e-10 0.000000000000000000e+00 2.016243604564917860e+03
6.039215686274509998e-03 0.000000000000000000e+00 2.839968694664591567e+03 6.446174927868068325e-08 1.762473482035107281e+03 7.523894374117320229e-10 0.000000000000000000e+00 2.016243604564917860e+03
6.176470588235293685e-03 0.000000000000000000e+00 2.839968694664591567e+03 6.446174927868068325e-08 1.762473482035107281e+03 7.523894374117320229e-10 0.000000000000000000e+00 2.016243604564917860e+03
6.313725490196078240e-03 0.000000000000000000e+00 2.839968694664591567e+03 6.446174927868068325e-08 1.762473482035107281e+03 7.523894374117320229e-10 0.000000000000000000e+00 2.016243604564917860e+03
6.450980392156862794e-03 0.000000000000000000e+00 2.839968694664591567e+03 6.446174927868073619e-08 1.762473482035107281e+03 7.523894374117318161e-10 0.000000000000000000e+00 2.016243604564917860e+03
6.588235294117646482e-03 0.000000000000000000e+00 2.839968694664591567e+03 6.446174927868072296e-08 1.762473482035107281e+03 7.523894374117316093e-10 0.000000000000000000e+00 2.016243604564917860e+03
6.725490196078431036e-03 0.000000000000000000e+00 2.839968694664591567e+03 6.446174927868073619e-08 1.762473482035107281e+03 7.523894374117312991e-10 0.000000000000000000e+00 2.016243604564917860e+03
6.862745098039215591e-03 0.000000000000000000e+00 0.000000000000000000e+00 0.000000000000000000e+00 0.000000000000000000e+00 0.000000000000000000e+00 0.000000000000000000e+00 0.000000000000000000e+00
