0.000000000000000000e+00 1.000000000000000000e+00 6.000000000000000000e+00 7.000000000000000000e+00 8.000000000000000000e+00 1.400000000000000000e+01 2.600000000000000000e+01 2.900000000000000000e+01
0.000000000000000000e+00 0.000000000000000000e+00 2.436312234315607384e+03 7.404518190623098848e-08 1.693236971691936560e+03 5.191348052650702823e-10 1.283786574902809662e+03 1.677572676841479506e+03
1.372549019607843107e-04 0.000000000000000000e+00 2.436312234315607384e+03 7.404518190623104142e-08 1.693236971691936560e+03 5.191348052650705925e-10 1.283786574902809662e+03 1.677572676841479733e+03
2.745098039215686215e-04 0.000000000000000000e+00 2.436312234315607384e+03 7.404518190623102819e-08 1.693236971691936560e+03 5.191348052650704891e-10 1.283786574902809662e+03 1.677572676841479506e+03
4.117647058823529051e-04 0.000000000000000000e+00 2.436312234315607384e+03 7.404518190623104142e-08 1.693236971691936560e+03 5.191348052650705925e-10 1.283786574902809662e+03 1.677572676841479506e+03
5.490196078431372429e-04 0.000000000000000000e+00 2.436312234315607384e+03 7.404518190623101495e-08 1.693236971691936560e+03 5.191348052650703857e-10 1.283786574902809662e+03 1.677572676841479506e+03
6.862745098039215808e-04 0.000000000000000000e+00 2.436312234315607384e+03 7.404518190623098848e-08 1.693236971691936560e+03 5.191348052650702823e-10 1.283786574902809662e+03 1.677572676841479506e+03
8.235294117647058102e-04 0.000000000000000000e+00 2.436312234315607384e+03 7.404518190623098848e-08 1.693236971691936560e+03 5.191348052650702823e-10 1.283786574902809662e+03 1.677572676841479506e+03
9.607843137254901481e-04 0.000000000000000000e+00 2.436312234315607384e+03 7.404518190623098848e-08 1.693236971691936560e+03 5.191348052650702823e-10 1.283786574902809662e+03 1.677572676841479506e+03
1.098039215686274486e-03 0.000000000000000000e+00 2.749227251294390953e+03 7.675118195835595135e-08 1.771587183850357633e+03 5.674774365960081182e-10 0.000000000000000000e+00 1.837642983924303735e+03
1.235294117647058824e-03 0.000000000000000000e+00 2.817893871803797992e+03 7.397550077665863054e-08 1.763217955945254744e+03 6.080541522605664965e-10 0.000000000000000000e+00 1.945494297903231427e+03
1.372549019607843162e-03 0.000000000000000000e+00 2.834651679924834298e+03 7.049788541426644381e-08 1.762534268281259756e+03 6.577552300620983725e-10 0.000000000000000000e+00 1.995987445815386309e+03
1.509803921568627499e-03 0.000000000000000000e+00 2.838782935360075953e+03 6.582347307617769810e-08 1.762478716680822572e+03 7.264047513048970188e-10 0.000000000000000000e+00 2.011110263720070634e+03
1.647058823529411620e-03 0.000000000000000000e+00 2.839748741111208801e+03 6.456381488015428658e-08 1.762473906692585842e+03 7.496902687285388053e-10 0.000000000000000000e+00 2.015186730348599667e+03
1.784313725490195958e-03 0.000000000000000000e+00 2.839941907100566823e+03 6.446749021554515719e-08 1.762473508299371133e+03 7.521796518172484671e-10 0.000000000000000000e+00 2.016104361510000444e+03
1.921568627450980296e-03 0.000000000000000000e+00 2.839967960281217074e+03 6.446184819081634276e-08 1.762473482522507084e+03 7.523846867772770853e-10 0.000000000000000000e+00 2.016239660288588084e+03
2.058823529411764851e-03 0.000000000000000000e+00 2.543442120521839570e+03 6.184782613794133026e-08 1.680944483322871747e+03 7.017750520942205172e-10 1.279160285040556801e+03 1.876955965469271632e+03
2.196078431372548972e-03 0.000000000000000000e+00 2.466523913808445741e+03 6.420005052306195797e-08 1.691616808185866603e+03 6.662936868139496541e-10 1.283507254920685227e+03 1.766501909513517830e+03
2.333333333333333093e-03 0.000000000000000000e+00 2.443525793523615903e+03 6.715404276816193808e-08 1.693109394618314582e+03 6.220143849883092470e-10 1.283786574902809662e+03 1.704355153388309873e+03
2.470588235294117647e-03 0.000000000000000000e+00 2.437960571033730503e+03 7.154238506291358387e-08 1.693226035298037914e+03 5.563077934675333665e-10 1.283786574902809662e+03 1.684594465569697832e+03
2.607843137254901768e-03 0.000000000000000000e+00 2.436633273243761323e+03 7.381143540553468018e-08 1.693236054027089040e+03 5.233766843060816211e-10 1.283786574902809662e+03 1.679104498154279554e+03
2.745098039215686323e-03 0.000000000000000000e+00 2.436357134236110596e+03 7.403009231707033089e-08 1.693236906572645694e+03 5.194777923732552387e-10 1.283786574902809662e+03 1.677807276056243836e+03
2.882352941176470444e-03 0.000000000000000000e+00 2.436314847163743252e+03 7.404468567456223710e-08 1.693236969276465288e+03 5.191479302282369081e-10 1.283786574902809662e+03 1.677587195783808511e+03
3.019607843137254999e-03 0.000000000000000000e+00 2.436312234315607384e+03 7.404518190623098848e-08 1.693236971691936560e+03 5.191348052650702823e-10 1.283786574902809662e+03 1.677572676841479506e+03
3.156862745098039120e-03 0.000000000000000000e+00 2.436312234315607384e+03 7.404518190623098848e-08 1.693236971691936560e+03 5.191348052650702823e-10 1.283786574902809662e+03 1.677572676841479506e+03
3.294117647058823241e-03 0.000000000000000000e+00 2.436312234315607384e+03 7.404518190623098848e-08 1.693236971691936560e+03 5.191348052650702823e-10 1.283786574902809662e+03 1.677572676841479506e+03
3.431372549019607796e-03 0.000000000000000000e+00 2.436312234315607384e+03 7.404518190623098848e-08 1.693236971691936560e+03 5.191348052650702823e-10 1.283786574902809662e+03 1.677572676841479506e+03
3.568627450980391917e-03 0.000000000000000000e+00 2.436312234315607384e+03 7.404518190623098848e-08 1.693236971691936560e+03 5.191348052650702823e-10 1.283786574902809662e+03 1.677572676841479506e+03
3.705882352941176471e-03 0.000000000000000000e+00 2.436312234315607384e+03 7.404518190623098848e-08 1.693236971691936560e+03 5.191348052650702823e-10 1.283786574902809662e+03 1.677572676841479506e+03
3.843137254901960592e-03 0.000000000000000000e+00 2.436312234315607384e+03 7.404518190623098848e-08 1.693236971691936560e+03 5.191348052650702823e-10 1.283786574902809662e+03 1.677572676841479506e+03
3.980392156862745147e-03 0.000000000000000000e+00 2.436312234315607384e+03 7.404518190623098848e-08 1.693236971691936560e+03 5.191348052650702823e-10 1.283786574902809662e+03 1.677572676841479506e+03
4.117647058823529702e-03 0.000000000000000000e+00 2.436312234315607384e+03 7.404518190623098848e-08 1.693236971691936560e+03 5.191348052650702823e-10 1.283786574902809662e+03 1.677572676841479506e+03
4.254901960784313389e-03 0.000000000000000000e+00 2.436312234315607384e+03 7.404518190623098848e-08 1.693236971691936560e+03 5.191348052650702823e-10 1.283786574902809662e+03 1.677572676841479506e+03
4.392156862745097944e-03 0.000000000000000000e+00 2.436312234315607384e+03 7.404518190623098848e-08 1.693236971691936560e+03 5.191348052650702823e-10 1.283786574902809662e+03 1.677572676841479506e+03
4.529411764705882498e-03 0.000000000000000000e+00 2.706153796523705751e+03 7.813672895664930684e-08 1.777992423102112980e+03 5.478208645949244873e-10 0.000000000000000000e+00 1.782557912344140959e+03
4.666666666666666186e-03 0.000000000000000000e+00 2.793954278706975856e+03 7.538267308372802803e-08 1.765410867121095862e+03 5.876989697895094275e-10 0.000000000000000000e+00 1.897121093209492756e+03
4.803921568627450740e-03 0.000000000000000000e+00 2.829010000819085690e+03 7.239015057572341376e-08 1.762690854614799946e+03 6.309067699104058242e-10 0.000000000000000000e+00 1.977627220385950295e+03
4.941176470588235295e-03 0.000000000000000000e+00 2.837391956114339791e+03 6.794331680129967616e-08 1.762491913959698650e+03 6.935539881167553546e-10 0.000000000000000000e+00 2.005774268019197962e+03
5.078431372549019850e-03 0.000000000000000000e+00 2.839436860338020324e+03 6.484432448945931757e-08 1.762475041366579035e+03 7.438120381439621407e-10 0.000000000000000000e+00 2.013817948953261748e+03
5.215686274509803537e-03 0.000000000000000000e+00 2.839884148337425813e+03 6.448722283332386290e-08 1.762473598086745142e+03 7.515951944748171028e-10 0.000000000000000000e+00 2.015821140898151498e+03
5.352941176470588092e-03 0.000000000000000000e+00 2.839961811574481089e+03 6.446279086115034495e-08 1.762473487274098488e+03 7.523453985222569050e-10 0.000000000000000000e+00 2.016206963154131927e+03
5.490196078431372646e-03 0.000000000000000000e+00 2.839968694664591567e+03 6.446174927868068325e-08 1.762473482035107281e+03 7.523894374117320229e-10 0.000000000000000000e+00 2.016243604564917860e+03
5.627450980392156334e-03 0.000000000000000000e+00 2.839968694664591567e+03 6.446174927868068325e-08 1.762473482035107281e+03 7.523894374117320229e-10 0.000000000000000000e+00 2.016243604564917860e+03
5.764705882352940888e-03 0.000000000000000000e+00 2.839968694664591567e+03 6.446174927868068325e-08 1.762473482035107281e+03 7.523894374117320229e-10 0.000000000000000000e+00 2.016243604564917860e+03
5.901960784313725443e-03 0.000000000000000000e+00 2.839968694664591567e+03 6.446174927868068325e-08 1.762473482035107281e+03 7.523894374117320229e-10 0.000000000000000000e+00 2.016243604564917860e+03
6.039215686274509998e-03 0.000000000000000000e+00 2.839968694664591567e+03 6.446174927868068325e-08 1.762473482035107281e+03 7.523894374117320229e-10 0.000000000000000000e+00 2.016243604564917860e+03
6.176470588235293685e-03 0.000000000000000000e+00 2.839968694664591567e+03 6.446174927868068325e-08 1.762473482035107281e+03 7.523894374117320229e-10 0.000000000000000000e+00 2.016243604564917860e+03
6.313725490196078240e-03 0.000000000000000000e+00 2.839968694664591567e+03 6.446174927868068325e-08 1.762473482035107281e+03 7.523894374117320229e-10 0.000000000000000000e+00 2.016243604564917860e+03
6.450980392156862794e-03 0.000000000000000000e+00 2.839968694664591567e+03 6.446174927868068325e-08 1.762473482035107281e+03 7.523894374117320229e-10 0.000000000000000000e+00 2.016243604564917860e+03
6.588235294117646482e-03 0.000000000000000000e+00 2.839968694664591567e+03 6.446174927868068325e-08 1.762473482035107281e+03 7.523894374117320229e-10 0.000000000000000000e+00 2.016243604564917860e+03
6.725490196078431036e-03 0.000000000000000000e+00 2.839968694664591567e+03 6.446174927868068325e-08 1.762473482035107281e+03 7.523894374117320229e-10 0.000000000000000000e+00 2.016243604564917860e+03
6.862745098039215591e-03 0.000000000000000000e+00 0.000000000000000000e+00 0.000000000000000000e+00 0.000000000000000000e+00 0.000000000000000000e+00 0.000000000000000000e+00 0.000000000000000000e+00
