0.000000000000000000e+00 1.000000000000000000e+00 6.000000000000000000e+00 7.000000000000000000e+00 8.000000000000000000e+00 1.400000000000000000e+01 2.600000000000000000e+01 2.900000000000000000e+01
0.000000000000000000e+00 0.000000000000000000e+00 2.436312234315607384e+03 7.404518190623098848e-08 1.693236971691936560e+03 5.191348052650702823e-10 1.283786574902809662e+03 1.677572676841479506e+03
1.372549019607843107e-04 0.000000000000000000e+00 2.436316700269666853e+03 7.404428202793082050e-08 1.693236967445938944e+03 5.191582356618549083e-10 1.283786574902809662e+03 1.677597374051296811e+03
2.745098039215686215e-04 0.000000000000000000e+00 2.436374009113200373e+03 7.402236036367057336e-08 1.693236874333106925e+03 5.196383687774017781e-10 1.283786574902809662e+03 1.677891624119714152e+03
4.117647058823529051e-04 0.000000000000000000e+00 2.436724417638926752e+03 7.370658040119534027e-08 1.693235652434771964e+03 5.250695799223008756e-10 1.283786574902809662e+03 1.679509115501346059e+03
5.490196078431372429e-04 0.000000000000000000e+00 2.438366220603214060e+03 7.089899183692767104e-08 1.693221413586413291e+03 5.656584835624493913e-10 1.283786574902809662e+03 1.686162399314706136e+03
6.862745098039215808e-04 0.000000000000000000e+00 2.445172299331195518e+03 6.668159460257248633e-08 1.693054475667141105e+03 6.291066500334504386e-10 1.283786574902809662e+03 1.709738549245187642e+03
8.235294117647058102e-04 0.000000000000000000e+00 2.473624127583813788e+03 6.383454856803148159e-08 1.690869741418189733e+03 6.718242085859618332e-10 1.283255079751690573e+03 1.780391115101123432e+03
9.607843137254901481e-04 0.000000000000000000e+00 2.553918729532115321e+03 6.110107233809363313e-08 1.679424423231689843e+03 7.127444894703041475e-10 1.278530052135907681e+03 1.891307440435647095e+03
1.098039215686274486e-03 0.000000000000000000e+00 2.839967007520537209e+03 6.446196855309046673e-08 1.762473483195162089e+03 7.523792598330874150e-10 0.000000000000000000e+00 2.016234561870870948e+03
1.235294117647058824e-03 0.000000000000000000e+00 2.839930625545712701e+03 6.447065244590014344e-08 1.762473523415803811e+03 7.520780736817678135e-10 0.000000000000000000e+00 2.016048025973038648e+03
1.372549019607843162e-03 0.000000000000000000e+00 2.839683102229565975e+03 6.461224321534968745e-08 1.762474106357661640e+03 7.485958875562632867e-10 0.000000000000000000e+00 2.014891502529440231e+03
1.509803921568627499e-03 0.000000000000000000e+00 2.838481832567349556e+03 6.633265510175017193e-08 1.762481042637463361e+03 7.180948519602639314e-10 0.000000000000000000e+00 2.009919824526338289e+03
1.647058823529411620e-03 0.000000000000000000e+00 2.833417991168701974e+03 7.109762443543486746e-08 1.762561595241796340e+03 6.493426404264073947e-10 0.000000000000000000e+00 1.991828259981215979e+03
1.784313725490195958e-03 0.000000000000000000e+00 2.812776438648356816e+03 7.438652011297523834e-08 1.763583573304977108e+03 6.021673867833747589e-10 0.000000000000000000e+00 1.933245040881280829e+03
1.921568627450980296e-03 0.000000000000000000e+00 2.735243024355569105e+03 7.719798022967864261e-08 1.773732019741168642e+03 5.616927862790255920e-10 0.000000000000000000e+00 1.820545411986608315e+03
2.058823529411764851e-03 0.000000000000000000e+00 2.436312234315607384e+03 7.404518190623098848e-08 1.693236971691936560e+03 5.191348052650702823e-10 1.283786574902809662e+03 1.677572676841479506e+03
2.196078431372548972e-03 0.000000000000000000e+00 2.436312234315607384e+03 7.404518190623098848e-08 1.693236971691936560e+03 5.191348052650702823e-10 1.283786574902809662e+03 1.677572676841479506e+03
2.333333333333333093e-03 0.000000000000000000e+00 2.436312234315607384e+03 7.404518190623098848e-08 1.693236971691936560e+03 5.191348052650702823e-10 1.283786574902809662e+03 1.677572676841479506e+03
2.470588235294117647e-03 0.000000000000000000e+00 2.436312234315607384e+03 7.404518190623098848e-08 1.693236971691936560e+03 5.191348052650702823e-10 1.283786574902809662e+03 1.677572676841479506e+03
2.607843137254901768e-03 0.000000000000000000e+00 2.436312234315607384e+03 7.404518190623098848e-08 1.693236971691936560e+03 5.191348052650702823e-10 1.283786574902809662e+03 1.677572676841479506e+03
2.745098039215686323e-03 0.000000000000000000e+00 2.436312234315607384e+03 7.404518190623098848e-08 1.693236971691936560e+03 5.191348052650702823e-10 1.283786574902809662e+03 1.677572676841479506e+03
2.882352941176470444e-03 0.000000000000000000e+00 2.436312234315607384e+03 7.404518190623098848e-08 1.693236971691936560e+03 5.191348052650702823e-10 1.283786574902809662e+03 1.677572676841479506e+03
3.019607843137254999e-03 0.000000000000000000e+00 2.436312234315607384e+03 7.404518190623098848e-08 1.693236971691936560e+03 5.191348052650702823e-10 1.283786574902809662e+03 1.677572676841479506e+03
3.156862745098039120e-03 0.000000000000000000e+00 2.436312234315607384e+03 7.404518190623098848e-08 1.693236971691936560e+03 5.191348052650702823e-10 1.283786574902809662e+03 1.677572676841479506e+03
3.294117647058823241e-03 0.000000000000000000e+00 2.436312234315607384e+03 7.404518190623098848e-08 1.693236971691936560e+03 5.191348052650702823e-10 1.283786574902809662e+03 1.677572676841479506e+03
3.431372549019607796e-03 0.000000000000000000e+00 2.436312234315607384e+03 7.404518190623098848e-08 1.693236971691936560e+03 5.191348052650702823e-10 1.283786574902809662e+03 1.677572676841479506e+03
3.568627450980391917e-03 0.000000000000000000e+00 2.436312576852841630e+03 7.404511022238717776e-08 1.693236971392270107e+03 5.191367446548552753e-10 1.283786574902809662e+03 1.677574600758250881e+03
3.705882352941176471e-03 0.000000000000000000e+00 2.436330780107681221e+03 7.404005098244233674e-08 1.693236950560035893e+03 5.192593135203048606e-10 1.283786574902809662e+03 1.677672713745309693e+03
3.843137254901960592e-03 0.000000000000000000e+00 2.436478743365035371e+03 7.395432954007833583e-08 1.693236618794234118e+03 5.209296334181863472e-10 1.283786574902809662e+03 1.678397935616129644e+03
3.980392156862745147e-03 0.000000000000000000e+00 2.437246648565886971e+03 7.285739449057792665e-08 1.693232597781221557e+03 5.376320361574408482e-10 1.283786574902809662e+03 1.681736243623238806e+03
4.117647058823529702e-03 0.000000000000000000e+00 2.440596319102413872e+03 6.851293023699192765e-08 1.693186347062260893e+03 6.015088528011427848e-10 1.283786574902809662e+03 1.694370805444765892e+03
4.254901960784313389e-03 0.000000000000000000e+00 2.454231871937638971e+03 6.517739873054937642e-08 1.692627902916770836e+03 6.516753355406274323e-10 1.283764201589655613e+03 1.737249911357588189e+03
4.392156862745097944e-03 0.000000000000000000e+00 2.512186145906158799e+03 6.260535729704402062e-08 1.685628896835428804e+03 6.903810082500905216e-10 1.281117388788360131e+03 1.836485456092667619e+03
4.529411764705882498e-03 0.000000000000000000e+00 2.839968694664591567e+03 6.446174927868068325e-08 1.762473482035107281e+03 7.523894374117320229e-10 0.000000000000000000e+00 2.016243604564917860e+03
4.666666666666666186e-03 0.000000000000000000e+00 2.839968694664591567e+03 6.446174927868068325e-08 1.762473482035107281e+03 7.523894374117320229e-10 0.000000000000000000e+00 2.016243604564917860e+03
4.803921568627450740e-03 0.000000000000000000e+00 2.839968694664591567e+03 6.446174927868068325e-08 1.762473482035107281e+03 7.523894374117320229e-10 0.000000000000000000e+00 2.016243604564917860e+03
4.941176470588235295e-03 0.000000000000000000e+00 2.839968694664591567e+03 6.446174927868068325e-08 1.762473482035107281e+03 7.523894374117320229e-10 0.000000000000000000e+00 2.016243604564917860e+03
5.078431372549019850e-03 0.000000000000000000e+00 2.839968694664591567e+03 6.446174927868068325e-08 1.762473482035107281e+03 7.523894374117320229e-10 0.000000000000000000e+00 2.016243604564917860e+03
5.215686274509803537e-03 0.000000000000000000e+00 2.839968694664591567e+03 6.446174927868068325e-08 1.762473482035107281e+03 7.523894374117320229e-10 0.000000000000000000e+00 2.016243604564917860e+03
5.352941176470588092e-03 0.000000000000000000e+00 2.839968694664591567e+03 6.446174927868068325e-08 1.762473482035107281e+03 7.523894374117320229e-10 0.000000000000000000e+00 2.016243604564917860e+03
5.490196078431372646e-03 0.000000000000000000e+00 2.839968694664591567e+03 6.446174927868068325e-08 1.762473482035107281e+03 7.523894374117320229e-10 0.000000000000000000e+00 2.016243604564917860e+03
5.627450980392156334e-03 0.000000000000000000e+00 2.839968694664591567e+03 6.446174927868068325e-08 1.762473482035107281e+03 7.523894374117320229e-10 0.000000000000000000e+00 2.016243604564917860e+03
5.764705882352940888e-03 0.000000000000000000e+00 2.839968694664591567e+03 6.446174927868068325e-08 1.762473482035107281e+03 7.523894374117320229e-10 0.000000000000000000e+00 2.016243604564917860e+03
5.901960784313725443e-03 0.000000000000000000e+00 2.839968694664591567e+03 6.446174927868068325e-08 1.762473482035107281e+03 7.523894374117320229e-10 0.000000000000000000e+00 2.016243604564917860e+03
6.039215686274509998e-03 0.000000000000000000e+00 2.839968694664591567e+03 6.446174927868068325e-08 1.762473482035107281e+03 7.523894374117320229e-10 0.000000000000000000e+00 2.016243604564917860e+03
6.176470588235293685e-03 0.000000000000000000e+00 2.839968694664591567e+03 6.446174927868068325e-08 1.762473482035107281e+03 7.523894374117320229e-10 0.000000000000000000e+00 2.016243604564917860e+03
6.313725490196078240e-03 0.000000000000000000e+00 2.839968694664591567e+03 6.446174927868068325e-08 1.762473482035107281e+03 7.523894374117320229e-10 0.000000000000000000e+00 2.016243604564917860e+03
6.450980392156862794e-03 0.000000000000000000e+00 2.839968694664591567e+03 6.446174927868069649e-08 1.762473482035107281e+03 7.523894374117318161e-10 0.000000000000000000e+00 2.016243604564917860e+03
6.588235294117646482e-03 0.000000000000000000e+00 2.839968694664591567e+03 6.446174927868074943e-08 1.762473482035107281e+03 7.523894374117319195e-10 0.000000000000000000e+00 2.016243604564917860e+03
6.725490196078431036e-03 0.000000000000000000e+00 2.839968694664591567e+03 6.446174927868072296e-08 1.762473482035107281e+03 7.523894374117316093e-10 0.000000000000000000e+00 2.016243604564917860e+03
6.862745098039215591e-03 0.000000000000000000e+00 0.000000000000000000e+00 0.000000000000000000e+00 0.000000000000000000e+00 0.000000000000000000e+00 0.000000000000000000e+00 0.000000000000000000e+00
