0.000000000000000000e+00 1.000000000000000000e+00 6.000000000000000000e+00 7.000000000000000000e+00 8.000000000000000000e+00 1.400000000000000000e+01 2.600000000000000000e+01 2.900000000000000000e+01
0.000000000000000000e+00 0.000000000000000000e+00 3.769494698486454922e+02 2.442563640525781565e+00 3.834817307957090406e+02 3.244601643013274588e+04 0.000000000000000000e+00 0.000000000000000000e+00
2.745098039215686147e-05 0.000000000000000000e+00 3.769494698486454922e+02 2.442563640525781565e+00 3.834817307957090406e+02 3.244601643013274588e+04 0.000000000000000000e+00 0.000000000000000000e+00
5.490196078431372294e-05 0.000000000000000000e+00 3.769494698486454922e+02 2.442618189416675634e+00 3.834817307957090406e+02 3.244572125234992927e+04 0.000000000000000000e+00 0.000000000000000000e+00
8.235294117647058102e-05 0.000000000000000000e+00 3.769494698486454922e+02 2.446149527317234451e+00 3.834817307957090406e+02 3.243061090417508240e+04 0.000000000000000000e+00 0.000000000000000000e+00
1.098039215686274459e-04 0.000000000000000000e+00 3.769494698486454922e+02 2.466312062174255804e+00 3.834817307957090406e+02 3.236823873992597873e+04 0.000000000000000000e+00 0.000000000000000000e+00
1.372549019607843107e-04 0.000000000000000000e+00 3.769494698486454922e+02 2.532542402218319388e+00 3.834817307957090406e+02 3.221836608801929106e+04 0.000000000000000000e+00 0.000000000000000000e+00
1.647058823529411620e-04 0.000000000000000000e+00 3.769494698486454922e+02 2.658369518272240217e+00 3.834817307957090406e+02 3.196656520893359993e+04 0.000000000000000000e+00 0.000000000000000000e+00
1.921568627450980405e-04 0.000000000000000000e+00 3.769494698486454922e+02 2.879858078679282229e+00 3.834817307957090406e+02 3.155754146580880115e+04 0.000000000000000000e+00 0.000000000000000000e+00
2.196078431372548918e-04 0.000000000000000000e+00 3.153877542984138245e+02 2.889040404410874618e+00 3.508781931583276332e+02 3.100090183924917073e+04 5.681901195252896741e+02 0.000000000000000000e+00
2.470588235294117431e-04 0.000000000000000000e+00 3.153877542984138245e+02 2.889040404410874618e+00 3.508781931583276332e+02 3.100090183924917073e+04 5.681901195252896741e+02 0.000000000000000000e+00
2.745098039215686215e-04 0.000000000000000000e+00 3.153877542984138245e+02 2.889007671040645597e+00 3.508781931583276332e+02 3.099657404361214503e+04 5.681901195252896741e+02 0.000000000000000000e+00
3.019607843137254999e-04 0.000000000000000000e+00 3.153877542984138245e+02 2.888759916743700362e+00 3.508781931583276332e+02 3.097163868919742526e+04 5.681901195252896741e+02 0.000000000000000000e+00
3.294117647058823241e-04 0.000000000000000000e+00 3.153877542984138245e+02 2.887841379634389583e+00 3.508781931583276332e+02 3.090397022523654232e+04 5.681901195252896741e+02 0.000000000000000000e+00
3.568627450980392025e-04 0.000000000000000000e+00 3.153877542984138245e+02 2.885939855141752997e+00 3.508781931583276332e+02 3.078106359378223351e+04 5.681901195252896741e+02 0.000000000000000000e+00
3.843137254901960809e-04 0.000000000000000000e+00 3.153877542984138245e+02 2.882781162798288221e+00 3.508781931583276332e+02 3.058438550535454488e+04 5.681901195252896741e+02 0.000000000000000000e+00
4.117647058823529051e-04 0.000000000000000000e+00 3.003387471405220595e+02 2.855190037691039517e+00 3.438385827212186996e+02 3.018745047356194482e+04 0.000000000000000000e+00 2.641451456758388758e+03
4.392156862745097835e-04 0.000000000000000000e+00 3.003387471405220595e+02 2.855190037691039517e+00 3.438385827212186996e+02 3.018745047356194482e+04 0.000000000000000000e+00 2.641451456758388758e+03
4.666666666666666619e-04 0.000000000000000000e+00 3.003387471405220595e+02 2.854428287534578335e+00 3.438385827212186996e+02 3.019214911585442678e+04 0.000000000000000000e+00 2.641451456758388758e+03
4.941176470588234861e-04 0.000000000000000000e+00 3.003387471405220595e+02 2.845109390157746443e+00 3.438385827212186996e+02 3.023782847544844117e+04 0.000000000000000000e+00 2.641451456758388758e+03
5.215686274509804187e-04 0.000000000000000000e+00 3.003387471405221163e+02 2.805949870159393011e+00 3.438385827212186996e+02 3.038026368945969443e+04 0.000000000000000000e+00 2.641451456758388758e+03
5.490196078431372429e-04 0.000000000000000000e+00 3.003387471405221163e+02 2.712072564399196750e+00 3.438385827212186996e+02 3.067028275321760884e+04 0.000000000000000000e+00 2.641451456758388758e+03
5.764705882352940671e-04 0.000000000000000000e+00 3.003387471405221163e+02 2.560191581932322880e+00 3.438385827212186996e+02 3.113927021023623456e+04 0.000000000000000000e+00 2.641451456758388758e+03
6.039215686274509998e-04 0.000000000000000000e+00 3.769494698486454922e+02 2.442563640525781565e+00 3.834817307957090406e+02 3.244601643013274588e+04 0.000000000000000000e+00 0.000000000000000000e+00
6.313725490196078240e-04 0.000000000000000000e+00 3.769494698486454922e+02 2.442563640525781565e+00 3.834817307957090406e+02 3.244601643013274588e+04 0.000000000000000000e+00 0.000000000000000000e+00
6.588235294117646482e-04 0.000000000000000000e+00 3.769494698486454922e+02 2.442725251280121856e+00 3.834817307957090406e+02 3.244516703612776837e+04 0.000000000000000000e+00 0.000000000000000000e+00
6.862745098039215808e-04 0.000000000000000000e+00 3.769494698486454922e+02 2.447531534600142500e+00 3.834817307957090406e+02 3.242543496844688343e+04 0.000000000000000000e+00 0.000000000000000000e+00
7.137254901960784050e-04 0.000000000000000000e+00 3.769494698486454922e+02 2.472136567310927013e+00 3.834817307957090406e+02 3.235308144085214008e+04 0.000000000000000000e+00 0.000000000000000000e+00
7.411764705882352292e-04 0.000000000000000000e+00 3.769494698486454922e+02 2.546610152597903909e+00 3.834817307957090406e+02 3.218909477065723331e+04 0.000000000000000000e+00 0.000000000000000000e+00
7.686274509803921618e-04 0.000000000000000000e+00 3.769494698486454922e+02 2.682376033787676306e+00 3.834817307957090406e+02 3.191819976853231128e+04 0.000000000000000000e+00 0.000000000000000000e+00
7.960784313725489860e-04 0.000000000000000000e+00 3.769494698486454922e+02 2.915834418208383738e+00 3.834817307957090406e+02 3.147482132799645115e+04 0.000000000000000000e+00 0.000000000000000000e+00
8.235294117647058102e-04 0.000000000000000000e+00 3.153877542984138245e+02 2.888124494764172656e+00 3.508781931583276332e+02 3.092315735062429667e+04 5.681901195252896741e+02 0.000000000000000000e+00
8.509803921568627428e-04 0.000000000000000000e+00 3.153877542984138245e+02 2.886421309725544670e+00 3.508781931583276332e+02 3.081231351068990625e+04 5.681901195252896741e+02 0.000000000000000000e+00
8.784313725490195670e-04 0.000000000000000000e+00 3.153877542984138245e+02 2.880673659477356541e+00 3.508781931583276332e+02 3.065197521843680806e+04 5.681901195252896741e+02 0.000000000000000000e+00
9.058823529411763912e-04 0.000000000000000000e+00 3.003387471405220595e+02 2.834063371882487470e+00 3.438385827212186996e+02 3.028286015225763549e+04 0.000000000000000000e+00 2.641451456758388758e+03
9.333333333333333239e-04 0.000000000000000000e+00 3.003387471405221163e+02 2.772102004086558047e+00 3.438385827212186996e+02 3.048617431622779623e+04 0.000000000000000000e+00 2.641451456758388758e+03
9.607843137254901481e-04 0.000000000000000000e+00 3.003387471405221163e+02 2.655640126451237926e+00 3.438385827212186996e+02 3.084293866891901780e+04 0.000000000000000000e+00 2.641451456758388758e+03
9.882352941176469723e-04 0.000000000000000000e+00 3.003387471405221163e+02 2.473502444832605285e+00 3.438385827212186996e+02 3.140633845986523738e+04 0.000000000000000000e+00 2.641451456758388758e+03
1.015686274509803796e-03 0.000000000000000000e+00 3.769494698486454922e+02 2.475482824211350685e+00 3.834817307957090406e+02 3.234314366165633692e+04 0.000000000000000000e+00 0.000000000000000000e+00
1.043137254901960837e-03 0.000000000000000000e+00 3.769494698486454922e+02 2.553950636165458477e+00 3.834817307957090406e+02 3.215540293422707691e+04 0.000000000000000000e+00 0.000000000000000000e+00
1.070588235294117662e-03 0.000000000000000000e+00 3.769494698486454922e+02 2.693082501629503689e+00 3.834817307957090406e+02 3.183391073763970417e+04 0.000000000000000000e+00 0.000000000000000000e+00
1.098039215686274486e-03 0.000000000000000000e+00 3.769494698486454922e+02 2.912761853574090676e+00 3.834817307957090406e+02 3.136433859814022799e+04 0.000000000000000000e+00 0.000000000000000000e+00
1.125490196078431310e-03 0.000000000000000000e+00 3.153877542984138245e+02 2.823997468128938593e+00 3.508781931583276332e+02 3.088673854005671456e+04 5.681901195252896741e+02 0.000000000000000000e+00
1.152941176470588134e-03 0.000000000000000000e+00 3.003387471405221163e+02 2.694357111226257651e+00 3.438385827212186996e+02 3.072457832183677237e+04 0.000000000000000000e+00 2.641451456758388758e+03
1.180392156862744958e-03 0.000000000000000000e+00 3.003387471405221163e+02 2.531750925081356574e+00 3.438385827212186996e+02 3.122861587574594523e+04 0.000000000000000000e+00 2.641451456758388758e+03
1.207843137254902000e-03 0.000000000000000000e+00 3.769494698486454922e+02 2.442563640525781565e+00 3.834817307957090406e+02 3.244601643013274588e+04 0.000000000000000000e+00 0.000000000000000000e+00
1.235294117647058824e-03 0.000000000000000000e+00 3.769494698486454922e+02 2.442563640525781565e+00 3.834817307957090406e+02 3.244601643013274588e+04 0.000000000000000000e+00 0.000000000000000000e+00
1.262745098039215648e-03 0.000000000000000000e+00 3.769494698486454922e+02 2.442563640525781565e+00 3.834817307957090406e+02 3.244601643013274588e+04 0.000000000000000000e+00 0.000000000000000000e+00
1.290196078431372472e-03 0.000000000000000000e+00 3.769494698486454922e+02 2.442563640525781565e+00 3.834817307957090406e+02 3.244601643013274588e+04 0.000000000000000000e+00 0.000000000000000000e+00
1.317647058823529296e-03 0.000000000000000000e+00 3.769494698486454922e+02 2.442563640525781121e+00 3.834817307957090406e+02 3.244601643013274588e+04 0.000000000000000000e+00 0.000000000000000000e+00
1.345098039215686121e-03 0.000000000000000000e+00 3.769494698486454922e+02 2.442563640525780677e+00 3.834817307957090406e+02 3.244601643013274588e+04 0.000000000000000000e+00 0.000000000000000000e+00
1.372549019607843162e-03 0.000000000000000000e+00 0.000000000000000000e+00 0.000000000000000000e+00 0.000000000000000000e+00 0.000000000000000000e+00 0.000000000000000000e+00 0.000000000000000000e+00
