0.000000000000000000e+00 1.000000000000000000e+00 6.000000000000000000e+00 7.000000000000000000e+00 8.000000000000000000e+00 1.400000000000000000e+01 2.600000000000000000e+01 2.900000000000000000e+01
0.000000000000000000e+00 0.000000000000000000e+00 3.769494698486454922e+02 2.442563640525781565e+00 3.834817307957090406e+02 3.244601643013274588e+04 0.000000000000000000e+00 0.000000000000000000e+00
2.745098039215686147e-05 0.000000000000000000e+00 3.769494698486454922e+02 2.442563640525781121e+00 3.834817307957090406e+02 3.244601643013274588e+04 0.000000000000000000e+00 0.000000000000000000e+00
5.490196078431372294e-05 0.000000000000000000e+00 3.769494698486454922e+02 2.442563640525781121e+00 3.834817307957090406e+02 3.244601643013274588e+04 0.000000000000000000e+00 0.000000000000000000e+00
8.235294117647058102e-05 0.000000000000000000e+00 3.769494698486454922e+02 2.442563640525781121e+00 3.834817307957090406e+02 3.244601643013274588e+04 0.000000000000000000e+00 0.000000000000000000e+00
1.098039215686274459e-04 0.000000000000000000e+00 3.769494698486454922e+02 2.442563640525781121e+00 3.834817307957090406e+02 3.244601643013274588e+04 0.000000000000000000e+00 0.000000000000000000e+00
1.372549019607843107e-04 0.000000000000000000e+00 3.769494698486454922e+02 2.442563640525781565e+00 3.834817307957090406e+02 3.244601643013274588e+04 0.000000000000000000e+00 0.000000000000000000e+00
1.647058823529411620e-04 0.000000000000000000e+00 3.769494698486454922e+02 2.442563640525781565e+00 3.834817307957090406e+02 3.244601643013274588e+04 0.000000000000000000e+00 0.000000000000000000e+00
1.921568627450980405e-04 0.000000000000000000e+00 3.769494698486454922e+02 2.442563640525781565e+00 3.834817307957090406e+02 3.244601643013274588e+04 0.000000000000000000e+00 0.000000000000000000e+00
2.196078431372548918e-04 0.000000000000000000e+00 3.153877542984138245e+02 2.556833776588632645e+00 3.508781931583276332e+02 3.167279190427073263e+04 5.681901195252896741e+02 0.000000000000000000e+00
2.470588235294117431e-04 0.000000000000000000e+00 3.153877542984138245e+02 2.723779835410377270e+00 3.508781931583276332e+02 3.134838192808190070e+04 5.681901195252896741e+02 0.000000000000000000e+00
2.745098039215686215e-04 0.000000000000000000e+00 3.153877542984138245e+02 2.827944936595011782e+00 3.508781931583276332e+02 3.114689304426031958e+04 5.681901195252896741e+02 0.000000000000000000e+00
3.019607843137254999e-04 0.000000000000000000e+00 3.153877542984138245e+02 2.875596241526207297e+00 3.508781931583276332e+02 3.104197849582146591e+04 5.681901195252896741e+02 0.000000000000000000e+00
3.294117647058823241e-04 0.000000000000000000e+00 3.153877542984138245e+02 2.887732475289826795e+00 3.508781931583276332e+02 3.100587042799055052e+04 5.681901195252896741e+02 0.000000000000000000e+00
3.568627450980392025e-04 0.000000000000000000e+00 3.153877542984138245e+02 2.889040404410874618e+00 3.508781931583276332e+02 3.100090183924917073e+04 5.681901195252896741e+02 0.000000000000000000e+00
3.843137254901960809e-04 0.000000000000000000e+00 3.153877542984138245e+02 2.889040404410874618e+00 3.508781931583276332e+02 3.100090183924917073e+04 5.681901195252896741e+02 0.000000000000000000e+00
4.117647058823529051e-04 0.000000000000000000e+00 3.003387471405220595e+02 2.862000510912879214e+00 3.438385827212186996e+02 3.063697180111447960e+04 0.000000000000000000e+00 2.641451456758388758e+03
4.392156862745097835e-04 0.000000000000000000e+00 3.003387471405220595e+02 2.858613235380977002e+00 3.438385827212186996e+02 3.042615968365830486e+04 0.000000000000000000e+00 2.641451456758388758e+03
4.666666666666666619e-04 0.000000000000000000e+00 3.003387471405220595e+02 2.856586303848431818e+00 3.438385827212186996e+02 3.029637984824974774e+04 0.000000000000000000e+00 2.641451456758388758e+03
4.941176470588234861e-04 0.000000000000000000e+00 3.003387471405220595e+02 2.855540878621221523e+00 3.438385827212186996e+02 3.022232240243781780e+04 0.000000000000000000e+00 2.641451456758388758e+03
5.215686274509804187e-04 0.000000000000000000e+00 3.003387471405220595e+02 2.855237855670666125e+00 3.438385827212186996e+02 3.019348995637417102e+04 0.000000000000000000e+00 2.641451456758388758e+03
5.490196078431372429e-04 0.000000000000000000e+00 3.003387471405220595e+02 2.855190206065092440e+00 3.438385827212186996e+02 3.018747623731340718e+04 0.000000000000000000e+00 2.641451456758388758e+03
5.764705882352940671e-04 0.000000000000000000e+00 3.003387471405220595e+02 2.855190037691039517e+00 3.438385827212186996e+02 3.018745047356194482e+04 0.000000000000000000e+00 2.641451456758388758e+03
6.039215686274509998e-04 0.000000000000000000e+00 3.769494698486454922e+02 2.907792704274529072e+00 3.834817307957090406e+02 3.095844358679696597e+04 0.000000000000000000e+00 0.000000000000000000e+00
6.313725490196078240e-04 0.000000000000000000e+00 3.769494698486454922e+02 2.678324831278501073e+00 3.834817307957090406e+02 3.162092960261599364e+04 0.000000000000000000e+00 0.000000000000000000e+00
6.588235294117646482e-04 0.000000000000000000e+00 3.769494698486454922e+02 2.544881883685281121e+00 3.834817307957090406e+02 3.204182683513841766e+04 0.000000000000000000e+00 0.000000000000000000e+00
6.862745098039215808e-04 0.000000000000000000e+00 3.769494698486454922e+02 2.471651957196391969e+00 3.834817307957090406e+02 3.229959919447606444e+04 0.000000000000000000e+00 0.000000000000000000e+00
7.137254901960784050e-04 0.000000000000000000e+00 3.769494698486454922e+02 2.447450993215900539e+00 3.834817307957090406e+02 3.241355106582610097e+04 0.000000000000000000e+00 0.000000000000000000e+00
7.411764705882352292e-04 0.000000000000000000e+00 3.769494698486454922e+02 2.442722661133128970e+00 3.834817307957090406e+02 3.244467499824095648e+04 0.000000000000000000e+00 0.000000000000000000e+00
7.686274509803921618e-04 0.000000000000000000e+00 3.769494698486454922e+02 2.442563640525781565e+00 3.834817307957090406e+02 3.244601643013274588e+04 0.000000000000000000e+00 0.000000000000000000e+00
7.960784313725489860e-04 0.000000000000000000e+00 3.769494698486454922e+02 2.442563640525781565e+00 3.834817307957090406e+02 3.244601643013274588e+04 0.000000000000000000e+00 0.000000000000000000e+00
8.235294117647058102e-04 0.000000000000000000e+00 3.153877542984138245e+02 2.586026164388248727e+00 3.508781931583276332e+02 3.161537083748878285e+04 5.681901195252896741e+02 0.000000000000000000e+00
8.509803921568627428e-04 0.000000000000000000e+00 3.153877542984138245e+02 2.741974953117888081e+00 3.508781931583276332e+02 3.131335830825211451e+04 5.681901195252896741e+02 0.000000000000000000e+00
8.784313725490195670e-04 0.000000000000000000e+00 3.153877542984138245e+02 2.838422981065432449e+00 3.508781931583276332e+02 3.112595012193054572e+04 5.681901195252896741e+02 0.000000000000000000e+00
9.058823529411763912e-04 0.000000000000000000e+00 3.003387471405221163e+02 2.852724152591906481e+00 3.438385827212186996e+02 3.072896997097758867e+04 0.000000000000000000e+00 2.641451456758388758e+03
9.333333333333333239e-04 0.000000000000000000e+00 3.003387471405220595e+02 2.858418125027529566e+00 3.438385827212186996e+02 3.046577617549601200e+04 0.000000000000000000e+00 2.641451456758388758e+03
9.607843137254901481e-04 0.000000000000000000e+00 3.003387471405220595e+02 2.856937854292677770e+00 3.438385827212186996e+02 3.031934975217626197e+04 0.000000000000000000e+00 2.641451456758388758e+03
9.882352941176469723e-04 0.000000000000000000e+00 3.003387471405220595e+02 2.855680398940863007e+00 3.438385827212186996e+02 3.023358029494372749e+04 0.000000000000000000e+00 2.641451456758388758e+03
1.015686274509803796e-03 0.000000000000000000e+00 3.769494698486454922e+02 2.795466841176727613e+00 3.834817307957090406e+02 3.128362110160779412e+04 0.000000000000000000e+00 0.000000000000000000e+00
1.043137254901960837e-03 0.000000000000000000e+00 3.769494698486454922e+02 2.612481998796412963e+00 3.834817307957090406e+02 3.182489279364810136e+04 0.000000000000000000e+00 0.000000000000000000e+00
1.070588235294117662e-03 0.000000000000000000e+00 3.769494698486454922e+02 2.506676791562213236e+00 3.834817307957090406e+02 3.217097475465148818e+04 0.000000000000000000e+00 0.000000000000000000e+00
1.098039215686274486e-03 0.000000000000000000e+00 3.769494698486454922e+02 2.457212219216459825e+00 3.834817307957090406e+02 3.236268246740143513e+04 0.000000000000000000e+00 0.000000000000000000e+00
1.125490196078431310e-03 0.000000000000000000e+00 3.153877542984138245e+02 2.601573537231601119e+00 3.508781931583276332e+02 3.157606262351807163e+04 5.681901195252896741e+02 0.000000000000000000e+00
1.152941176470588134e-03 0.000000000000000000e+00 3.003387471405221163e+02 2.726236030041518710e+00 3.438385827212186996e+02 3.101160067184747459e+04 0.000000000000000000e+00 2.641451456758388758e+03
1.180392156862744958e-03 0.000000000000000000e+00 3.003387471405221163e+02 2.814100422522765932e+00 3.438385827212186996e+02 3.059621764961995359e+04 0.000000000000000000e+00 2.641451456758388758e+03
1.207843137254902000e-03 0.000000000000000000e+00 3.769494698486454922e+02 2.865085950301535345e+00 3.834817307957090406e+02 3.123092803285578702e+04 0.000000000000000000e+00 0.000000000000000000e+00
1.235294117647058824e-03 0.000000000000000000e+00 3.769494698486454922e+02 2.654709578705775286e+00 3.834817307957090406e+02 3.174986557583475951e+04 0.000000000000000000e+00 0.000000000000000000e+00
1.262745098039215648e-03 0.000000000000000000e+00 3.769494698486454922e+02 2.531146578685448567e+00 3.834817307957090406e+02 3.210024313525565594e+04 0.000000000000000000e+00 0.000000000000000000e+00
1.290196078431372472e-03 0.000000000000000000e+00 3.769494698486454922e+02 2.465926955511484220e+00 3.834817307957090406e+02 3.232404738550682669e+04 0.000000000000000000e+00 0.000000000000000000e+00
1.317647058823529296e-03 0.000000000000000000e+00 3.769494698486454922e+02 2.446091482564014097e+00 3.834817307957090406e+02 3.242171152886355776e+04 0.000000000000000000e+00 0.000000000000000000e+00
1.345098039215686121e-03 0.000000000000000000e+00 3.769494698486454922e+02 2.442617316654732029e+00 3.834817307957090406e+02 3.244555018328663573e+04 0.000000000000000000e+00 0.000000000000000000e+00
1.372549019607843162e-03 0.000000000000000000e+00 0.000000000000000000e+00 0.000000000000000000e+00 0.000000000000000000e+00 0.000000000000000000e+00 0.000000000000000000e+00 0.000000000000000000e+00
