0.000000000000000000e+00 1.000000000000000000e+00 6.000000000000000000e+00 7.000000000000000000e+00 8.000000000000000000e+00 1.400000000000000000e+01 2.600000000000000000e+01 2.900000000000000000e+01
0.000000000000000000e+00 0.000000000000000000e+00 3.769494698486454922e+02 2.454782434818727488e+00 3.834817307957090406e+02 3.239803154351227931e+04 0.000000000000000000e+00 0.000000000000000000e+00
2.745098039215686147e-05 0.000000000000000000e+00 3.769494698486454922e+02 2.476026908376441682e+00 3.834817307957090406e+02 3.233370801357252640e+04 0.000000000000000000e+00 0.000000000000000000e+00
5.490196078431372294e-05 0.000000000000000000e+00 3.769494698486454922e+02 2.520592057525612439e+00 3.834817307957090406e+02 3.222414377173594767e+04 0.000000000000000000e+00 0.000000000000000000e+00
8.235294117647058102e-05 0.000000000000000000e+00 3.769494698486454922e+02 2.597800759164166085e+00 3.834817307957090406e+02 3.206426063610659912e+04 0.000000000000000000e+00 0.000000000000000000e+00
1.098039215686274459e-04 0.000000000000000000e+00 3.769494698486454922e+02 2.695955771481391761e+00 3.834817307957090406e+02 3.188639793905841725e+04 0.000000000000000000e+00 0.000000000000000000e+00
1.372549019607843107e-04 0.000000000000000000e+00 3.769494698486454922e+02 2.787773859494679041e+00 3.834817307957090406e+02 3.172780661709857668e+04 0.000000000000000000e+00 0.000000000000000000e+00
1.647058823529411620e-04 0.000000000000000000e+00 3.769494698486454922e+02 2.861981331332735579e+00 3.834817307957090406e+02 3.158926526151599319e+04 0.000000000000000000e+00 0.000000000000000000e+00
1.921568627450980405e-04 0.000000000000000000e+00 3.769494698486454922e+02 2.932394111425087768e+00 3.834817307957090406e+02 3.144959072945070875e+04 0.000000000000000000e+00 0.000000000000000000e+00
2.196078431372548918e-04 0.000000000000000000e+00 3.153877542984138245e+02 2.888566701346135357e+00 3.508781931583276332e+02 3.095099968853229075e+04 5.681901195252896741e+02 0.000000000000000000e+00
2.470588235294117431e-04 0.000000000000000000e+00 3.153877542984138245e+02 2.887914541268635560e+00 3.508781931583276332e+02 3.089823408346581709e+04 5.681901195252896741e+02 0.000000000000000000e+00
2.745098039215686215e-04 0.000000000000000000e+00 3.153877542984138245e+02 2.886717091305763372e+00 3.508781931583276332e+02 3.081596703332682955e+04 5.681901195252896741e+02 0.000000000000000000e+00
3.019607843137254999e-04 0.000000000000000000e+00 3.153877542984138245e+02 2.885112457953234344e+00 3.508781931583276332e+02 3.071754682034796861e+04 5.681901195252896741e+02 0.000000000000000000e+00
3.294117647058823241e-04 0.000000000000000000e+00 3.153877542984138245e+02 2.883452394580110489e+00 3.508781931583276332e+02 3.062426421745456901e+04 5.681901195252896741e+02 0.000000000000000000e+00
3.568627450980392025e-04 0.000000000000000000e+00 3.153877542984138245e+02 2.880856981541308759e+00 3.508781931583276332e+02 3.055539681212025243e+04 5.681901195252896741e+02 0.000000000000000000e+00
3.843137254901960809e-04 0.000000000000000000e+00 3.153877542984138245e+02 2.874105054451202790e+00 3.508781931583276332e+02 3.051424420130365979e+04 5.681901195252896741e+02 0.000000000000000000e+00
4.117647058823529051e-04 0.000000000000000000e+00 3.003387471405220595e+02 2.834100007597943449e+00 3.438385827212186996e+02 3.029309423299481932e+04 0.000000000000000000e+00 2.641451456758388758e+03
4.392156862745097835e-04 0.000000000000000000e+00 3.003387471405220595e+02 2.803315669734402604e+00 3.438385827212186996e+02 3.041642582403649067e+04 0.000000000000000000e+00 2.641451456758388758e+03
4.666666666666666619e-04 0.000000000000000000e+00 3.003387471405220595e+02 2.744142461028156621e+00 3.438385827212186996e+02 3.061869145640395436e+04 0.000000000000000000e+00 2.641451456758388758e+03
4.941176470588234861e-04 0.000000000000000000e+00 3.003387471405220595e+02 2.659382958020011678e+00 3.438385827212186996e+02 3.088210031648762742e+04 0.000000000000000000e+00 2.641451456758388758e+03
5.215686274509804187e-04 0.000000000000000000e+00 3.003387471405221163e+02 2.566263267180998842e+00 3.438385827212186996e+02 3.115028323952316714e+04 0.000000000000000000e+00 2.641451456758388758e+03
5.490196078431372429e-04 0.000000000000000000e+00 3.003387471405221163e+02 2.490460121881045819e+00 3.438385827212186996e+02 3.136903299378675001e+04 0.000000000000000000e+00 2.641451456758388758e+03
5.764705882352940671e-04 0.000000000000000000e+00 3.003387471405221163e+02 2.427649553942274441e+00 3.438385827212186996e+02 3.154912913861922061e+04 0.000000000000000000e+00 2.641451456758388758e+03
6.039215686274509998e-04 0.000000000000000000e+00 3.769494698486454922e+02 2.456868068944086048e+00 3.834817307957090406e+02 3.239106734238493300e+04 0.000000000000000000e+00 0.000000000000000000e+00
6.313725490196078240e-04 0.000000000000000000e+00 3.769494698486454922e+02 2.480597130305564058e+00 3.834817307957090406e+02 3.232111423483600083e+04 0.000000000000000000e+00 0.000000000000000000e+00
6.588235294117646482e-04 0.000000000000000000e+00 3.769494698486454922e+02 2.529774550304986658e+00 3.834817307957090406e+02 3.220020907212191014e+04 0.000000000000000000e+00 0.000000000000000000e+00
6.862745098039215808e-04 0.000000000000000000e+00 3.769494698486454922e+02 2.610813804685654382e+00 3.834817307957090406e+02 3.202326487544445263e+04 0.000000000000000000e+00 0.000000000000000000e+00
7.137254901960784050e-04 0.000000000000000000e+00 3.769494698486454922e+02 2.710015270525399700e+00 3.834817307957090406e+02 3.181920906345412732e+04 0.000000000000000000e+00 0.000000000000000000e+00
7.411764705882352292e-04 0.000000000000000000e+00 3.769494698486454922e+02 2.797717461508826720e+00 3.834817307957090406e+02 3.161979440218480158e+04 0.000000000000000000e+00 0.000000000000000000e+00
7.686274509803921618e-04 0.000000000000000000e+00 3.769494698486454922e+02 2.866832890342836837e+00 3.834817307957090406e+02 3.142738419052740210e+04 0.000000000000000000e+00 0.000000000000000000e+00
7.960784313725489860e-04 0.000000000000000000e+00 3.769494698486454922e+02 2.917293188907262635e+00 3.834817307957090406e+02 3.126690617300288068e+04 0.000000000000000000e+00 0.000000000000000000e+00
8.235294117647058102e-04 0.000000000000000000e+00 3.153877542984138245e+02 2.851866538665517758e+00 3.508781931583276332e+02 3.079416985815887165e+04 5.681901195252896741e+02 0.000000000000000000e+00
8.509803921568627428e-04 0.000000000000000000e+00 3.153877542984138245e+02 2.809412108858640345e+00 3.508781931583276332e+02 3.086728072132999660e+04 5.681901195252896741e+02 0.000000000000000000e+00
8.784313725490195670e-04 0.000000000000000000e+00 3.153877542984138245e+02 2.739276884975268445e+00 3.508781931583276332e+02 3.101806077572078357e+04 5.681901195252896741e+02 0.000000000000000000e+00
9.058823529411763912e-04 0.000000000000000000e+00 3.003387471405220595e+02 2.634120285168692011e+00 3.438385827212186996e+02 3.094010621013108175e+04 0.000000000000000000e+00 2.641451456758388758e+03
9.333333333333333239e-04 0.000000000000000000e+00 3.003387471405221163e+02 2.570655580054803657e+00 3.438385827212186996e+02 3.110965638682547069e+04 0.000000000000000000e+00 2.641451456758388758e+03
9.607843137254901481e-04 0.000000000000000000e+00 3.003387471405221163e+02 2.548253492518913976e+00 3.438385827212186996e+02 3.118612876939388298e+04 0.000000000000000000e+00 2.641451456758388758e+03
9.882352941176469723e-04 0.000000000000000000e+00 3.003387471405221163e+02 2.554351661133286822e+00 3.438385827212186996e+02 3.121682677220809273e+04 0.000000000000000000e+00 2.641451456758388758e+03
1.015686274509803796e-03 0.000000000000000000e+00 3.769494698486454922e+02 2.690787158719486705e+00 3.834817307957090406e+02 3.181404988361154392e+04 0.000000000000000000e+00 0.000000000000000000e+00
1.043137254901960837e-03 0.000000000000000000e+00 3.769494698486454922e+02 2.741363811674997208e+00 3.834817307957090406e+02 3.170242956650847918e+04 0.000000000000000000e+00 0.000000000000000000e+00
1.070588235294117662e-03 0.000000000000000000e+00 3.769494698486454922e+02 2.746856122762135310e+00 3.834817307957090406e+02 3.169235948634694796e+04 0.000000000000000000e+00 0.000000000000000000e+00
1.098039215686274486e-03 0.000000000000000000e+00 3.769494698486454922e+02 2.711950881687482884e+00 3.834817307957090406e+02 3.178504196112706268e+04 0.000000000000000000e+00 0.000000000000000000e+00
1.125490196078431310e-03 0.000000000000000000e+00 3.153877542984138245e+02 2.577565926734906476e+00 3.508781931583276332e+02 3.150664066343709783e+04 5.681901195252896741e+02 0.000000000000000000e+00
1.152941176470588134e-03 0.000000000000000000e+00 3.003387471405221163e+02 2.480170975719655058e+00 3.438385827212186996e+02 3.140082493997058555e+04 0.000000000000000000e+00 2.641451456758388758e+03
1.180392156862744958e-03 0.000000000000000000e+00 3.003387471405221163e+02 2.415310325827134452e+00 3.438385827212186996e+02 3.159432960437183647e+04 0.000000000000000000e+00 2.641451456758388758e+03
1.207843137254902000e-03 0.000000000000000000e+00 3.769494698486454922e+02 2.442563640525781121e+00 3.834817307957090406e+02 3.244601643013274588e+04 0.000000000000000000e+00 0.000000000000000000e+00
1.235294117647058824e-03 0.000000000000000000e+00 3.769494698486454922e+02 2.442563640525780677e+00 3.834817307957090406e+02 3.244601643013274588e+04 0.000000000000000000e+00 0.000000000000000000e+00
1.262745098039215648e-03 0.000000000000000000e+00 3.769494698486454922e+02 2.442563640525780677e+00 3.834817307957090406e+02 3.244601643013274588e+04 0.000000000000000000e+00 0.000000000000000000e+00
1.290196078431372472e-03 0.000000000000000000e+00 3.769494698486454922e+02 2.442563640525781565e+00 3.834817307957090406e+02 3.244601643013274588e+04 0.000000000000000000e+00 0.000000000000000000e+00
1.317647058823529296e-03 0.000000000000000000e+00 3.769494698486454922e+02 2.442563640525781565e+00 3.834817307957090406e+02 3.244601643013274588e+04 0.000000000000000000e+00 0.000000000000000000e+00
1.345098039215686121e-03 0.000000000000000000e+00 3.769494698486454922e+02 2.442563640525781565e+00 3.834817307957090406e+02 3.244601643013274588e+04 0.000000000000000000e+00 0.000000000000000000e+00
1.372549019607843162e-03 0.000000000000000000e+00 0.000000000000000000e+00 0.000000000000000000e+00 0.000000000000000000e+00 0.000000000000000000e+00 0.000000000000000000e+00 0.000000000000000000e+00
