0.000000000000000000e+00 1.000000000000000000e+00 6.000000000000000000e+00 7.000000000000000000e+00 8.000000000000000000e+00 1.400000000000000000e+01 2.600000000000000000e+01 2.900000000000000000e+01
0.000000000000000000e+00 0.000000000000000000e+00 5.478084039552194326e+02 2.833203154534115811e+02 8.502639342117205388e+02 3.796151628057074413e+04 0.000000000000000000e+00 0.000000000000000000e+00
2.745098039215686147e-05 0.000000000000000000e+00 5.478084039552194326e+02 2.833203154534115811e+02 8.502639342117205388e+02 3.796151628057074413e+04 0.000000000000000000e+00 0.000000000000000000e+00
5.490196078431372294e-05 0.000000000000000000e+00 5.478084039552194326e+02 2.833203154534115811e+02 8.502639342117205388e+02 3.796151628057074413e+04 0.000000000000000000e+00 0.000000000000000000e+00
8.235294117647058102e-05 0.000000000000000000e+00 5.478084039552194326e+02 2.833203154534115811e+02 8.502639342117205388e+02 3.796151628057074413e+04 0.000000000000000000e+00 0.000000000000000000e+00
1.098039215686274459e-04 0.000000000000000000e+00 5.478084039552194326e+02 2.833203154534115811e+02 8.502639342117205388e+02 3.796151628057074413e+04 0.000000000000000000e+00 0.000000000000000000e+00
1.372549019607843107e-04 0.000000000000000000e+00 5.478084039552194326e+02 2.833203154534115811e+02 8.502639342117205388e+02 3.796151628057074413e+04 0.000000000000000000e+00 0.000000000000000000e+00
1.647058823529411620e-04 0.000000000000000000e+00 5.478084039552194326e+02 2.833203154534115811e+02 8.502639342117205388e+02 3.796151628057074413e+04 0.000000000000000000e+00 0.000000000000000000e+00
1.921568627450980405e-04 0.000000000000000000e+00 5.478084039552194326e+02 2.833203154534115811e+02 8.502639342117205388e+02 3.796151628057074413e+04 0.000000000000000000e+00 0.000000000000000000e+00
2.196078431372548918e-04 0.000000000000000000e+00 4.582475976490802054e+02 2.791011142571314849e+02 7.781026372208707471e+02 3.739619404221542209e+04 1.172081635518174380e+03 0.000000000000000000e+00
2.470588235294117431e-04 0.000000000000000000e+00 4.582475976490802054e+02 2.791011142571314849e+02 7.781026372208707471e+02 3.739619404221542209e+04 1.172081635518174380e+03 0.000000000000000000e+00
2.745098039215686215e-04 0.000000000000000000e+00 4.582475976490802054e+02 2.791011142571314849e+02 7.781026372208707471e+02 3.739619404221542209e+04 1.172081635518174380e+03 0.000000000000000000e+00
3.019607843137254999e-04 0.000000000000000000e+00 4.582475976490802054e+02 2.791011142571314849e+02 7.781026372208707471e+02 3.739619404221542209e+04 1.172081635518174380e+03 0.000000000000000000e+00
3.294117647058823241e-04 0.000000000000000000e+00 4.582475976490802054e+02 2.791011142571314849e+02 7.781026372208707471e+02 3.739619404221542209e+04 1.172081635518174380e+03 0.000000000000000000e+00
3.568627450980392025e-04 0.000000000000000000e+00 4.582475976490802054e+02 2.791011142571314849e+02 7.781026372208707471e+02 3.739619404221542209e+04 1.172081635518174380e+03 0.000000000000000000e+00
3.843137254901960809e-04 0.000000000000000000e+00 4.582475976490802054e+02 2.791011142571314849e+02 7.781026372208707471e+02 3.739619404221542209e+04 1.172081635518174380e+03 0.000000000000000000e+00
4.117647058823529051e-04 0.000000000000000000e+00 4.363438535569689520e+02 2.766369030886951350e+02 7.624843677435053451e+02 3.706601936963828484e+04 0.000000000000000000e+00 3.786188306778241440e+03
4.392156862745097835e-04 0.000000000000000000e+00 4.363438535569689520e+02 2.766369030886951350e+02 7.624843677435053451e+02 3.706601936963828484e+04 0.000000000000000000e+00 3.786188306778241440e+03
4.666666666666666619e-04 0.000000000000000000e+00 4.363438535569689520e+02 2.766369030886951350e+02 7.624843677435053451e+02 3.706601936963828484e+04 0.000000000000000000e+00 3.786188306778241440e+03
4.941176470588234861e-04 0.000000000000000000e+00 4.363438535569689520e+02 2.766369030886951350e+02 7.624843677435053451e+02 3.706601936963828484e+04 0.000000000000000000e+00 3.786188306778241440e+03
5.215686274509804187e-04 0.000000000000000000e+00 4.363438535569689520e+02 2.766369030886951350e+02 7.624843677435053451e+02 3.706601936963828484e+04 0.000000000000000000e+00 3.786188306778241440e+03
5.490196078431372429e-04 0.000000000000000000e+00 4.363438535569689520e+02 2.766369030886951350e+02 7.624843677435053451e+02 3.706601936963828484e+04 0.000000000000000000e+00 3.786188306778241440e+03
5.764705882352940671e-04 0.000000000000000000e+00 4.363438535569689520e+02 2.766369030886951350e+02 7.624843677435053451e+02 3.706601936963828484e+04 0.000000000000000000e+00 3.786188306778241440e+03
6.039215686274509998e-04 0.000000000000000000e+00 5.478084039552194326e+02 2.833203154534115811e+02 8.502639342117205388e+02 3.796151628057074413e+04 0.000000000000000000e+00 0.000000000000000000e+00
6.313725490196078240e-04 0.000000000000000000e+00 5.478084039552194326e+02 2.833203154534115811e+02 8.502639342117205388e+02 3.796151628057074413e+04 0.000000000000000000e+00 0.000000000000000000e+00
6.588235294117646482e-04 0.000000000000000000e+00 5.478084039552194326e+02 2.833203154534115811e+02 8.502639342117205388e+02 3.796151628057074413e+04 0.000000000000000000e+00 0.000000000000000000e+00
6.862745098039215808e-04 0.000000000000000000e+00 5.478084039552194326e+02 2.833203154534115811e+02 8.502639342117205388e+02 3.796151628057074413e+04 0.000000000000000000e+00 0.000000000000000000e+00
7.137254901960784050e-04 0.000000000000000000e+00 5.478084039552194326e+02 2.833203154534115811e+02 8.502639342117205388e+02 3.796151628057074413e+04 0.000000000000000000e+00 0.000000000000000000e+00
7.411764705882352292e-04 0.000000000000000000e+00 5.478084039552194326e+02 2.833203154534115811e+02 8.502639342117205388e+02 3.796151628057074413e+04 0.000000000000000000e+00 0.000000000000000000e+00
7.686274509803921618e-04 0.000000000000000000e+00 5.478084039552194326e+02 2.833203154534115811e+02 8.502639342117205388e+02 3.796151628057074413e+04 0.000000000000000000e+00 0.000000000000000000e+00
7.960784313725489860e-04 0.000000000000000000e+00 5.478084039552194326e+02 2.833203154534115811e+02 8.502639342117205388e+02 3.796151628057074413e+04 0.000000000000000000e+00 0.000000000000000000e+00
8.235294117647058102e-04 0.000000000000000000e+00 4.582475976490802054e+02 2.791011142571314849e+02 7.781026372208707471e+02 3.739619404221542209e+04 1.172081635518174380e+03 0.000000000000000000e+00
8.509803921568627428e-04 0.000000000000000000e+00 4.582475976490802054e+02 2.791011142571314849e+02 7.781026372208707471e+02 3.739619404221542209e+04 1.172081635518174380e+03 0.000000000000000000e+00
8.784313725490195670e-04 0.000000000000000000e+00 4.582475976490802054e+02 2.791011142571314849e+02 7.781026372208707471e+02 3.739619404221542209e+04 1.172081635518174380e+03 0.000000000000000000e+00
9.058823529411763912e-04 0.000000000000000000e+00 4.363438535569689520e+02 2.766369030886951350e+02 7.624843677435053451e+02 3.706601936963828484e+04 0.000000000000000000e+00 3.786188306778241440e+03
9.333333333333333239e-04 0.000000000000000000e+00 4.363438535569689520e+02 2.766369030886951350e+02 7.624843677435053451e+02 3.706601936963828484e+04 0.000000000000000000e+00 3.786188306778241440e+03
9.607843137254901481e-04 0.000000000000000000e+00 4.363438535569689520e+02 2.766369030886951350e+02 7.624843677435053451e+02 3.706601936963828484e+04 0.000000000000000000e+00 3.786188306778241440e+03
9.882352941176469723e-04 0.000000000000000000e+00 4.363438535569689520e+02 2.766369030886951350e+02 7.624843677435053451e+02 3.706601936963828484e+04 0.000000000000000000e+00 3.786188306778241440e+03
1.015686274509803796e-03 0.000000000000000000e+00 5.478084039552194326e+02 2.833203154534115811e+02 8.502639342117205388e+02 3.796151628057074413e+04 0.000000000000000000e+00 0.000000000000000000e+00
1.043137254901960837e-03 0.000000000000000000e+00 5.478084039552194326e+02 2.833203154534115811e+02 8.502639342117205388e+02 3.796151628057074413e+04 0.000000000000000000e+00 0.000000000000000000e+00
1.070588235294117662e-03 0.000000000000000000e+00 5.478084039552194326e+02 2.833203154534115811e+02 8.502639342117205388e+02 3.796151628057074413e+04 0.000000000000000000e+00 0.000000000000000000e+00
1.098039215686274486e-03 0.000000000000000000e+00 5.478084039552194326e+02 2.833203154534115811e+02 8.502639342117205388e+02 3.796151628057074413e+04 0.000000000000000000e+00 0.000000000000000000e+00
1.125490196078431310e-03 0.000000000000000000e+00 4.582475976490802054e+02 2.791011142571314849e+02 7.781026372208707471e+02 3.739619404221542209e+04 1.172081635518174380e+03 0.000000000000000000e+00
1.152941176470588134e-03 0.000000000000000000e+00 4.363438535569689520e+02 2.766369030886951350e+02 7.624843677435053451e+02 3.706601936963828484e+04 0.000000000000000000e+00 3.786188306778241440e+03
1.180392156862744958e-03 0.000000000000000000e+00 4.363438535569689520e+02 2.766369030886951350e+02 7.624843677435053451e+02 3.706601936963828484e+04 0.000000000000000000e+00 3.786188306778241440e+03
1.207843137254902000e-03 0.000000000000000000e+00 5.478084039552194326e+02 2.833203154534115811e+02 8.502639342117205388e+02 3.796151628057074413e+04 0.000000000000000000e+00 0.000000000000000000e+00
1.235294117647058824e-03 0.000000000000000000e+00 5.478084039552194326e+02 2.833203154534115811e+02 8.502639342117205388e+02 3.796151628057074413e+04 0.000000000000000000e+00 0.000000000000000000e+00
1.262745098039215648e-03 0.000000000000000000e+00 5.478084039552194326e+02 2.833203154534115811e+02 8.502639342117205388e+02 3.796151628057074413e+04 0.000000000000000000e+00 0.000000000000000000e+00
1.290196078431372472e-03 0.000000000000000000e+00 5.478084039552194326e+02 2.833203154534115811e+02 8.502639342117205388e+02 3.796151628057074413e+04 0.000000000000000000e+00 0.000000000000000000e+00
1.317647058823529296e-03 0.000000000000000000e+00 5.478084039552194326e+02 2.833203154534115811e+02 8.502639342117205388e+02 3.796151628057074413e+04 0.000000000000000000e+00 0.000000000000000000e+00
1.345098039215686121e-03 0.000000000000000000e+00 5.478084039552194326e+02 2.833203154534115811e+02 8.502639342117205388e+02 3.796151628057074413e+04 0.000000000000000000e+00 0.000000000000000000e+00
1.372549019607843162e-03 0.000000000000000000e+00 0.000000000000000000e+00 0.000000000000000000e+00 0.000000000000000000e+00 0.000000000000000000e+00 0.000000000000000000e+00 0.000000000000000000e+00
