0.000000000000000000e+00 1.000000000000000000e+00 6.000000000000000000e+00 7.000000000000000000e+00 8.000000000000000000e+00 1.400000000000000000e+01 2.600000000000000000e+01 2.900000000000000000e+01
0.000000000000000000e+00 0.000000000000000000e+00 8.016043284949679446e+02 1.248296649727187013e-05 4.780911210887037441e+02 1.880316701966536493e+04 0.000000000000000000e+00 0.000000000000000000e+00
1.372549019607843107e-04 0.000000000000000000e+00 8.016043284949679446e+02 1.248296649727188368e-05 4.780911210887037441e+02 1.880316701966536493e+04 0.000000000000000000e+00 0.000000000000000000e+00
2.745098039215686215e-04 0.000000000000000000e+00 8.016043284949679446e+02 1.248296649727188199e-05 4.780911210887037441e+02 1.880316701966536493e+04 0.000000000000000000e+00 0.000000000000000000e+00
4.117647058823529051e-04 0.000000000000000000e+00 8.016043284949679446e+02 1.248296649727187521e-05 4.780911210887037441e+02 1.880316701966536493e+04 0.000000000000000000e+00 0.000000000000000000e+00
5.490196078431372429e-04 0.000000000000000000e+00 8.016043284949679446e+02 1.248296649727187013e-05 4.780911210887037441e+02 1.880316701966536493e+04 0.000000000000000000e+00 0.000000000000000000e+00
6.862745098039215808e-04 0.000000000000000000e+00 8.016043284949679446e+02 1.248296649727187013e-05 4.780911210887037441e+02 1.880316701966536493e+04 0.000000000000000000e+00 0.000000000000000000e+00
8.235294117647058102e-04 0.000000000000000000e+00 8.016043284949679446e+02 1.248296649727187013e-05 4.780911210887037441e+02 1.880316701966536493e+04 0.000000000000000000e+00 0.000000000000000000e+00
9.607843137254901481e-04 0.000000000000000000e+00 8.016043284949679446e+02 1.248296649727187013e-05 4.780911210887037441e+02 1.880316701966536493e+04 0.000000000000000000e+00 0.000000000000000000e+00
1.098039215686274486e-03 0.000000000000000000e+00 4.893711633235122918e+02 2.685118063044551469e-05 4.063841247979165132e+02 1.447475419628690179e+04 1.715240140064233628e+03 0.000000000000000000e+00
1.235294117647058824e-03 0.000000000000000000e+00 4.336786547271996142e+02 4.630765533591169199e-05 4.157266877148124991e+02 1.310736100244560294e+04 1.751993484269325108e+03 0.000000000000000000e+00
1.372549019607843162e-03 0.000000000000000000e+00 4.235155023239131538e+02 6.071288710515791102e-05 4.167850443605488522e+02 1.233990181691746147e+04 1.758865176475126873e+03 0.000000000000000000e+00
1.509803921568627499e-03 0.000000000000000000e+00 4.220077122346664851e+02 6.425993060788018081e-05 4.168866619848728305e+02 1.201301549719153809e+04 1.759913662698763574e+03 0.000000000000000000e+00
1.647058823529411620e-03 0.000000000000000000e+00 4.218568738968863840e+02 6.450100921364926418e-05 4.168939545106501328e+02 1.193035815532471861e+04 1.760023075871723449e+03 0.000000000000000000e+00
1.784313725490195958e-03 0.000000000000000000e+00 4.218539178305287578e+02 6.450545157109417727e-05 4.168940884874759831e+02 1.192668390353299401e+04 1.760025473856025656e+03 0.000000000000000000e+00
1.921568627450980296e-03 0.000000000000000000e+00 4.218539178305287578e+02 6.450545157109417727e-05 4.168940884874759831e+02 1.192668390353299401e+04 1.760025473856025656e+03 0.000000000000000000e+00
2.058823529411764851e-03 0.000000000000000000e+00 3.945337211424310908e+02 5.697464057706748489e-05 4.059965208696121408e+02 1.084043158919727830e+04 0.000000000000000000e+00 8.391779825027615516e+03
2.196078431372548972e-03 0.000000000000000000e+00 3.818430211822440015e+02 5.214569449456381653e-05 4.033954765277172214e+02 1.032988819703199260e+04 0.000000000000000000e+00 9.452082300559532086e+03
2.333333333333333093e-03 0.000000000000000000e+00 3.788907769750658190e+02 4.967230193794282321e-05 4.029793744701530613e+02 1.003470666735928717e+04 0.000000000000000000e+00 9.834739719134668121e+03
2.470588235294117647e-03 0.000000000000000000e+00 3.784450106404670464e+02 4.892771375892240968e-05 4.029409481816289826e+02 9.889060625662747043e+03 0.000000000000000000e+00 9.929381601081808185e+03
2.607843137254901768e-03 0.000000000000000000e+00 3.783945453507321872e+02 4.887117081021678745e-05 4.029380235308293550e+02 9.844961188415483775e+03 0.000000000000000000e+00 9.945584036922000450e+03
2.745098039215686323e-03 0.000000000000000000e+00 3.783921008925815386e+02 4.886933761879429976e-05 4.029379140958725998e+02 9.840478486474286910e+03 0.000000000000000000e+00 9.946660093999335004e+03
2.882352941176470444e-03 0.000000000000000000e+00 3.783921008925815386e+02 4.886933761879429976e-05 4.029379140958725998e+02 9.840478486474286910e+03 0.000000000000000000e+00 9.946660093999335004e+03
3.019607843137254999e-03 0.000000000000000000e+00 5.958205535995675746e+02 5.319405973711694504e-05 4.956259219245591794e+02 1.259825339460190116e+04 0.000000000000000000e+00 0.000000000000000000e+00
3.156862745098039120e-03 0.000000000000000000e+00 7.187924648679905886e+02 2.489068606885016553e-05 4.820378480910241024e+02 1.548173579327336302e+04 0.000000000000000000e+00 0.000000000000000000e+00
3.294117647058823241e-03 0.000000000000000000e+00 7.813115892802796907e+02 1.550258457621379236e-05 4.784112507104898100e+02 1.726255798508225416e+04 0.000000000000000000e+00 0.000000000000000000e+00
3.431372549019607796e-03 0.000000000000000000e+00 7.980091541223647482e+02 1.271791527758741827e-05 4.781140137392850420e+02 1.832752955186896725e+04 0.000000000000000000e+00 0.000000000000000000e+00
3.568627450980391917e-03 0.000000000000000000e+00 8.012652672103520217e+02 1.249139755986715558e-05 4.780921444404794443e+02 1.873096873639878686e+04 0.000000000000000000e+00 0.000000000000000000e+00
3.705882352941176471e-03 0.000000000000000000e+00 8.016043284949679446e+02 1.248296649727187013e-05 4.780911210887037441e+02 1.880316701966536493e+04 0.000000000000000000e+00 0.000000000000000000e+00
3.843137254901960592e-03 0.000000000000000000e+00 8.016043284949679446e+02 1.248296649727187013e-05 4.780911210887037441e+02 1.880316701966536493e+04 0.000000000000000000e+00 0.000000000000000000e+00
3.980392156862745147e-03 0.000000000000000000e+00 8.016043284949679446e+02 1.248296649727187013e-05 4.780911210887037441e+02 1.880316701966536493e+04 0.000000000000000000e+00 0.000000000000000000e+00
4.117647058823529702e-03 0.000000000000000000e+00 4.766754953022928021e+02 2.995372738195436064e-05 4.086314565744170864e+02 1.422373949291403733e+04 1.723333637417321597e+03 0.000000000000000000e+00
4.254901960784313389e-03 0.000000000000000000e+00 4.309394063256309551e+02 4.875481080371492018e-05 4.160585396388706272e+02 1.296735853397841129e+04 1.753834296555101901e+03 0.000000000000000000e+00
4.392156862745097944e-03 0.000000000000000000e+00 4.230753320442636323e+02 6.187408562666390566e-05 4.168184389260794092e+02 1.226897631221493975e+04 1.759170352843858836e+03 0.000000000000000000e+00
4.529411764705882498e-03 0.000000000000000000e+00 3.972241784659103701e+02 5.851640926170491585e-05 4.065370209856474730e+02 1.107447647415646497e+04 0.000000000000000000e+00 8.182703361216465964e+03
4.666666666666666186e-03 0.000000000000000000e+00 3.835505454948158786e+02 5.292478411781854393e-05 4.037035568840063320e+02 1.041758079662894488e+04 0.000000000000000000e+00 9.283614289428169286e+03
4.803921568627450740e-03 0.000000000000000000e+00 3.791630954780814591e+02 5.005806000293115237e-05 4.030080681735916528e+02 1.008505133983133601e+04 0.000000000000000000e+00 9.788497861260782884e+03
4.941176470588235295e-03 0.000000000000000000e+00 3.784814944975450999e+02 4.897667770560262812e-05 4.029434125334244641e+02 9.908927955889650548e+03 0.000000000000000000e+00 9.919613810892265974e+03
5.078431372549019850e-03 0.000000000000000000e+00 6.439939894227885588e+02 3.649482170981382571e-05 4.902467659050819861e+02 1.407194626817249809e+04 0.000000000000000000e+00 0.000000000000000000e+00
5.215686274509803537e-03 0.000000000000000000e+00 7.554498348479556853e+02 1.972301453793527895e-05 4.794160433364464211e+02 1.633598932881314067e+04 0.000000000000000000e+00 0.000000000000000000e+00
5.352941176470588092e-03 0.000000000000000000e+00 7.914984524264294805e+02 1.369757939063739053e-05 4.781965175673819886e+02 1.781232250389391993e+04 0.000000000000000000e+00 0.000000000000000000e+00
5.490196078431372646e-03 0.000000000000000000e+00 8.001561732680710293e+02 1.254536609686293433e-05 4.780976632415498671e+02 1.856091507809756877e+04 0.000000000000000000e+00 0.000000000000000000e+00
5.627450980392156334e-03 0.000000000000000000e+00 4.706516457696557723e+02 3.140905260622149989e-05 4.096917296056390114e+02 1.409369823326625556e+04 1.727206527256356367e+03 0.000000000000000000e+00
5.764705882352940888e-03 0.000000000000000000e+00 4.057113577699985854e+02 4.607534959492599430e-05 4.061420685620511222e+02 1.202348567431896845e+04 0.000000000000000000e+00 8.214001615053566638e+03
5.901960784313725443e-03 0.000000000000000000e+00 3.855826240483975198e+02 5.144512909916342018e-05 4.038614174796252314e+02 1.074407994849183342e+04 0.000000000000000000e+00 9.203556617151998580e+03
6.039215686274509998e-03 0.000000000000000000e+00 6.131568172587952859e+02 4.755273523141293705e-05 4.940899316149564129e+02 1.355077964502967006e+04 0.000000000000000000e+00 0.000000000000000000e+00
6.176470588235293685e-03 0.000000000000000000e+00 7.333697666764900305e+02 2.302315393805349993e-05 4.808744743278004989e+02 1.589958405015047174e+04 0.000000000000000000e+00 0.000000000000000000e+00
6.313725490196078240e-03 0.000000000000000000e+00 7.853927671490384910e+02 1.479520308371688092e-05 4.783157179653189814e+02 1.747873149036122777e+04 0.000000000000000000e+00 0.000000000000000000e+00
6.450980392156862794e-03 0.000000000000000000e+00 7.988987060630424821e+02 1.263588626852252124e-05 4.781065788625822961e+02 1.841748774996082284e+04 0.000000000000000000e+00 0.000000000000000000e+00
6.588235294117646482e-03 0.000000000000000000e+00 8.013875804156184586e+02 1.248767353142956059e-05 4.780917341627236397e+02 1.875498448964963973e+04 0.000000000000000000e+00 0.000000000000000000e+00
6.725490196078431036e-03 0.000000000000000000e+00 8.016043284949679446e+02 1.248296649727187013e-05 4.780911210887037441e+02 1.880316701966536493e+04 0.000000000000000000e+00 0.000000000000000000e+00
6.862745098039215591e-03 0.000000000000000000e+00 0.000000000000000000e+00 0.000000000000000000e+00 0.000000000000000000e+00 0.000000000000000000e+00 0.000000000000000000e+00 0.000000000000000000e+00
