0.000000000000000000e+00 1.000000000000000000e+00 6.000000000000000000e+00 7.000000000000000000e+00 8.000000000000000000e+00 1.400000000000000000e+01 2.600000000000000000e+01 2.900000000000000000e+01
0.000000000000000000e+00 0.000000000000000000e+00 8.015911880509730736e+02 1.248296649727186166e-05 4.780987855166957274e+02 1.880316701966536129e+04 0.000000000000000000e+00 0.000000000000000000e+00
6.930693069306931428e-05 0.000000000000000000e+00 8.015911880509730736e+02 1.248296649727186166e-05 4.780987855166957274e+02 1.880316701966536129e+04 0.000000000000000000e+00 0.000000000000000000e+00
1.386138613861386286e-04 0.000000000000000000e+00 8.015911880509730736e+02 1.248296649727186166e-05 4.780987855166957274e+02 1.880316701966536129e+04 0.000000000000000000e+00 0.000000000000000000e+00
2.079207920792079428e-04 0.000000000000000000e+00 8.015911880509730736e+02 1.248296649727186166e-05 4.780987855166957274e+02 1.880316701966536129e+04 0.000000000000000000e+00 0.000000000000000000e+00
2.772277227722772571e-04 0.000000000000000000e+00 8.015911880509730736e+02 1.248312642624615445e-05 4.780987855166957274e+02 1.880122549194695603e+04 0.000000000000000000e+00 0.000000000000000000e+00
3.465346534653465714e-04 0.000000000000000000e+00 8.015850685529761677e+02 1.248626784459359817e-05 4.780988006577248370e+02 1.877895773037893741e+04 0.000000000000000000e+00 0.000000000000000000e+00
4.158415841584158857e-04 0.000000000000000000e+00 8.015023956715905342e+02 1.250489687643032197e-05 4.780990750559677736e+02 1.871457735526530814e+04 0.000000000000000000e+00 0.000000000000000000e+00
4.851485148514851999e-04 0.000000000000000000e+00 8.011449656379257931e+02 1.258905814642160122e-05 4.781008558070091112e+02 1.858488369668218365e+04 0.000000000000000000e+00 0.000000000000000000e+00
5.544554455445545142e-04 0.000000000000000000e+00 8.000635016653094453e+02 1.292772941082468872e-05 4.781092938271435742e+02 1.836200758560847680e+04 0.000000000000000000e+00 0.000000000000000000e+00
6.237623762376238827e-04 0.000000000000000000e+00 7.973124355697261763e+02 1.416097691679970682e-05 4.781439119936220550e+02 1.801053779290176317e+04 0.000000000000000000e+00 0.000000000000000000e+00
6.930693069306931428e-04 0.000000000000000000e+00 7.909895738975766335e+02 1.693187424344318659e-05 4.782763473528097506e+02 1.752882218694374387e+04 0.000000000000000000e+00 0.000000000000000000e+00
7.623762376237624028e-04 0.000000000000000000e+00 7.779653840718343645e+02 2.174329081552569837e-05 4.787554050654770776e+02 1.692626760783862483e+04 0.000000000000000000e+00 0.000000000000000000e+00
8.316831683168317713e-04 0.000000000000000000e+00 7.525836105474700162e+02 2.973035538450099704e-05 4.804844613891412450e+02 1.618872470704086118e+04 0.000000000000000000e+00 0.000000000000000000e+00
9.009900990099011398e-04 0.000000000000000000e+00 7.028695606756725738e+02 4.323230396589907055e-05 4.870749943120677017e+02 1.527441866341484092e+04 0.000000000000000000e+00 0.000000000000000000e+00
9.702970297029703999e-04 0.000000000000000000e+00 6.108551338562884894e+02 6.728486376860570142e-05 5.087377086674981115e+02 1.412265696658587331e+04 0.000000000000000000e+00 0.000000000000000000e+00
1.039603960396039660e-03 0.000000000000000000e+00 4.218504721052934201e+02 6.450545157109417727e-05 4.168994913799168671e+02 1.192668390353299401e+04 1.760029438050775525e+03 0.000000000000000000e+00
1.108910891089109028e-03 0.000000000000000000e+00 4.218504721052934201e+02 6.450545157109417727e-05 4.168994913799168671e+02 1.192668390353299401e+04 1.760029438050775525e+03 0.000000000000000000e+00
1.178217821782178397e-03 0.000000000000000000e+00 4.218504721052934201e+02 6.450545157109417727e-05 4.168994913799168671e+02 1.192668390353299401e+04 1.760029438050775525e+03 0.000000000000000000e+00
1.247524752475247765e-03 0.000000000000000000e+00 4.218504721052934201e+02 6.450544557623940462e-05 4.168994913799168671e+02 1.192666369295704135e+04 1.760029438050775525e+03 0.000000000000000000e+00
1.316831683168316917e-03 0.000000000000000000e+00 4.218504632051526642e+02 6.450438344202889243e-05 4.168994911579149516e+02 1.192394541147276504e+04 1.760029442726447542e+03 0.000000000000000000e+00
1.386138613861386286e-03 0.000000000000000000e+00 4.218492126892679153e+02 6.449703212702803711e-05 4.168994574954965628e+02 1.191258840542927646e+04 1.760030166198582265e+03 0.000000000000000000e+00
1.455445544554455654e-03 0.000000000000000000e+00 4.218408285786235865e+02 6.446597997791287836e-05 4.168991868700694567e+02 1.188663008649193762e+04 1.760035661535209556e+03 0.000000000000000000e+00
1.524752475247524806e-03 0.000000000000000000e+00 4.218080216290413205e+02 6.435338960006134457e-05 4.168978760052118560e+02 1.183870437311136266e+04 1.760060166092904637e+03 0.000000000000000000e+00
1.594059405940594174e-03 0.000000000000000000e+00 4.217051500517940781e+02 6.397637654310927289e-05 4.168926808905445682e+02 1.175905416626693295e+04 1.760147879949806793e+03 0.000000000000000000e+00
1.663366336633663543e-03 0.000000000000000000e+00 4.214159874524416978e+02 6.305979725581538234e-05 4.168738739756563518e+02 1.163999856687743340e+04 1.760429869821280136e+03 0.000000000000000000e+00
1.732673267326732911e-03 0.000000000000000000e+00 4.206763387962005254e+02 6.170523525452182927e-05 4.168105700625247323e+02 1.148475551366296531e+04 1.761261525472825724e+03 0.000000000000000000e+00
1.801980198019802280e-03 0.000000000000000000e+00 4.188974687517521716e+02 5.992627940402599993e-05 4.166042788097063863e+02 1.129057936176845578e+04 1.763587694468027621e+03 0.000000000000000000e+00
1.871287128712871431e-03 0.000000000000000000e+00 4.146340426946764524e+02 5.764869337213585825e-05 4.159153659516017569e+02 1.104821619701162854e+04 1.770104102857905218e+03 0.000000000000000000e+00
1.940594059405940800e-03 0.000000000000000000e+00 4.037541355261399758e+02 5.464087617872527488e-05 4.134067324569776360e+02 1.073489468855095220e+04 1.789630438634424763e+03 0.000000000000000000e+00
2.009900990099009951e-03 0.000000000000000000e+00 3.783900572132517368e+02 4.886933761879429976e-05 4.029434495777377379e+02 9.840478486474288729e+03 0.000000000000000000e+00 9.946497741062970817e+03
2.079207920792079320e-03 0.000000000000000000e+00 3.783900572132517368e+02 4.886933761879429976e-05 4.029434495777377379e+02 9.840478486474288729e+03 0.000000000000000000e+00 9.946497741062970817e+03
2.148514851485148688e-03 0.000000000000000000e+00 3.783900572132517368e+02 4.886933761879429976e-05 4.029434495777377379e+02 9.840478486474288729e+03 0.000000000000000000e+00 9.946497741062970817e+03
2.217821782178218057e-03 0.000000000000000000e+00 3.783900572132517368e+02 4.886933761879429976e-05 4.029434495777377379e+02 9.840478486474288729e+03 0.000000000000000000e+00 9.946497741062970817e+03
2.287128712871287425e-03 0.000000000000000000e+00 3.783900572132517368e+02 4.886786993152824661e-05 4.029434495777377379e+02 9.842838093343405490e+03 0.000000000000000000e+00 9.946497741062970817e+03
2.356435643564356794e-03 0.000000000000000000e+00 3.783909839294972812e+02 4.885019854275392823e-05 4.029434201686331107e+02 9.862587107043236756e+03 0.000000000000000000e+00 9.946485445894290024e+03
2.425742574257426162e-03 0.000000000000000000e+00 3.784025114181745835e+02 4.876725132494828200e-05 4.029430393877822780e+02 9.917609308478056846e+03 0.000000000000000000e+00 9.946360303409688640e+03
2.495049504950495531e-03 0.000000000000000000e+00 3.784613876708590965e+02 4.845204425846895625e-05 4.029408813148287436e+02 1.003041816389309497e+04 0.000000000000000000e+00 9.945860198230880997e+03
2.564356435643564466e-03 0.000000000000000000e+00 3.786807349436580807e+02 4.736980564253233476e-05 4.029316525628825048e+02 1.023049058345248159e+04 0.000000000000000000e+00 9.944428182953328360e+03
2.633663366336633834e-03 0.000000000000000000e+00 3.793850820704569173e+02 4.418194249730120822e-05 4.028967168552940166e+02 1.055698910716062528e+04 0.000000000000000000e+00 9.940941163601384687e+03
2.702970297029703203e-03 0.000000000000000000e+00 3.814515646198767058e+02 3.920754242101292392e-05 4.027734825162155516e+02 1.102283398095090160e+04 0.000000000000000000e+00 9.933353280515855658e+03
2.772277227722772571e-03 0.000000000000000000e+00 3.870850630387599267e+02 3.329693380786124445e-05 4.023606186581567385e+02 1.164333031716071309e+04 0.000000000000000000e+00 9.918603988039341857e+03
2.841584158415841940e-03 0.000000000000000000e+00 4.020496905677672999e+02 2.668002055141816751e-05 4.009684749574806801e+02 1.246036581616159856e+04 0.000000000000000000e+00 9.891752439456678985e+03
2.910891089108911308e-03 0.000000000000000000e+00 4.430622270804355480e+02 1.932221121891520055e-05 3.959572549769803800e+02 1.356303346414157386e+04 0.000000000000000000e+00 9.843493141024369834e+03
2.980198019801980677e-03 0.000000000000000000e+00 5.336177842404084686e+02 1.086746467591226507e-05 3.826999136157122621e+02 1.498638401326586609e+04 0.000000000000000000e+00 9.768193799610242422e+03
3.049504950495049611e-03 0.000000000000000000e+00 8.015911880509730736e+02 1.248296649727186166e-05 4.780987855166957274e+02 1.880316701966536129e+04 0.000000000000000000e+00 0.000000000000000000e+00
3.118811881188118980e-03 0.000000000000000000e+00 8.015911880509730736e+02 1.248296649727186166e-05 4.780987855166957274e+02 1.880316701966536129e+04 0.000000000000000000e+00 0.000000000000000000e+00
3.188118811881188348e-03 0.000000000000000000e+00 8.015911880509730736e+02 1.248296649727186166e-05 4.780987855166957274e+02 1.880316701966536129e+04 0.000000000000000000e+00 0.000000000000000000e+00
3.257425742574257717e-03 0.000000000000000000e+00 8.015911880509730736e+02 1.248299437736634852e-05 4.780987855166957274e+02 1.880278820888328846e+04 0.000000000000000000e+00 0.000000000000000000e+00
3.326732673267327085e-03 0.000000000000000000e+00 8.015900013263125174e+02 1.248464906732020818e-05 4.780987882925248869e+02 1.878874446876253205e+04 0.000000000000000000e+00 0.000000000000000000e+00
3.396039603960396454e-03 0.000000000000000000e+00 8.015427995003841488e+02 1.249634855683282784e-05 4.780989281724159810e+02 1.873846950173576261e+04 0.000000000000000000e+00 0.000000000000000000e+00
3.465346534653465822e-03 0.000000000000000000e+00 8.012958442306511415e+02 1.255181500460609744e-05 4.781000147944357650e+02 1.863016511133043241e+04 0.000000000000000000e+00 0.000000000000000000e+00
3.534653465346535191e-03 0.000000000000000000e+00 8.004904965573834943e+02 1.278054539806082502e-05 4.781055074362220694e+02 1.843733258450314679e+04 0.000000000000000000e+00 0.000000000000000000e+00
3.603960396039604559e-03 0.000000000000000000e+00 7.983598626527380020e+02 1.365815993281111015e-05 4.781287719870619526e+02 1.812574266193414951e+04 0.000000000000000000e+00 0.000000000000000000e+00
3.673267326732673494e-03 0.000000000000000000e+00 7.933175812996927334e+02 1.596544903094689288e-05 4.782195035352247032e+02 1.767863609978980094e+04 0.000000000000000000e+00 0.000000000000000000e+00
3.742574257425742863e-03 0.000000000000000000e+00 7.826399798279676361e+02 2.010930250430001450e-05 4.785512895079085638e+02 1.711138425858077244e+04 0.000000000000000000e+00 0.000000000000000000e+00
3.811881188118812231e-03 0.000000000000000000e+00 7.616396840063204081e+02 2.702577934386777742e-05 4.797415595742964456e+02 1.641235405636396899e+04 0.000000000000000000e+00 0.000000000000000000e+00
3.881188118811881600e-03 0.000000000000000000e+00 7.208424985581139026e+02 3.857330097572830635e-05 4.841706277006572918e+02 1.554438371181815819e+04 0.000000000000000000e+00 0.000000000000000000e+00
3.950495049504950534e-03 0.000000000000000000e+00 6.385832634318651344e+02 5.920524082152873405e-05 5.016653079716179491e+02 1.442576301007112852e+04 0.000000000000000000e+00 0.000000000000000000e+00
4.019801980198019903e-03 0.000000000000000000e+00 4.218118888744654669e+02 6.436713965532323738e-05 4.168980431032251204e+02 1.184307139472185918e+04 1.760057139255853372e+03 0.000000000000000000e+00
4.089108910891089271e-03 0.000000000000000000e+00 4.217164763991403333e+02 6.402081999847870518e-05 4.168933048140549431e+02 1.176607979458358568e+04 1.760137714055418201e+03 0.000000000000000000e+00
4.158415841584158640e-03 0.000000000000000000e+00 4.214470108813929414e+02 6.314120712550424532e-05 4.168760936540909370e+02 1.164978763109608008e+04 1.760397978235018854e+03 0.000000000000000000e+00
4.227722772277228008e-03 0.000000000000000000e+00 4.207532370518560469e+02 6.181588964859111403e-05 4.168178996195483137e+02 1.149713838533384478e+04 1.761169934587649095e+03 0.000000000000000000e+00
4.297029702970297377e-03 0.000000000000000000e+00 4.190804405941863138e+02 6.006592677918800845e-05 4.166281614247112088e+02 1.130999477893342737e+04 1.763333609702226795e+03 0.000000000000000000e+00
4.366336633663366745e-03 0.000000000000000000e+00 4.150779622799568074e+02 5.780216419554030889e-05 4.159962610441611446e+02 1.109714514870169842e+04 1.769383024388877629e+03 0.000000000000000000e+00
4.435643564356436114e-03 0.000000000000000000e+00 4.049099542261130296e+02 5.474403579511355326e-05 4.137002601372513482e+02 1.085580556059299852e+04 1.787435233890436621e+03 0.000000000000000000e+00
4.504950495049505482e-03 0.000000000000000000e+00 3.784786760023304168e+02 4.836642280167402643e-05 4.029402089959014006e+02 1.005272793257422927e+04 0.000000000000000000e+00 9.945730332135428398e+03
4.574257425742574851e-03 0.000000000000000000e+00 3.787394737856738516e+02 4.708238513261052345e-05 4.029289976427397733e+02 1.026844131289177858e+04 0.000000000000000000e+00 9.944092274153932522e+03
4.643564356435644219e-03 0.000000000000000000e+00 3.795662344240959669e+02 4.354586395570500236e-05 4.028869048579696823e+02 1.061479284005710360e+04 0.000000000000000000e+00 9.940162815045301613e+03
4.712871287128713588e-03 0.000000000000000000e+00 3.819596783160682207e+02 3.840995806439554257e-05 4.027401341582066721e+02 1.110112173275946407e+04 0.000000000000000000e+00 9.931769530872827090e+03
4.782178217821782956e-03 0.000000000000000000e+00 3.884403299918924972e+02 3.238254655071201934e-05 4.022496522912867363e+02 1.174442382777864259e+04 0.000000000000000000e+00 9.915657265646925225e+03
4.851485148514852325e-03 0.000000000000000000e+00 4.056608953657978418e+02 2.565290116860815151e-05 4.005872474025992460e+02 1.257591146747852508e+04 0.000000000000000000e+00 9.886399678683235834e+03
4.920792079207921693e-03 0.000000000000000000e+00 4.533316183892561071e+02 1.814308977990976618e-05 3.945125019046362240e+02 1.367620499426751667e+04 0.000000000000000000e+00 9.832945994327837980e+03
4.990099009900991062e-03 0.000000000000000000e+00 5.447563377307550354e+02 1.034597025249321353e-05 3.810159250031670695e+02 1.493558455531460822e+04 0.000000000000000000e+00 9.755022596121656534e+03
5.059405940594059563e-03 0.000000000000000000e+00 7.999396600111593898e+02 1.297495105123896903e-05 4.781104868041768441e+02 1.833829220106279172e+04 0.000000000000000000e+00 0.000000000000000000e+00
5.128712871287128931e-03 0.000000000000000000e+00 7.970008867503414649e+02 1.430361861937037832e-05 4.781487369670389853e+02 1.796324834308188292e+04 0.000000000000000000e+00 0.000000000000000000e+00
5.198019801980198300e-03 0.000000000000000000e+00 7.903030276926538136e+02 1.718299723958873395e-05 4.782939386283047725e+02 1.744139032150068306e+04 0.000000000000000000e+00 0.000000000000000000e+00
5.267326732673267668e-03 0.000000000000000000e+00 7.765563594499584497e+02 2.211303442983731423e-05 4.788177364551379469e+02 1.677442061656124497e+04 0.000000000000000000e+00 0.000000000000000000e+00
5.336633663366337037e-03 0.000000000000000000e+00 7.497662871728288110e+02 3.012619249263812746e-05 4.807114955592413708e+02 1.595404223600348632e+04 0.000000000000000000e+00 0.000000000000000000e+00
5.405940594059406405e-03 0.000000000000000000e+00 6.970873159854157848e+02 4.320874283091040023e-05 4.879798177348174022e+02 1.495139967603454716e+04 0.000000000000000000e+00 0.000000000000000000e+00
5.475247524752475774e-03 0.000000000000000000e+00 6.030536626325227871e+02 6.561071273501261432e-05 5.101457279826441891e+02 1.375560377565533236e+04 0.000000000000000000e+00 0.000000000000000000e+00
5.544554455445545142e-03 0.000000000000000000e+00 4.194142726177609575e+02 5.893038096708990580e-05 4.166305773137678443e+02 1.167004808966083692e+04 1.762971191222603011e+03 0.000000000000000000e+00
5.613861386138614511e-03 0.000000000000000000e+00 4.161148737168870753e+02 5.398092538726380080e-05 4.159994378310446450e+02 1.174134032792748621e+04 1.768207477028358198e+03 0.000000000000000000e+00
5.683168316831683879e-03 0.000000000000000000e+00 4.078988176684305813e+02 4.620448650030078573e-05 4.137164136655010225e+02 1.188271659113017267e+04 1.783826223702936659e+03 0.000000000000000000e+00
5.752475247524753248e-03 0.000000000000000000e+00 3.848781457039747238e+02 3.505631103080125726e-05 4.025331163885171577e+02 1.144868666354761444e+04 0.000000000000000000e+00 9.923792809366219444e+03
5.821782178217822616e-03 0.000000000000000000e+00 3.961828282765715699e+02 2.862639366877608839e-05 4.015563677506501108e+02 1.220346649918968069e+04 0.000000000000000000e+00 9.901092690318604582e+03
5.891089108910891985e-03 0.000000000000000000e+00 4.266347450598607907e+02 2.145457484809959052e-05 3.981401776581593026e+02 1.321048485748687563e+04 0.000000000000000000e+00 9.860428792823611730e+03
5.960396039603961353e-03 0.000000000000000000e+00 5.086323851230905007e+02 1.329513257913041396e-05 3.863598090923821928e+02 1.460478517091151843e+04 0.000000000000000000e+00 9.788864471272736409e+03
6.029702970297030722e-03 0.000000000000000000e+00 8.015911880509730736e+02 1.248296649727186166e-05 4.780987855166957274e+02 1.880316701966536129e+04 0.000000000000000000e+00 0.000000000000000000e+00
6.099009900990099223e-03 0.000000000000000000e+00 8.015911880509730736e+02 1.248296649727186166e-05 4.780987855166957274e+02 1.880316701966536129e+04 0.000000000000000000e+00 0.000000000000000000e+00
6.168316831683168591e-03 0.000000000000000000e+00 8.015911880509730736e+02 1.248296649727186166e-05 4.780987855166957274e+02 1.880316701966536129e+04 0.000000000000000000e+00 0.000000000000000000e+00
6.237623762376237960e-03 0.000000000000000000e+00 8.015911880509730736e+02 1.248296649727186166e-05 4.780987855166957274e+02 1.880316701966536129e+04 0.000000000000000000e+00 0.000000000000000000e+00
6.306930693069307328e-03 0.000000000000000000e+00 8.015911880509730736e+02 1.248296649727186166e-05 4.780987855166957274e+02 1.880316701966536129e+04 0.000000000000000000e+00 0.000000000000000000e+00
6.376237623762376697e-03 0.000000000000000000e+00 8.015911880509730736e+02 1.248296649727186166e-05 4.780987855166957274e+02 1.880316701966536129e+04 0.000000000000000000e+00 0.000000000000000000e+00
6.445544554455446065e-03 0.000000000000000000e+00 8.015911880509730736e+02 1.248296649727186166e-05 4.780987855166957274e+02 1.880316701966536129e+04 0.000000000000000000e+00 0.000000000000000000e+00
6.514851485148515434e-03 0.000000000000000000e+00 8.015911880509730736e+02 1.248296649727186166e-05 4.780987855166957274e+02 1.880316701966536129e+04 0.000000000000000000e+00 0.000000000000000000e+00
6.584158415841584802e-03 0.000000000000000000e+00 8.015911880509730736e+02 1.248296649727186505e-05 4.780987855166957274e+02 1.880316701966536129e+04 0.000000000000000000e+00 0.000000000000000000e+00
6.653465346534654171e-03 0.000000000000000000e+00 8.015911880509730736e+02 1.248296649727186843e-05 4.780987855166957274e+02 1.880316701966536129e+04 0.000000000000000000e+00 0.000000000000000000e+00
6.722772277227723539e-03 0.000000000000000000e+00 8.015911880509730736e+02 1.248296649727186843e-05 4.780987855166957274e+02 1.880316701966536129e+04 0.000000000000000000e+00 0.000000000000000000e+00
6.792079207920792908e-03 0.000000000000000000e+00 8.015911880509729599e+02 1.248296649727186674e-05 4.780987855166957274e+02 1.880316701966536129e+04 0.000000000000000000e+00 0.000000000000000000e+00
6.861386138613862276e-03 0.000000000000000000e+00 8.015911880509729599e+02 1.248296649727186674e-05 4.780987855166957274e+02 1.880316701966536129e+04 0.000000000000000000e+00 0.000000000000000000e+00
6.930693069306931645e-03 0.000000000000000000e+00 0.000000000000000000e+00 0.000000000000000000e+00 0.000000000000000000e+00 0.000000000000000000e+00 0.000000000000000000e+00 0.000000000000000000e+00
