0.000000000000000000e+00 1.000000000000000000e+00 6.000000000000000000e+00 7.000000000000000000e+00 8.000000000000000000e+00 1.400000000000000000e+01 2.600000000000000000e+01 2.900000000000000000e+01
0.000000000000000000e+00 0.000000000000000000e+00 8.015911880509730736e+02 1.248296649727186166e-05 4.780987855166957274e+02 1.880316701966536129e+04 0.000000000000000000e+00 0.000000000000000000e+00
1.372549019607843107e-04 0.000000000000000000e+00 8.015911880509730736e+02 1.248296649727186166e-05 4.780987855166957274e+02 1.880316701966536129e+04 0.000000000000000000e+00 0.000000000000000000e+00
2.745098039215686215e-04 0.000000000000000000e+00 8.015911880509730736e+02 1.248296649727186166e-05 4.780987855166957274e+02 1.880316701966536129e+04 0.000000000000000000e+00 0.000000000000000000e+00
4.117647058823529051e-04 0.000000000000000000e+00 8.015123384468047334e+02 1.248837147449058392e-05 4.780990371238050898e+02 1.876897409413808418e+04 0.000000000000000000e+00 0.000000000000000000e+00
5.490196078431372429e-04 0.000000000000000000e+00 8.001938404593067844e+02 1.266019406695421713e-05 4.781080782935341631e+02 1.852717546715027856e+04 0.000000000000000000e+00 0.000000000000000000e+00
6.862745098039215808e-04 0.000000000000000000e+00 7.918451980629874924e+02 1.518994468668862480e-05 4.782543788130952862e+02 1.783334552698350308e+04 0.000000000000000000e+00 0.000000000000000000e+00
8.235294117647058102e-04 0.000000000000000000e+00 7.565206913695737967e+02 2.513573786432904677e-05 4.801441831502106083e+02 1.659619514026796969e+04 0.000000000000000000e+00 0.000000000000000000e+00
9.607843137254901481e-04 0.000000000000000000e+00 6.236117415779673365e+02 5.530944109260277298e-05 5.055688637188415555e+02 1.459643567589588565e+04 0.000000000000000000e+00 0.000000000000000000e+00
1.098039215686274486e-03 0.000000000000000000e+00 4.218504721052934201e+02 6.450545157109417727e-05 4.168994913799168671e+02 1.192668390353299401e+04 1.760029438050775525e+03 0.000000000000000000e+00
1.235294117647058824e-03 0.000000000000000000e+00 4.218504721052934201e+02 6.450545157109417727e-05 4.168994913799168671e+02 1.192668390353299401e+04 1.760029438050775525e+03 0.000000000000000000e+00
1.372549019607843162e-03 0.000000000000000000e+00 4.218497137627596203e+02 6.450418944525427461e-05 4.168994714110975224e+02 1.192357350789520206e+04 1.760029867852320194e+03 0.000000000000000000e+00
1.509803921568627499e-03 0.000000000000000000e+00 4.218187186499611698e+02 6.445492213482302568e-05 4.168983308291464027e+02 1.188139082738229808e+04 1.760051861133802731e+03 0.000000000000000000e+00
1.647058823529411620e-03 0.000000000000000000e+00 4.215108739466419365e+02 6.375704818937401991e-05 4.168805239758797825e+02 1.173456037599540105e+04 1.760333402932025365e+03 0.000000000000000000e+00
1.784313725490195958e-03 0.000000000000000000e+00 4.195025051918077565e+02 6.112186106746025352e-05 4.166810195454821155e+02 1.143010998534173632e+04 1.762759033110699647e+03 0.000000000000000000e+00
1.921568627450980296e-03 0.000000000000000000e+00 4.078335641051651805e+02 5.643235646809176368e-05 4.144377505521614466e+02 1.093208855900646086e+04 1.781963167557351198e+03 0.000000000000000000e+00
2.058823529411764851e-03 0.000000000000000000e+00 3.783900572132517368e+02 4.886933761879429976e-05 4.029434495777377379e+02 9.840478486474288729e+03 0.000000000000000000e+00 9.946497741062970817e+03
2.196078431372548972e-03 0.000000000000000000e+00 3.783900572132517368e+02 4.886933761879429976e-05 4.029434495777377379e+02 9.840478486474288729e+03 0.000000000000000000e+00 9.946497741062970817e+03
2.333333333333333093e-03 0.000000000000000000e+00 3.783902545135626383e+02 4.886838125912044582e-05 4.029434432255033016e+02 9.842058187196393192e+03 0.000000000000000000e+00 9.946494986414372761e+03
2.470588235294117647e-03 0.000000000000000000e+00 3.784304899869193264e+02 4.876678575754619423e-05 4.029420496365195845e+02 9.915366753146801784e+03 0.000000000000000000e+00 9.946107074186760656e+03
2.607843137254901768e-03 0.000000000000000000e+00 3.790272687812319532e+02 4.710685985186579443e-05 4.029152580024414192e+02 1.024555000388127519e+04 0.000000000000000000e+00 9.942592301006849084e+03
2.745098039215686323e-03 0.000000000000000000e+00 3.842004698287790916e+02 3.802272596230033431e-05 4.025837355840389478e+02 1.109272485865973249e+04 0.000000000000000000e+00 9.925509579168981872e+03
2.882352941176470444e-03 0.000000000000000000e+00 4.208618990708578735e+02 2.450513021698372430e-05 3.988586499499919569e+02 1.265611277545380108e+04 0.000000000000000000e+00 9.866981032099327422e+03
3.019607843137254999e-03 0.000000000000000000e+00 8.015911880509730736e+02 1.248296649727186166e-05 4.780987855166957274e+02 1.880316701966536129e+04 0.000000000000000000e+00 0.000000000000000000e+00
3.156862745098039120e-03 0.000000000000000000e+00 8.015911880509730736e+02 1.248296649727186166e-05 4.780987855166957274e+02 1.880316701966536129e+04 0.000000000000000000e+00 0.000000000000000000e+00
3.294117647058823241e-03 0.000000000000000000e+00 8.015911880509730736e+02 1.248296649727186166e-05 4.780987855166957274e+02 1.880316701966536129e+04 0.000000000000000000e+00 0.000000000000000000e+00
3.431372549019607796e-03 0.000000000000000000e+00 8.014564804082004912e+02 1.249266279607636085e-05 4.780992598458802263e+02 1.875187133896241721e+04 0.000000000000000000e+00 0.000000000000000000e+00
3.568627450980391917e-03 0.000000000000000000e+00 7.996806713234398103e+02 1.275557885483242846e-05 4.781131077121932549e+02 1.846239092815801996e+04 0.000000000000000000e+00 0.000000000000000000e+00
3.705882352941176471e-03 0.000000000000000000e+00 7.892058728036969342e+02 1.603623341090948357e-05 4.783259837166406783e+02 1.768912915941483516e+04 0.000000000000000000e+00 0.000000000000000000e+00
3.843137254901960592e-03 0.000000000000000000e+00 7.465145862571580437e+02 2.760892367443651521e-05 4.810601987997478659e+02 1.636898885560242343e+04 0.000000000000000000e+00 0.000000000000000000e+00
3.980392156862745147e-03 0.000000000000000000e+00 5.981228021194040139e+02 6.476551686799990510e-05 5.118007799612295798e+02 1.414084597593892067e+04 0.000000000000000000e+00 0.000000000000000000e+00
4.117647058823529702e-03 0.000000000000000000e+00 4.216368705613002135e+02 6.406694273237647673e-05 4.168886824605404513e+02 1.177941589501233102e+04 1.760210891804769290e+03 0.000000000000000000e+00
4.254901960784313389e-03 0.000000000000000000e+00 4.202627500814203927e+02 6.183789226621358968e-05 4.167684156271874940e+02 1.150887980888511083e+04 1.761769508132653300e+03 0.000000000000000000e+00
4.392156862745097944e-03 0.000000000000000000e+00 4.123901110251068758e+02 5.765154855885156919e-05 4.154705154425749356e+02 1.107886973655129623e+04 1.773864925845420885e+03 0.000000000000000000e+00
4.529411764705882498e-03 0.000000000000000000e+00 3.785370260644692735e+02 4.849679488658369028e-05 4.029378729495198286e+02 1.001083660605539444e+04 0.000000000000000000e+00 9.945320741932562669e+03
4.666666666666666186e-03 0.000000000000000000e+00 3.801081020948461173e+02 4.405469738063554790e-05 4.028564407805583869e+02 1.053704036193437605e+04 0.000000000000000000e+00 9.938001605502473467e+03
4.803921568627450740e-03 0.000000000000000000e+00 3.921467074534936614e+02 3.263570643814669064e-05 4.019316438840929209e+02 1.165228053187504702e+04 0.000000000000000000e+00 9.908274505110834070e+03
4.941176470588235295e-03 0.000000000000000000e+00 4.800900331124131526e+02 1.743136717231406755e-05 3.905913356493452397e+02 1.365978352216921849e+04 0.000000000000000000e+00 9.809711285501951352e+03
5.078431372549019850e-03 0.000000000000000000e+00 7.993710831264518220e+02 1.282250170354018805e-05 4.781164317377813404e+02 1.842515518837408308e+04 0.000000000000000000e+00 0.000000000000000000e+00
5.215686274509803537e-03 0.000000000000000000e+00 7.876358102381391291e+02 1.650966027891412875e-05 4.783721389203614649e+02 1.758056761472103244e+04 0.000000000000000000e+00 0.000000000000000000e+00
5.352941176470588092e-03 0.000000000000000000e+00 7.404202972907243065e+02 2.876938732731690603e-05 4.816525034227076389e+02 1.609692267982757767e+04 0.000000000000000000e+00 0.000000000000000000e+00
5.490196078431372646e-03 0.000000000000000000e+00 5.852408868928755510e+02 6.777877412379849800e-05 5.145332437131397683e+02 1.366562347805721583e+04 0.000000000000000000e+00 0.000000000000000000e+00
5.627450980392156334e-03 0.000000000000000000e+00 4.150728167067599088e+02 5.535167625622655342e-05 4.157579736171809373e+02 1.166021105325479948e+04 1.770028789034667170e+03 0.000000000000000000e+00
5.764705882352940888e-03 0.000000000000000000e+00 3.861676244924042294e+02 3.629378378024946278e-05 4.024337217098589576e+02 1.126468801750518105e+04 0.000000000000000000e+00 9.920694891816465315e+03
5.901960784313725443e-03 0.000000000000000000e+00 4.350230633445787021e+02 2.222930358686250402e-05 3.970462651325759680e+02 1.297295267664600033e+04 0.000000000000000000e+00 9.851505012379366235e+03
6.039215686274509998e-03 0.000000000000000000e+00 8.015911880509730736e+02 1.248296649727186166e-05 4.780987855166957274e+02 1.880316701966536129e+04 0.000000000000000000e+00 0.000000000000000000e+00
6.176470588235293685e-03 0.000000000000000000e+00 8.015911880509730736e+02 1.248296649727186166e-05 4.780987855166957274e+02 1.880316701966536129e+04 0.000000000000000000e+00 0.000000000000000000e+00
6.313725490196078240e-03 0.000000000000000000e+00 8.015911880509730736e+02 1.248296649727186166e-05 4.780987855166957274e+02 1.880316701966536129e+04 0.000000000000000000e+00 0.000000000000000000e+00
6.450980392156862794e-03 0.000000000000000000e+00 8.015911880509730736e+02 1.248296649727186166e-05 4.780987855166957274e+02 1.880316701966536129e+04 0.000000000000000000e+00 0.000000000000000000e+00
6.588235294117646482e-03 0.000000000000000000e+00 8.015911880509730736e+02 1.248296649727186335e-05 4.780987855166957274e+02 1.880316701966536129e+04 0.000000000000000000e+00 0.000000000000000000e+00
6.725490196078431036e-03 0.000000000000000000e+00 8.015911880509730736e+02 1.248296649727186843e-05 4.780987855166957274e+02 1.880316701966536129e+04 0.000000000000000000e+00 0.000000000000000000e+00
6.862745098039215591e-03 0.000000000000000000e+00 0.000000000000000000e+00 0.000000000000000000e+00 0.000000000000000000e+00 0.000000000000000000e+00 0.000000000000000000e+00 0.000000000000000000e+00
