0.000000000000000000e+00 1.000000000000000000e+00 6.000000000000000000e+00 7.000000000000000000e+00 8.000000000000000000e+00 1.400000000000000000e+01 2.600000000000000000e+01 2.900000000000000000e+01
0.000000000000000000e+00 0.000000000000000000e+00 8.015911880509730736e+02 1.248296649727186166e-05 4.780987855166957274e+02 1.880316701966536129e+04 0.000000000000000000e+00 0.000000000000000000e+00
1.372549019607843107e-04 0.000000000000000000e+00 8.015911880509729599e+02 1.248296649727187690e-05 4.780987855166957274e+02 1.880316701966536129e+04 0.000000000000000000e+00 0.000000000000000000e+00
2.745098039215686215e-04 0.000000000000000000e+00 8.015911880509730736e+02 1.248296649727186674e-05 4.780987855166957274e+02 1.880316701966536129e+04 0.000000000000000000e+00 0.000000000000000000e+00
4.117647058823529051e-04 0.000000000000000000e+00 8.015911880509730736e+02 1.248296649727186335e-05 4.780987855166957274e+02 1.880316701966536129e+04 0.000000000000000000e+00 0.000000000000000000e+00
5.490196078431372429e-04 0.000000000000000000e+00 8.015911880509730736e+02 1.248296649727186166e-05 4.780987855166957274e+02 1.880316701966536129e+04 0.000000000000000000e+00 0.000000000000000000e+00
6.862745098039215808e-04 0.000000000000000000e+00 8.015911880509730736e+02 1.248296649727186166e-05 4.780987855166957274e+02 1.880316701966536129e+04 0.000000000000000000e+00 0.000000000000000000e+00
8.235294117647058102e-04 0.000000000000000000e+00 8.015911880509730736e+02 1.248296649727186166e-05 4.780987855166957274e+02 1.880316701966536129e+04 0.000000000000000000e+00 0.000000000000000000e+00
9.607843137254901481e-04 0.000000000000000000e+00 8.015911880509730736e+02 1.248296649727186166e-05 4.780987855166957274e+02 1.880316701966536129e+04 0.000000000000000000e+00 0.000000000000000000e+00
1.098039215686274486e-03 0.000000000000000000e+00 4.755174626184330009e+02 2.685118063044551130e-05 4.089238632592404201e+02 1.447475419628690179e+04 1.723797910542559293e+03 0.000000000000000000e+00
1.235294117647058824e-03 0.000000000000000000e+00 4.301912809747974507e+02 4.630765533591169199e-05 4.161686310361523624e+02 1.310736100244559748e+04 1.754315612014971975e+03 0.000000000000000000e+00
1.372549019607843162e-03 0.000000000000000000e+00 4.229134738549418557e+02 6.071288710515791102e-05 4.168372435614369920e+02 1.233990181691745966e+04 1.759281798207726752e+03 0.000000000000000000e+00
1.509803921568627499e-03 0.000000000000000000e+00 4.219334165736298701e+02 6.425993060788018081e-05 4.168959267479997379e+02 1.201301549719153809e+04 1.759968795436339860e+03 0.000000000000000000e+00
1.647058823529411620e-03 0.000000000000000000e+00 4.218515522075909985e+02 6.450100921364926418e-05 4.168994518121019723e+02 1.193035815532471861e+04 1.760028581962048975e+03 0.000000000000000000e+00
1.784313725490195958e-03 0.000000000000000000e+00 4.218504721052934201e+02 6.450545157109417727e-05 4.168994913799168671e+02 1.192668390353299401e+04 1.760029438050775525e+03 0.000000000000000000e+00
1.921568627450980296e-03 0.000000000000000000e+00 4.218504721052934201e+02 6.450545157109417727e-05 4.168994913799168671e+02 1.192668390353299401e+04 1.760029438050775525e+03 0.000000000000000000e+00
2.058823529411764851e-03 0.000000000000000000e+00 3.951589595355638949e+02 5.697464057706749845e-05 4.063251905738850951e+02 1.084043158919728376e+04 0.000000000000000000e+00 8.365039966173037101e+03
2.196078431372548972e-03 0.000000000000000000e+00 3.807965094354533448e+02 5.214569449456383685e-05 4.032180809948724800e+02 1.032988819703199442e+04 0.000000000000000000e+00 9.555940159009411218e+03
2.333333333333333093e-03 0.000000000000000000e+00 3.787109412451430899e+02 4.967230193794284354e-05 4.029666994284556267e+02 1.003470666735928717e+04 0.000000000000000000e+00 9.865267897045883728e+03
2.470588235294117647e-03 0.000000000000000000e+00 3.784193487656713728e+02 4.892771375892240968e-05 4.029449099342641034e+02 9.889060625662748862e+03 0.000000000000000000e+00 9.935627612536551169e+03
2.607843137254901768e-03 0.000000000000000000e+00 3.783909472121453064e+02 4.887117081021678745e-05 4.029434828708817236e+02 9.844961188415485594e+03 0.000000000000000000e+00 9.946035762465000516e+03
2.745098039215686323e-03 0.000000000000000000e+00 3.783900572132517368e+02 4.886933761879429976e-05 4.029434495777377379e+02 9.840478486474288729e+03 0.000000000000000000e+00 9.946497741062970817e+03
2.882352941176470444e-03 0.000000000000000000e+00 3.783900572132517368e+02 4.886933761879429976e-05 4.029434495777377379e+02 9.840478486474288729e+03 0.000000000000000000e+00 9.946497741062970817e+03
3.019607843137254999e-03 0.000000000000000000e+00 5.590348993159767588e+02 5.319405973711691115e-05 5.045171020172323324e+02 1.259825339460189389e+04 0.000000000000000000e+00 0.000000000000000000e+00
3.156862745098039120e-03 0.000000000000000000e+00 7.350746859611890613e+02 2.489068606885015876e-05 4.804255469678876693e+02 1.548173579327335210e+04 0.000000000000000000e+00 0.000000000000000000e+00
3.294117647058823241e-03 0.000000000000000000e+00 7.864044628326605562e+02 1.550258457621377881e-05 4.782778343776665224e+02 1.726255798508225053e+04 0.000000000000000000e+00 0.000000000000000000e+00
3.431372549019607796e-03 0.000000000000000000e+00 7.992138477360200568e+02 1.271791527758740810e-05 4.781101182672663299e+02 1.832752955186896361e+04 0.000000000000000000e+00 0.000000000000000000e+00
3.568627450980391917e-03 0.000000000000000000e+00 8.014205054290686121e+02 1.249139755986714711e-05 4.780991630569475888e+02 1.873096873639877958e+04 0.000000000000000000e+00 0.000000000000000000e+00
3.705882352941176471e-03 0.000000000000000000e+00 8.015911880509730736e+02 1.248296649727186166e-05 4.780987855166957274e+02 1.880316701966536129e+04 0.000000000000000000e+00 0.000000000000000000e+00
3.843137254901960592e-03 0.000000000000000000e+00 8.015911880509730736e+02 1.248296649727186166e-05 4.780987855166957274e+02 1.880316701966536129e+04 0.000000000000000000e+00 0.000000000000000000e+00
3.980392156862745147e-03 0.000000000000000000e+00 8.015911880509730736e+02 1.248296649727186166e-05 4.780987855166957274e+02 1.880316701966536129e+04 0.000000000000000000e+00 0.000000000000000000e+00
4.117647058823529702e-03 0.000000000000000000e+00 4.628901782358125843e+02 2.995372738195436064e-05 4.113230136590038910e+02 1.422373949291403551e+04 1.732353729315402688e+03 0.000000000000000000e+00
4.254901960784313389e-03 0.000000000000000000e+00 4.281813561201607854e+02 4.875481080371490663e-05 4.163798172156706983e+02 1.296735853397840947e+04 1.755676808528399306e+03 0.000000000000000000e+00
4.392156862745097944e-03 0.000000000000000000e+00 4.226172619100083807e+02 6.187408562666390566e-05 4.168568981066497940e+02 1.226897631221493793e+04 1.759488410896274672e+03 0.000000000000000000e+00
4.529411764705882498e-03 0.000000000000000000e+00 4.018414872122738757e+02 5.851640926170494295e-05 4.080399071405880136e+02 1.107447647415646679e+04 0.000000000000000000e+00 7.920372483920395098e+03
4.666666666666666186e-03 0.000000000000000000e+00 3.820172391873198876e+02 5.292478411781855070e-05 4.034070495971704986e+02 1.041758079662894852e+04 0.000000000000000000e+00 9.417673187489754127e+03
4.803921568627450740e-03 0.000000000000000000e+00 3.788964452678196722e+02 5.005806000293116592e-05 4.029836320264283813e+02 1.008505133983133783e+04 0.000000000000000000e+00 9.829256769567538868e+03
4.941176470588235295e-03 0.000000000000000000e+00 3.784414754697716035e+02 4.897667770560262812e-05 4.029462138156713422e+02 9.908927955889654186e+03 0.000000000000000000e+00 9.928866504788440579e+03
5.078431372549019850e-03 0.000000000000000000e+00 6.554976098417860157e+02 3.649482170981381893e-05 4.887434175023545890e+02 1.407194626817249446e+04 0.000000000000000000e+00 0.000000000000000000e+00
5.215686274509803537e-03 0.000000000000000000e+00 7.651871650034280492e+02 1.972301453793526540e-05 4.788765047785437332e+02 1.633598932881313340e+04 0.000000000000000000e+00 0.000000000000000000e+00
5.352941176470588092e-03 0.000000000000000000e+00 7.943285282739085460e+02 1.369757939063737698e-05 4.781558283146373469e+02 1.781232250389391265e+04 0.000000000000000000e+00 0.000000000000000000e+00
5.490196078431372646e-03 0.000000000000000000e+00 8.006968171071171128e+02 1.254536609686292416e-05 4.781017953261274442e+02 1.856091507809756149e+04 0.000000000000000000e+00 0.000000000000000000e+00
5.627450980392156334e-03 0.000000000000000000e+00 4.577997829121468953e+02 3.140905260622149311e-05 4.122080609140477350e+02 1.409369823326625192e+04 1.735765162803785415e+03 0.000000000000000000e+00
5.764705882352940888e-03 0.000000000000000000e+00 4.097154312084280150e+02 4.607534959492602141e-05 4.083373349717509768e+02 1.202348567431897027e+04 0.000000000000000000e+00 7.817906935985249220e+03
5.901960784313725443e-03 0.000000000000000000e+00 3.833885512493073406e+02 5.144512909916342696e-05 4.035146156612718755e+02 1.074407994849183706e+04 0.000000000000000000e+00 9.347259417436060176e+03
6.039215686274509998e-03 0.000000000000000000e+00 5.902370241822998196e+02 4.755273523141291672e-05 4.997109436008290686e+02 1.355077964502966461e+04 0.000000000000000000e+00 0.000000000000000000e+00
6.176470588235293685e-03 0.000000000000000000e+00 7.472283398541824226e+02 2.302315393805348299e-05 4.797109440626188075e+02 1.589958405015046264e+04 0.000000000000000000e+00 0.000000000000000000e+00
6.313725490196078240e-03 0.000000000000000000e+00 7.896311066458949881e+02 1.479520308371686737e-05 4.782216199231331757e+02 1.747873149036122049e+04 0.000000000000000000e+00 0.000000000000000000e+00
6.450980392156862794e-03 0.000000000000000000e+00 7.998485491081680721e+02 1.263588626852251108e-05 4.781061433274321075e+02 1.841748774996081556e+04 0.000000000000000000e+00 0.000000000000000000e+00
6.588235294117646482e-03 0.000000000000000000e+00 8.014909824521871542e+02 1.248767353142955212e-05 4.780989859871392014e+02 1.875498448964963245e+04 0.000000000000000000e+00 0.000000000000000000e+00
6.725490196078431036e-03 0.000000000000000000e+00 8.015911880509730736e+02 1.248296649727186166e-05 4.780987855166957274e+02 1.880316701966536129e+04 0.000000000000000000e+00 0.000000000000000000e+00
6.862745098039215591e-03 0.000000000000000000e+00 0.000000000000000000e+00 0.000000000000000000e+00 0.000000000000000000e+00 0.000000000000000000e+00 0.000000000000000000e+00 0.000000000000000000e+00
