0.000000000000000000e+00 1.000000000000000000e+00 6.000000000000000000e+00 7.000000000000000000e+00 8.000000000000000000e+00 1.400000000000000000e+01 2.600000000000000000e+01 2.900000000000000000e+01
0.000000000000000000e+00 0.000000000000000000e+00 8.016043284949679446e+02 1.248296649727187013e-05 4.780911210887037441e+02 1.880316701966536493e+04 0.000000000000000000e+00 0.000000000000000000e+00
1.372549019607843107e-04 0.000000000000000000e+00 8.016043284949679446e+02 1.248296649727187013e-05 4.780911210887037441e+02 1.880316701966536493e+04 0.000000000000000000e+00 0.000000000000000000e+00
2.745098039215686215e-04 0.000000000000000000e+00 8.016043284949679446e+02 1.248544640440158776e-05 4.780911210887037441e+02 1.878340043505884387e+04 0.000000000000000000e+00 0.000000000000000000e+00
4.117647058823529051e-04 0.000000000000000000e+00 8.014335135119257529e+02 1.255198838078453382e-05 4.780918911988174500e+02 1.862520829782283909e+04 0.000000000000000000e+00 0.000000000000000000e+00
5.490196078431372429e-04 0.000000000000000000e+00 7.994285938166237884e+02 1.341800638142361755e-05 4.781106619576136154e+02 1.816708916112036604e+04 0.000000000000000000e+00 0.000000000000000000e+00
6.862745098039215808e-04 0.000000000000000000e+00 7.883478273708423103e+02 1.876237314647398685e-05 4.783756423015786936e+02 1.725404326748604944e+04 0.000000000000000000e+00 0.000000000000000000e+00
8.235294117647058102e-04 0.000000000000000000e+00 7.448628744447679537e+02 3.367788025147249820e-05 4.816210623395317612e+02 1.589372021628720722e+04 0.000000000000000000e+00 0.000000000000000000e+00
9.607843137254901481e-04 0.000000000000000000e+00 6.418678649799977620e+02 6.809405310482994332e-05 4.984086939762183306e+02 1.411905328080026629e+04 0.000000000000000000e+00 0.000000000000000000e+00
1.098039215686274486e-03 0.000000000000000000e+00 4.218539178305287578e+02 6.450545157109417727e-05 4.168940884874759831e+02 1.192668390353299401e+04 1.760025473856025656e+03 0.000000000000000000e+00
1.235294117647058824e-03 0.000000000000000000e+00 4.218539178305287578e+02 6.450489658314884707e-05 4.168940884874759831e+02 1.192512246171132392e+04 1.760025473856025656e+03 0.000000000000000000e+00
1.372549019607843162e-03 0.000000000000000000e+00 4.218518466988475097e+02 6.448303199957819789e-05 4.168940211168615519e+02 1.189798557500519200e+04 1.760026759071461129e+03 0.000000000000000000e+00
1.509803921568627499e-03 0.000000000000000000e+00 4.217975863234532312e+02 6.424001576088563339e-05 4.168916951391611292e+02 1.180318023189063933e+04 1.760068351776107647e+03 0.000000000000000000e+00
1.647058823529411620e-03 0.000000000000000000e+00 4.213390738785018925e+02 6.268937396325567559e-05 4.168607949096719949e+02 1.158577190956840968e+04 1.760520072192663747e+03 0.000000000000000000e+00
1.784313725490195958e-03 0.000000000000000000e+00 4.186032738902015922e+02 5.952635959509414506e-05 4.165410247544587037e+02 1.123423555619962099e+04 1.764078610525524255e+03 0.000000000000000000e+00
1.921568627450980296e-03 0.000000000000000000e+00 4.063112291358800121e+02 5.452973266223533707e-05 4.141245158151006649e+02 1.072339977179704329e+04 1.785148946372109322e+03 0.000000000000000000e+00
2.058823529411764851e-03 0.000000000000000000e+00 3.783921008925815386e+02 4.886933761879429976e-05 4.029379140958725998e+02 9.840478486474286910e+03 0.000000000000000000e+00 9.946660093999335004e+03
2.196078431372548972e-03 0.000000000000000000e+00 3.783921008925815386e+02 4.886904945066763691e-05 4.029379140958725998e+02 9.840989670698254486e+03 0.000000000000000000e+00 9.946660093999335004e+03
2.333333333333333093e-03 0.000000000000000000e+00 3.783926650507979730e+02 4.882158499905088185e-05 4.029378920775637312e+02 9.886771818425935635e+03 0.000000000000000000e+00 9.946653624247894186e+03
2.470588235294117647e-03 0.000000000000000000e+00 3.784725310031246295e+02 4.821868064739083737e-05 4.029348609982675953e+02 1.009945507708025070e+04 0.000000000000000000e+00 9.945990079143914045e+03
2.607843137254901768e-03 0.000000000000000000e+00 3.794369811674477546e+02 4.337652784547085691e-05 4.028871706888527342e+02 1.067229044439346399e+04 0.000000000000000000e+00 9.941118448436094695e+03
2.745098039215686323e-03 0.000000000000000000e+00 3.869807816886641376e+02 3.293156441962787729e-05 4.023511973278478422e+02 1.176512455287518242e+04 0.000000000000000000e+00 9.919957130872422567e+03
2.882352941176470444e-03 0.000000000000000000e+00 4.367665410563124055e+02 2.006901643185473124e-05 3.968084908702047642e+02 1.359432727769687517e+04 0.000000000000000000e+00 9.852994004792179112e+03
3.019607843137254999e-03 0.000000000000000000e+00 8.016043284949679446e+02 1.248296649727187013e-05 4.780911210887037441e+02 1.880316701966536493e+04 0.000000000000000000e+00 0.000000000000000000e+00
3.156862745098039120e-03 0.000000000000000000e+00 8.016043284949679446e+02 1.248296649727187013e-05 4.780911210887037441e+02 1.880316701966536493e+04 0.000000000000000000e+00 0.000000000000000000e+00
3.294117647058823241e-03 0.000000000000000000e+00 8.016043284949679446e+02 1.248740766155495547e-05 4.780911210887037441e+02 1.877250390308398346e+04 0.000000000000000000e+00 0.000000000000000000e+00
3.431372549019607796e-03 0.000000000000000000e+00 8.013360492554480743e+02 1.258549298415708988e-05 4.780924085540996771e+02 1.858251078120423335e+04 0.000000000000000000e+00 0.000000000000000000e+00
3.568627450980391917e-03 0.000000000000000000e+00 7.987063113993172010e+02 1.380943297182553328e-05 4.781200860197362204e+02 1.806405543563155152e+04 0.000000000000000000e+00 0.000000000000000000e+00
3.705882352941176471e-03 0.000000000000000000e+00 7.850048328170154264e+02 2.012279567337076552e-05 4.784976814207456073e+02 1.708809964457211754e+04 0.000000000000000000e+00 0.000000000000000000e+00
3.843137254901960592e-03 0.000000000000000000e+00 7.328647044317577866e+02 3.724542292377006081e-05 4.831161751004885332e+02 1.563550600100406336e+04 0.000000000000000000e+00 0.000000000000000000e+00
3.980392156862745147e-03 0.000000000000000000e+00 6.286437499915442686e+02 7.260447349745879615e-05 5.005300259241757885e+02 1.381054894219174457e+04 0.000000000000000000e+00 0.000000000000000000e+00
4.117647058823529702e-03 0.000000000000000000e+00 4.215237773474727874e+02 6.317261370578929644e-05 4.168749614461531792e+02 1.164381139400449683e+04 1.760326270606428807e+03 0.000000000000000000e+00
4.254901960784313389e-03 0.000000000000000000e+00 4.196367112766324681e+02 6.032590605299458343e-05 4.166836756601686602e+02 1.133087250822924398e+04 1.762628455493402271e+03 0.000000000000000000e+00
4.392156862745097944e-03 0.000000000000000000e+00 4.097975762368017740e+02 5.563021699231212019e-05 4.148677883998516904e+02 1.095500195159041687e+04 1.778746716218581923e+03 0.000000000000000000e+00
4.529411764705882498e-03 0.000000000000000000e+00 3.786608933508530299e+02 4.713568677046143824e-05 4.029263736383549031e+02 1.028630265546578266e+04 0.000000000000000000e+00 9.944816409549126547e+03
4.666666666666666186e-03 0.000000000000000000e+00 3.810984654417638922e+02 3.926967363443869630e-05 4.027832041131389929e+02 1.107149640228517819e+04 0.000000000000000000e+00 9.935155677045371704e+03
4.803921568627450740e-03 0.000000000000000000e+00 3.983563796092407756e+02 2.769483353504451046e-05 4.012526724508948632e+02 1.240538393046663441e+04 0.000000000000000000e+00 9.899481500688267261e+03
4.941176470588235295e-03 0.000000000000000000e+00 4.779291486206830655e+02 1.429716181879044043e-05 3.919543949047539400e+02 1.433460444080702291e+04 0.000000000000000000e+00 9.809518064109384795e+03
5.078431372549019850e-03 0.000000000000000000e+00 7.982820452484347697e+02 1.404814316847550324e-05 4.781260521705964948e+02 1.798812877677498182e+04 0.000000000000000000e+00 0.000000000000000000e+00
5.215686274509803537e-03 0.000000000000000000e+00 7.830290176653583103e+02 2.080080273273527132e-05 4.785735896472848481e+02 1.689912245338837965e+04 0.000000000000000000e+00 0.000000000000000000e+00
5.352941176470588092e-03 0.000000000000000000e+00 7.255652005506760815e+02 3.814854707428522076e-05 4.840484430437065839e+02 1.531158760410645664e+04 0.000000000000000000e+00 0.000000000000000000e+00
5.490196078431372646e-03 0.000000000000000000e+00 6.204532738907762450e+02 6.906278286334521918e-05 5.014683226860447007e+02 1.361310043288730594e+04 0.000000000000000000e+00 0.000000000000000000e+00
5.627450980392156334e-03 0.000000000000000000e+00 4.131193215281030007e+02 4.899608048176525092e-05 4.151507613808235533e+02 1.192484805682773549e+04 1.774002887784666882e+03 0.000000000000000000e+00
5.764705882352940888e-03 0.000000000000000000e+00 3.897521606123789866e+02 3.121926567577298738e-05 4.021113357437778859e+02 1.197128414280658581e+04 0.000000000000000000e+00 9.914273593762864039e+03
5.901960784313725443e-03 0.000000000000000000e+00 4.512131958581837239e+02 1.811635614845962851e-05 3.951054533609195119e+02 1.392355918270566508e+04 0.000000000000000000e+00 9.838654318752203835e+03
6.039215686274509998e-03 0.000000000000000000e+00 8.016043284949679446e+02 1.248296649727187013e-05 4.780911210887037441e+02 1.880316701966536493e+04 0.000000000000000000e+00 0.000000000000000000e+00
6.176470588235293685e-03 0.000000000000000000e+00 8.016043284949679446e+02 1.248296649727187013e-05 4.780911210887037441e+02 1.880316701966536493e+04 0.000000000000000000e+00 0.000000000000000000e+00
6.313725490196078240e-03 0.000000000000000000e+00 8.016043284949679446e+02 1.248296649727187013e-05 4.780911210887037441e+02 1.880316701966536493e+04 0.000000000000000000e+00 0.000000000000000000e+00
6.450980392156862794e-03 0.000000000000000000e+00 8.016043284949679446e+02 1.248296649727187013e-05 4.780911210887037441e+02 1.880316701966536493e+04 0.000000000000000000e+00 0.000000000000000000e+00
6.588235294117646482e-03 0.000000000000000000e+00 8.016043284949679446e+02 1.248296649727187521e-05 4.780911210887037441e+02 1.880316701966536493e+04 0.000000000000000000e+00 0.000000000000000000e+00
6.725490196078431036e-03 0.000000000000000000e+00 8.016043284949679446e+02 1.248296649727187860e-05 4.780911210887037441e+02 1.880316701966536493e+04 0.000000000000000000e+00 0.000000000000000000e+00
6.862745098039215591e-03 0.000000000000000000e+00 0.000000000000000000e+00 0.000000000000000000e+00 0.000000000000000000e+00 0.000000000000000000e+00 0.000000000000000000e+00 0.000000000000000000e+00
