0.000000000000000000e+00 1.000000000000000000e+00 6.000000000000000000e+00 7.000000000000000000e+00 8.000000000000000000e+00 1.400000000000000000e+01 2.600000000000000000e+01 2.900000000000000000e+01
0.000000000000000000e+00 0.000000000000000000e+00 8.015911880509730736e+02 1.248296649727186166e-05 4.780987855166957274e+02 1.880316701966536129e+04 0.000000000000000000e+00 0.000000000000000000e+00
6.930693069306931428e-05 0.000000000000000000e+00 8.015911880509729599e+02 1.248296649727187013e-05 4.780987855166957274e+02 1.880316701966536129e+04 0.000000000000000000e+00 0.000000000000000000e+00
1.386138613861386286e-04 0.000000000000000000e+00 8.015911880509729599e+02 1.248296649727187182e-05 4.780987855166957274e+02 1.880316701966536129e+04 0.000000000000000000e+00 0.000000000000000000e+00
2.079207920792079428e-04 0.000000000000000000e+00 8.015911880509729599e+02 1.248296649727187013e-05 4.780987855166957274e+02 1.880316701966536129e+04 0.000000000000000000e+00 0.000000000000000000e+00
2.772277227722772571e-04 0.000000000000000000e+00 8.015911880509730736e+02 1.248296649727186674e-05 4.780987855166957274e+02 1.880316701966536129e+04 0.000000000000000000e+00 0.000000000000000000e+00
3.465346534653465714e-04 0.000000000000000000e+00 8.015911880509730736e+02 1.248296649727186335e-05 4.780987855166957274e+02 1.880316701966536129e+04 0.000000000000000000e+00 0.000000000000000000e+00
4.158415841584158857e-04 0.000000000000000000e+00 8.015911880509730736e+02 1.248296649727186335e-05 4.780987855166957274e+02 1.880316701966536129e+04 0.000000000000000000e+00 0.000000000000000000e+00
4.851485148514851999e-04 0.000000000000000000e+00 8.015911880509730736e+02 1.248296649727186166e-05 4.780987855166957274e+02 1.880316701966536129e+04 0.000000000000000000e+00 0.000000000000000000e+00
5.544554455445545142e-04 0.000000000000000000e+00 8.015911880509730736e+02 1.248296649727186166e-05 4.780987855166957274e+02 1.880316701966536129e+04 0.000000000000000000e+00 0.000000000000000000e+00
6.237623762376238827e-04 0.000000000000000000e+00 8.015911880509730736e+02 1.248296649727186166e-05 4.780987855166957274e+02 1.880316701966536129e+04 0.000000000000000000e+00 0.000000000000000000e+00
6.930693069306931428e-04 0.000000000000000000e+00 8.015911880509730736e+02 1.248296649727186166e-05 4.780987855166957274e+02 1.880316701966536129e+04 0.000000000000000000e+00 0.000000000000000000e+00
7.623762376237624028e-04 0.000000000000000000e+00 8.015911880509730736e+02 1.248296649727186166e-05 4.780987855166957274e+02 1.880316701966536129e+04 0.000000000000000000e+00 0.000000000000000000e+00
8.316831683168317713e-04 0.000000000000000000e+00 8.015911880509730736e+02 1.248296649727186166e-05 4.780987855166957274e+02 1.880316701966536129e+04 0.000000000000000000e+00 0.000000000000000000e+00
9.009900990099011398e-04 0.000000000000000000e+00 8.015911880509730736e+02 1.248296649727186166e-05 4.780987855166957274e+02 1.880316701966536129e+04 0.000000000000000000e+00 0.000000000000000000e+00
9.702970297029703999e-04 0.000000000000000000e+00 8.015911880509730736e+02 1.248296649727186166e-05 4.780987855166957274e+02 1.880316701966536129e+04 0.000000000000000000e+00 0.000000000000000000e+00
1.039603960396039660e-03 0.000000000000000000e+00 5.386445046230852540e+02 1.715332512525331889e-05 3.950076302530903263e+02 1.540443338204178872e+04 1.681170481196024866e+03 0.000000000000000000e+00
1.108910891089109028e-03 0.000000000000000000e+00 4.680700161022735983e+02 2.857126453862413141e-05 4.103691709520157929e+02 1.433270990495921251e+04 1.728853335763476707e+03 0.000000000000000000e+00
1.178217821782178397e-03 0.000000000000000000e+00 4.400308254453050267e+02 3.873059310348700825e-05 4.149554157106394428e+02 1.358187715795590702e+04 1.747700741690346376e+03 0.000000000000000000e+00
1.247524752475247765e-03 0.000000000000000000e+00 4.288780050215316351e+02 4.784777849314287939e-05 4.163083532742689385e+02 1.301871120087807867e+04 1.755204107994672086e+03 0.000000000000000000e+00
1.316831683168316917e-03 0.000000000000000000e+00 4.244089829582006246e+02 5.576729577206225439e-05 4.167250091443185624e+02 1.259432313265845005e+04 1.758247773728294533e+03 0.000000000000000000e+00
1.386138613861386286e-03 0.000000000000000000e+00 4.226990031414014766e+02 6.156324253645590499e-05 4.168515961813684498e+02 1.228963340724027512e+04 1.759431317631141837e+03 0.000000000000000000e+00
1.455445544554455654e-03 0.000000000000000000e+00 4.220995789714161219e+02 6.373498999158992316e-05 4.168875678726778347e+02 1.210086513594446660e+04 1.759850810856953103e+03 0.000000000000000000e+00
1.524752475247524806e-03 0.000000000000000000e+00 4.219096724490624979e+02 6.432957058556889208e-05 4.168970192575337137e+02 1.199585528978212460e+04 1.759985910680174129e+03 0.000000000000000000e+00
1.594059405940594174e-03 0.000000000000000000e+00 4.218595589134940838e+02 6.447535011601898973e-05 4.168991495734028945e+02 1.194550533800794074e+04 1.760022529140419465e+03 0.000000000000000000e+00
1.663366336633663543e-03 0.000000000000000000e+00 4.218508315565150042e+02 6.450355835216998925e-05 4.168994781477266542e+02 1.192836794359483429e+04 1.760029148471768167e+03 0.000000000000000000e+00
1.732673267326732911e-03 0.000000000000000000e+00 4.218504721052934201e+02 6.450545157109417727e-05 4.168994913799168671e+02 1.192668390353299401e+04 1.760029438050775525e+03 0.000000000000000000e+00
1.801980198019802280e-03 0.000000000000000000e+00 4.218504721052934201e+02 6.450545157109417727e-05 4.168994913799168671e+02 1.192668390353299401e+04 1.760029438050775525e+03 0.000000000000000000e+00
1.871287128712871431e-03 0.000000000000000000e+00 4.218504721052934201e+02 6.450545157109417727e-05 4.168994913799168671e+02 1.192668390353299401e+04 1.760029438050775525e+03 0.000000000000000000e+00
1.940594059405940800e-03 0.000000000000000000e+00 4.218504721052934201e+02 6.450545157109417727e-05 4.168994913799168671e+02 1.192668390353299401e+04 1.760029438050775525e+03 0.000000000000000000e+00
2.009900990099009951e-03 0.000000000000000000e+00 4.054635383261649508e+02 6.001686478433485646e-05 4.089768162425704077e+02 1.114217266011057472e+04 0.000000000000000000e+00 7.671979806226467190e+03
2.079207920792079320e-03 0.000000000000000000e+00 3.908575335054835591e+02 5.600403247182735218e-05 4.052471563874520939e+02 1.074362611880565964e+04 0.000000000000000000e+00 8.663912562045004961e+03
2.148514851485148688e-03 0.000000000000000000e+00 3.830595418551585567e+02 5.346047032785730793e-05 4.035850208246362172e+02 1.047459731354216638e+04 0.000000000000000000e+00 9.310654567639730885e+03
2.217821782178218057e-03 0.000000000000000000e+00 3.801672063772095953e+02 5.163222555851522118e-05 4.031313061844059575e+02 1.027228711498864504e+04 0.000000000000000000e+00 9.635574766940375412e+03
2.287128712871287425e-03 0.000000000000000000e+00 3.790427025172120921e+02 5.031179327778026309e-05 4.029980776125700572e+02 1.011676790183634330e+04 0.000000000000000000e+00 9.803109727412496795e+03
2.356435643564356794e-03 0.000000000000000000e+00 3.786121357162839445e+02 4.942506508040106505e-05 4.029585094772365892e+02 9.999955666948641010e+03 0.000000000000000000e+00 9.886386077154989835e+03
2.425742574257426162e-03 0.000000000000000000e+00 3.784581843068847888e+02 4.901584448516146432e-05 4.029472616911900218e+02 9.921474413421856298e+03 0.000000000000000000e+00 9.924094321701049921e+03
2.495049504950495531e-03 0.000000000000000000e+00 3.784079551660103675e+02 4.890365254725175068e-05 4.029442939071764727e+02 9.875929920047516134e+03 0.000000000000000000e+00 9.939430322454318230e+03
2.564356435643564466e-03 0.000000000000000000e+00 3.783935255621929059e+02 4.887591550062079024e-05 4.029435906524118423e+02 9.852316204554528667e+03 0.000000000000000000e+00 9.944872825141581416e+03
2.633663366336633834e-03 0.000000000000000000e+00 3.783903893218999315e+02 4.887005233320746767e-05 4.029434616286783921e+02 9.842536145791100353e+03 0.000000000000000000e+00 9.946316581287119334e+03
2.702970297029703203e-03 0.000000000000000000e+00 3.783900572132517368e+02 4.886933761879429976e-05 4.029434495777377379e+02 9.840478486474288729e+03 0.000000000000000000e+00 9.946497741062970817e+03
2.772277227722772571e-03 0.000000000000000000e+00 3.783900572132517368e+02 4.886933761879429976e-05 4.029434495777377379e+02 9.840478486474288729e+03 0.000000000000000000e+00 9.946497741062970817e+03
2.841584158415841940e-03 0.000000000000000000e+00 3.783900572132517368e+02 4.886933761879429976e-05 4.029434495777377379e+02 9.840478486474288729e+03 0.000000000000000000e+00 9.946497741062970817e+03
2.910891089108911308e-03 0.000000000000000000e+00 3.783900572132517368e+02 4.886933761879429976e-05 4.029434495777377379e+02 9.840478486474288729e+03 0.000000000000000000e+00 9.946497741062970817e+03
2.980198019801980677e-03 0.000000000000000000e+00 3.783900572132517368e+02 4.886933761879429976e-05 4.029434495777377379e+02 9.840478486474288729e+03 0.000000000000000000e+00 9.946497741062970817e+03
3.049504950495049611e-03 0.000000000000000000e+00 6.068567763446075105e+02 4.321358723131990727e-05 4.965838575255563683e+02 1.341610705239081290e+04 0.000000000000000000e+00 0.000000000000000000e+00
3.118811881188118980e-03 0.000000000000000000e+00 7.044616276103023438e+02 2.962834188087316479e-05 4.828662689501987302e+02 1.484401080754515169e+04 0.000000000000000000e+00 0.000000000000000000e+00
3.188118811881188348e-03 0.000000000000000000e+00 7.531827295324089846e+02 2.187576398072130958e-05 4.793900639215760862e+02 1.595599840944348034e+04 0.000000000000000000e+00 0.000000000000000000e+00
3.257425742574257717e-03 0.000000000000000000e+00 7.784495099291310680e+02 1.717669136229838347e-05 4.784550237221214388e+02 1.685777567605268996e+04 0.000000000000000000e+00 0.000000000000000000e+00
3.326732673267327085e-03 0.000000000000000000e+00 7.914108384310344491e+02 1.438292468535538585e-05 4.781939990823310609e+02 1.758328782081448298e+04 0.000000000000000000e+00 0.000000000000000000e+00
3.396039603960396454e-03 0.000000000000000000e+00 7.975863994678287554e+02 1.298704051478459616e-05 4.781224834730624593e+02 1.812834148308608565e+04 0.000000000000000000e+00 0.000000000000000000e+00
3.465346534653465822e-03 0.000000000000000000e+00 8.002161800488468089e+02 1.259333888744321456e-05 4.781041104637606054e+02 1.847536238062935445e+04 0.000000000000000000e+00 0.000000000000000000e+00
3.534653465346535191e-03 0.000000000000000000e+00 8.012189106383017361e+02 1.250398458369259823e-05 4.780997621747451376e+02 1.867360598257720994e+04 0.000000000000000000e+00 0.000000000000000000e+00
3.603960396039604559e-03 0.000000000000000000e+00 8.015295482602252832e+02 1.248580505606088100e-05 4.780988992672093332e+02 1.876979767146032100e+04 0.000000000000000000e+00 0.000000000000000000e+00
3.673267326732673494e-03 0.000000000000000000e+00 8.015896535754939123e+02 1.248306680823144990e-05 4.780987877422208499e+02 1.880116216240836729e+04 0.000000000000000000e+00 0.000000000000000000e+00
3.742574257425742863e-03 0.000000000000000000e+00 8.015911880509730736e+02 1.248296649727186166e-05 4.780987855166957274e+02 1.880316701966536129e+04 0.000000000000000000e+00 0.000000000000000000e+00
3.811881188118812231e-03 0.000000000000000000e+00 8.015911880509730736e+02 1.248296649727186166e-05 4.780987855166957274e+02 1.880316701966536129e+04 0.000000000000000000e+00 0.000000000000000000e+00
3.881188118811881600e-03 0.000000000000000000e+00 8.015911880509730736e+02 1.248296649727186166e-05 4.780987855166957274e+02 1.880316701966536129e+04 0.000000000000000000e+00 0.000000000000000000e+00
3.950495049504950534e-03 0.000000000000000000e+00 8.015911880509730736e+02 1.248296649727186166e-05 4.780987855166957274e+02 1.880316701966536129e+04 0.000000000000000000e+00 0.000000000000000000e+00
4.019801980198019903e-03 0.000000000000000000e+00 5.599571686005175479e+02 1.295692556623964953e-05 3.902541200293779298e+02 1.582855186024570685e+04 1.666846317779959918e+03 0.000000000000000000e+00
4.089108910891089271e-03 0.000000000000000000e+00 4.825813808559535687e+02 2.548616603555281242e-05 4.074915215421577273e+02 1.459644604228213575e+04 1.718999190553817016e+03 0.000000000000000000e+00
4.158415841584158640e-03 0.000000000000000000e+00 4.455971066702944654e+02 3.594514374158894638e-05 4.141551313730067250e+02 1.377456450369989579e+04 1.743956796635032561e+03 0.000000000000000000e+00
4.227722772277228008e-03 0.000000000000000000e+00 4.311170889560369233e+02 4.534246155650936905e-05 4.160662898292463865e+02 1.316437959602970113e+04 1.753690021942980138e+03 0.000000000000000000e+00
4.297029702970297377e-03 0.000000000000000000e+00 4.252956180991454289e+02 5.366548778025072926e-05 4.166502851390534374e+02 1.270312271702779617e+04 1.757638956490450937e+03 0.000000000000000000e+00
4.366336633663366745e-03 0.000000000000000000e+00 4.230269322069302689e+02 6.026478531802216402e-05 4.168294349942307804e+02 1.236455528621194571e+04 1.759202886366563689e+03 0.000000000000000000e+00
4.435643564356436114e-03 0.000000000000000000e+00 4.222103116841683459e+02 6.336402500928999329e-05 4.168814502333759151e+02 1.214465553405977516e+04 1.759772737993627061e+03 0.000000000000000000e+00
4.504950495049505482e-03 0.000000000000000000e+00 4.062891052421225027e+02 6.006610043466154757e-05 4.091823397367575694e+02 1.125504326093863529e+04 0.000000000000000000e+00 7.630937976756835269e+03
4.574257425742574851e-03 0.000000000000000000e+00 3.918107089534640295e+02 5.618317597543379013e-05 4.054753703023191065e+02 1.079297489720966223e+04 0.000000000000000000e+00 8.596941277688925766e+03
4.643564356435644219e-03 0.000000000000000000e+00 3.833930403807110565e+02 5.361212680769137615e-05 4.036442878270300980e+02 1.049503844174412006e+04 0.000000000000000000e+00 9.278122641730944451e+03
4.712871287128713588e-03 0.000000000000000000e+00 3.802951770676844490e+02 5.174363797028351026e-05 4.031483705452469621e+02 1.028496173490381625e+04 0.000000000000000000e+00 9.618802387016445209e+03
4.782178217821782956e-03 0.000000000000000000e+00 3.790924681761636634e+02 5.039127904173364776e-05 4.030031590001296422e+02 1.012653659036359568e+04 0.000000000000000000e+00 9.794542114031271922e+03
4.851485148514852325e-03 0.000000000000000000e+00 3.786305480430935404e+02 4.947362611180775737e-05 4.029599867305499288e+02 1.000705899757270709e+04 0.000000000000000000e+00 9.882319732342877614e+03
4.920792079207921693e-03 0.000000000000000000e+00 3.784645206172306757e+02 4.903141720416449091e-05 4.029476711014252146e+02 9.925895308768633186e+03 0.000000000000000000e+00 9.922339988368594277e+03
4.990099009900991062e-03 0.000000000000000000e+00 3.784098751899451258e+02 4.890769356389246589e-05 4.029443946415856317e+02 9.878362402734946954e+03 0.000000000000000000e+00 9.938769114589978926e+03
5.059405940594059563e-03 0.000000000000000000e+00 6.242830457216094828e+02 4.073342292631101512e-05 4.936247707954777866e+02 1.366999870231105524e+04 0.000000000000000000e+00 0.000000000000000000e+00
5.128712871287128931e-03 0.000000000000000000e+00 7.135466392570514245e+02 2.826759763207033939e-05 4.820463990448854474e+02 1.502225244152553387e+04 0.000000000000000000e+00 0.000000000000000000e+00
5.198019801980198300e-03 0.000000000000000000e+00 7.578495843837155235e+02 2.105594547792916801e-05 4.791742066685786199e+02 1.609658091315196725e+04 0.000000000000000000e+00 0.000000000000000000e+00
5.267326732673267668e-03 0.000000000000000000e+00 7.808822280304982542e+02 1.667712042356599931e-05 4.783948500314290868e+02 1.697192229846115515e+04 0.000000000000000000e+00 0.000000000000000000e+00
5.336633663366337037e-03 0.000000000000000000e+00 7.926157985647810165e+02 1.410112234777260187e-05 4.781772549423610599e+02 1.767285198270456021e+04 0.000000000000000000e+00 0.000000000000000000e+00
5.405940594059406405e-03 0.000000000000000000e+00 7.981192797224416609e+02 1.289222537357251256e-05 4.781180850754664107e+02 1.818887767494369473e+04 0.000000000000000000e+00 0.000000000000000000e+00
5.475247524752475774e-03 0.000000000000000000e+00 8.004282756432164661e+02 1.257115560379147946e-05 4.781030378969212506e+02 1.851159776900578436e+04 0.000000000000000000e+00 0.000000000000000000e+00
5.544554455445545142e-03 0.000000000000000000e+00 5.323891628708166763e+02 1.813547076214249283e-05 3.963869190956676221e+02 1.521313641646231372e+04 1.685258085359790584e+03 0.000000000000000000e+00
5.613861386138614511e-03 0.000000000000000000e+00 4.650278983791579890e+02 2.937002776421178909e-05 4.109309317315275507e+02 1.424931092853309201e+04 1.730897865047277946e+03 0.000000000000000000e+00
5.683168316831683879e-03 0.000000000000000000e+00 4.388514990911472182e+02 3.942447887078919400e-05 4.151159686615351916e+02 1.353530975902058526e+04 1.748494772721698155e+03 0.000000000000000000e+00
5.752475247524753248e-03 0.000000000000000000e+00 4.123507333302511029e+02 4.538542471033255623e-05 4.086900143983589260e+02 1.216849235249233789e+04 0.000000000000000000e+00 7.733593925043806848e+03
5.821782178217822616e-03 0.000000000000000000e+00 3.944484717021167057e+02 4.888476616506455313e-05 4.054500532539539108e+02 1.136951176060871694e+04 0.000000000000000000e+00 8.604135724685558671e+03
5.891089108910891985e-03 0.000000000000000000e+00 3.842313727778144994e+02 5.133520459149070359e-05 4.036362759926662989e+02 1.081313480159875689e+04 0.000000000000000000e+00 9.278474485840837588e+03
5.960396039603961353e-03 0.000000000000000000e+00 3.805442103279480648e+02 5.120710869149632742e-05 4.031479228811752478e+02 1.043809385546132762e+04 0.000000000000000000e+00 9.616182559533515814e+03
6.029702970297030722e-03 0.000000000000000000e+00 5.753101346437492793e+02 5.095382981869187462e-05 5.022044975868670917e+02 1.331178654210934110e+04 0.000000000000000000e+00 0.000000000000000000e+00
6.099009900990099223e-03 0.000000000000000000e+00 6.835700000845715749e+02 3.325634576473333399e-05 4.851690937626586333e+02 1.471878009883652885e+04 0.000000000000000000e+00 0.000000000000000000e+00
6.168316831683168591e-03 0.000000000000000000e+00 7.425364517496990402e+02 2.383013838185914056e-05 4.799790520502904201e+02 1.578587807950683055e+04 0.000000000000000000e+00 0.000000000000000000e+00
6.237623762376237960e-03 0.000000000000000000e+00 7.728748239183476016e+02 1.831355247959474966e-05 4.786166600052637818e+02 1.667642278860274746e+04 0.000000000000000000e+00 0.000000000000000000e+00
6.306930693069307328e-03 0.000000000000000000e+00 7.885917655439242253e+02 1.502872845410470924e-05 4.782389526769506460e+02 1.741450021648387701e+04 0.000000000000000000e+00 0.000000000000000000e+00
6.376237623762376697e-03 0.000000000000000000e+00 7.963016082896934904e+02 1.324739843597045913e-05 4.781344456678254460e+02 1.799812546220812874e+04 0.000000000000000000e+00 0.000000000000000000e+00
6.445544554455446065e-03 0.000000000000000000e+00 7.996871119481983214e+02 1.265528903560732254e-05 4.781071044755124149e+02 1.839404124323996439e+04 0.000000000000000000e+00 0.000000000000000000e+00
6.514851485148515434e-03 0.000000000000000000e+00 8.010301829379370702e+02 1.251740230516507147e-05 4.781004290002583161e+02 1.862923041387235207e+04 0.000000000000000000e+00 0.000000000000000000e+00
6.584158415841584802e-03 0.000000000000000000e+00 8.014784142968339893e+02 1.248830321944573866e-05 4.780990161654353869e+02 1.875046713531734349e+04 0.000000000000000000e+00 0.000000000000000000e+00
6.653465346534654171e-03 0.000000000000000000e+00 8.015833123736827019e+02 1.248333093182875318e-05 4.780987976350590998e+02 1.879681632806502239e+04 0.000000000000000000e+00 0.000000000000000000e+00
6.722772277227723539e-03 0.000000000000000000e+00 8.015911880509730736e+02 1.248296649727186166e-05 4.780987855166957274e+02 1.880316701966536129e+04 0.000000000000000000e+00 0.000000000000000000e+00
6.792079207920792908e-03 0.000000000000000000e+00 8.015911880509730736e+02 1.248296649727186166e-05 4.780987855166957274e+02 1.880316701966536129e+04 0.000000000000000000e+00 0.000000000000000000e+00
6.861386138613862276e-03 0.000000000000000000e+00 8.015911880509730736e+02 1.248296649727186166e-05 4.780987855166957274e+02 1.880316701966536129e+04 0.000000000000000000e+00 0.000000000000000000e+00
6.930693069306931645e-03 0.000000000000000000e+00 0.000000000000000000e+00 0.000000000000000000e+00 0.000000000000000000e+00 0.000000000000000000e+00 0.000000000000000000e+00 0.000000000000000000e+00
