0.000000000000000000e+00 1.000000000000000000e+00 6.000000000000000000e+00 7.000000000000000000e+00 8.000000000000000000e+00 1.400000000000000000e+01 2.600000000000000000e+01 2.900000000000000000e+01
0.000000000000000000e+00 0.000000000000000000e+00 8.015911880509730736e+02 1.248296649727186166e-05 4.780987855166957274e+02 1.880316701966536129e+04 0.000000000000000000e+00 0.000000000000000000e+00
6.930693069306931428e-05 0.000000000000000000e+00 8.015911880509730736e+02 1.248296649727186166e-05 4.780987855166957274e+02 1.880316701966536129e+04 0.000000000000000000e+00 0.000000000000000000e+00
1.386138613861386286e-04 0.000000000000000000e+00 8.015911880509730736e+02 1.248296649727186166e-05 4.780987855166957274e+02 1.880316701966536129e+04 0.000000000000000000e+00 0.000000000000000000e+00
2.079207920792079428e-04 0.000000000000000000e+00 8.015911880509730736e+02 1.248296649727186166e-05 4.780987855166957274e+02 1.880316701966536129e+04 0.000000000000000000e+00 0.000000000000000000e+00
2.772277227722772571e-04 0.000000000000000000e+00 8.015911880509730736e+02 1.248296649727186166e-05 4.780987855166957274e+02 1.880316701966536129e+04 0.000000000000000000e+00 0.000000000000000000e+00
3.465346534653465714e-04 0.000000000000000000e+00 8.015850685529761677e+02 1.248338243353339094e-05 4.780988006577248370e+02 1.879867821931276194e+04 0.000000000000000000e+00 0.000000000000000000e+00
4.158415841584158857e-04 0.000000000000000000e+00 8.015023956715905342e+02 1.248909656495673665e-05 4.780990750559677736e+02 1.876575945860782303e+04 0.000000000000000000e+00 0.000000000000000000e+00
4.851485148514851999e-04 0.000000000000000000e+00 8.011449656379257931e+02 1.252272505278073336e-05 4.781008558070091112e+02 1.867918167611525496e+04 0.000000000000000000e+00 0.000000000000000000e+00
5.544554455445545142e-04 0.000000000000000000e+00 8.000635016653094453e+02 1.268274440655136600e-05 4.781092938271435742e+02 1.851026612507262689e+04 0.000000000000000000e+00 0.000000000000000000e+00
6.237623762376238827e-04 0.000000000000000000e+00 7.973124355697261763e+02 1.337210926064448913e-05 4.781439119936220550e+02 1.822132593089809961e+04 0.000000000000000000e+00 0.000000000000000000e+00
6.930693069306931428e-04 0.000000000000000000e+00 7.909895738975766335e+02 1.546662535645390414e-05 4.782763473528097506e+02 1.778470054345060635e+04 0.000000000000000000e+00 0.000000000000000000e+00
7.623762376237624028e-04 0.000000000000000000e+00 7.779653840718343645e+02 1.940427320501653829e-05 4.787554050654770776e+02 1.721531906244555285e+04 0.000000000000000000e+00 0.000000000000000000e+00
8.316831683168317713e-04 0.000000000000000000e+00 7.525836105474700162e+02 2.612211654004777564e-05 4.804844613891412450e+02 1.650365152177798154e+04 0.000000000000000000e+00 0.000000000000000000e+00
9.009900990099011398e-04 0.000000000000000000e+00 7.028695606756725738e+02 3.763166927236712649e-05 4.870749943120677017e+02 1.560906697096386597e+04 0.000000000000000000e+00 0.000000000000000000e+00
9.702970297029703999e-04 0.000000000000000000e+00 6.108551338562884894e+02 5.958362435419040700e-05 5.087377086674981115e+02 1.438972423504191829e+04 0.000000000000000000e+00 0.000000000000000000e+00
1.039603960396039660e-03 0.000000000000000000e+00 4.218504721052934201e+02 6.450545157109417727e-05 4.168994913799168671e+02 1.192668390353299401e+04 1.760029438050775525e+03 0.000000000000000000e+00
1.108910891089109028e-03 0.000000000000000000e+00 4.218504721052934201e+02 6.450545157109417727e-05 4.168994913799168671e+02 1.192668390353299401e+04 1.760029438050775525e+03 0.000000000000000000e+00
1.178217821782178397e-03 0.000000000000000000e+00 4.218504721052934201e+02 6.450545157109417727e-05 4.168994913799168671e+02 1.192668390353299401e+04 1.760029438050775525e+03 0.000000000000000000e+00
1.247524752475247765e-03 0.000000000000000000e+00 4.218504721052934201e+02 6.450545157109417727e-05 4.168994913799168671e+02 1.192668390353299401e+04 1.760029438050775525e+03 0.000000000000000000e+00
1.316831683168316917e-03 0.000000000000000000e+00 4.218504632051526642e+02 6.450540330404686299e-05 4.168994911579149516e+02 1.192652270888388375e+04 1.760029442726447542e+03 0.000000000000000000e+00
1.386138613861386286e-03 0.000000000000000000e+00 4.218492126892679153e+02 6.450338793687931851e-05 4.168994574954965628e+02 1.192201054968115750e+04 1.760030166198582265e+03 0.000000000000000000e+00
1.455445544554455654e-03 0.000000000000000000e+00 4.218408285786235865e+02 6.449088758223991144e-05 4.168991868700694567e+02 1.190635428997456074e+04 1.760035661535209556e+03 0.000000000000000000e+00
1.524752475247524806e-03 0.000000000000000000e+00 4.218080216290413205e+02 6.443610666327245719e-05 4.168978760052118560e+02 1.187196001160072228e+04 1.760060166092904637e+03 0.000000000000000000e+00
1.594059405940594174e-03 0.000000000000000000e+00 4.217051500517940781e+02 6.422513516531007231e-05 4.168926808905445682e+02 1.180926639443566273e+04 1.760147879949806793e+03 0.000000000000000000e+00
1.663366336633663543e-03 0.000000000000000000e+00 4.214159874524416978e+02 6.353978605155166464e-05 4.168738739756563518e+02 1.170654016672869875e+04 1.760429869821280136e+03 0.000000000000000000e+00
1.732673267326732911e-03 0.000000000000000000e+00 4.206763387962005254e+02 6.232313825734626521e-05 4.168105700625247323e+02 1.156326787245276319e+04 1.761261525472825724e+03 0.000000000000000000e+00
1.801980198019802280e-03 0.000000000000000000e+00 4.188974687517521716e+02 6.064892432949976059e-05 4.166042788097063863e+02 1.137919609704018512e+04 1.763587694468027621e+03 0.000000000000000000e+00
1.871287128712871431e-03 0.000000000000000000e+00 4.146340426946764524e+02 5.845485448969947682e-05 4.159153659516017569e+02 1.114564629596707164e+04 1.770104102857905218e+03 0.000000000000000000e+00
1.940594059405940800e-03 0.000000000000000000e+00 4.037541355261399758e+02 5.550842102666475586e-05 4.134067324569776360e+02 1.083939298084403890e+04 1.789630438634424763e+03 0.000000000000000000e+00
2.009900990099009951e-03 0.000000000000000000e+00 3.783900572132517368e+02 4.886933761879429976e-05 4.029434495777377379e+02 9.840478486474288729e+03 0.000000000000000000e+00 9.946497741062970817e+03
2.079207920792079320e-03 0.000000000000000000e+00 3.783900572132517368e+02 4.886933761879429976e-05 4.029434495777377379e+02 9.840478486474288729e+03 0.000000000000000000e+00 9.946497741062970817e+03
2.148514851485148688e-03 0.000000000000000000e+00 3.783900572132517368e+02 4.886933761879429976e-05 4.029434495777377379e+02 9.840478486474288729e+03 0.000000000000000000e+00 9.946497741062970817e+03
2.217821782178218057e-03 0.000000000000000000e+00 3.783900572132517368e+02 4.886933761879429976e-05 4.029434495777377379e+02 9.840478486474288729e+03 0.000000000000000000e+00 9.946497741062970817e+03
2.287128712871287425e-03 0.000000000000000000e+00 3.783900572132517368e+02 4.886933761879429976e-05 4.029434495777377379e+02 9.840478486474288729e+03 0.000000000000000000e+00 9.946497741062970817e+03
2.356435643564356794e-03 0.000000000000000000e+00 3.783909839294972812e+02 4.886604505423447519e-05 4.029434201686331107e+02 9.845351484134911516e+03 0.000000000000000000e+00 9.946485445894290024e+03
2.425742574257426162e-03 0.000000000000000000e+00 3.784025114181745835e+02 4.883570364105812152e-05 4.029430393877822780e+02 9.874043772604994956e+03 0.000000000000000000e+00 9.946360303409688640e+03
2.495049504950495531e-03 0.000000000000000000e+00 3.784613876708590965e+02 4.869043804015428246e-05 4.029408813148287436e+02 9.948527180689374291e+03 0.000000000000000000e+00 9.945860198230880997e+03
2.564356435643564466e-03 0.000000000000000000e+00 3.786807349436580807e+02 4.811232566434376159e-05 4.029316525628825048e+02 1.009712043924850877e+04 0.000000000000000000e+00 9.944428182953328360e+03
2.633663366336633834e-03 0.000000000000000000e+00 3.793850820704569173e+02 4.601232384048762160e-05 4.028967168552940166e+02 1.036024931334192297e+04 0.000000000000000000e+00 9.940941163601384687e+03
2.702970297029703203e-03 0.000000000000000000e+00 3.814515646198767058e+02 4.146216827961976201e-05 4.027734825162155516e+02 1.076989953653205703e+04 0.000000000000000000e+00 9.933353280515855658e+03
2.772277227722772571e-03 0.000000000000000000e+00 3.870850630387599267e+02 3.560908767826346421e-05 4.023606186581567385e+02 1.133490695760119524e+04 0.000000000000000000e+00 9.918603988039341857e+03
2.841584158415841940e-03 0.000000000000000000e+00 4.020496905677672999e+02 2.886933045417949689e-05 4.009684749574806801e+02 1.209227973108724473e+04 0.000000000000000000e+00 9.891752439456678985e+03
2.910891089108911308e-03 0.000000000000000000e+00 4.430622270804355480e+02 2.121884707863376437e-05 3.959572549769803800e+02 1.312717967807814966e+04 0.000000000000000000e+00 9.843493141024369834e+03
2.980198019801980677e-03 0.000000000000000000e+00 5.336177842404084686e+02 1.184733640327199421e-05 3.826999136157122621e+02 1.470636308150812511e+04 0.000000000000000000e+00 9.768193799610242422e+03
3.049504950495049611e-03 0.000000000000000000e+00 8.015911880509730736e+02 1.248296649727186166e-05 4.780987855166957274e+02 1.880316701966536129e+04 0.000000000000000000e+00 0.000000000000000000e+00
3.118811881188118980e-03 0.000000000000000000e+00 8.015911880509730736e+02 1.248296649727186166e-05 4.780987855166957274e+02 1.880316701966536129e+04 0.000000000000000000e+00 0.000000000000000000e+00
3.188118811881188348e-03 0.000000000000000000e+00 8.015911880509730736e+02 1.248296649727186166e-05 4.780987855166957274e+02 1.880316701966536129e+04 0.000000000000000000e+00 0.000000000000000000e+00
3.257425742574257717e-03 0.000000000000000000e+00 8.015911880509730736e+02 1.248296649727186166e-05 4.780987855166957274e+02 1.880316701966536129e+04 0.000000000000000000e+00 0.000000000000000000e+00
3.326732673267327085e-03 0.000000000000000000e+00 8.015900013263125174e+02 1.248308075423846458e-05 4.780987882925248869e+02 1.880175163563724709e+04 0.000000000000000000e+00 0.000000000000000000e+00
3.396039603960396454e-03 0.000000000000000000e+00 8.015427995003841488e+02 1.248622150493127298e-05 4.780989281724159810e+02 1.877950934424130901e+04 0.000000000000000000e+00 0.000000000000000000e+00
3.465346534653465822e-03 0.000000000000000000e+00 8.012958442306511415e+02 1.250719990270866349e-05 4.781000147944357650e+02 1.871092483461908341e+04 0.000000000000000000e+00 0.000000000000000000e+00
3.534653465346535191e-03 0.000000000000000000e+00 8.004904965573834943e+02 1.261078629134735800e-05 4.781055074362220694e+02 1.856879676114009271e+04 0.000000000000000000e+00 0.000000000000000000e+00
3.603960396039604559e-03 0.000000000000000000e+00 7.983598626527380020e+02 1.306893113038834808e-05 4.781287719870619526e+02 1.831863134154483851e+04 0.000000000000000000e+00 0.000000000000000000e+00
3.673267326732673494e-03 0.000000000000000000e+00 7.933175812996927334e+02 1.470550056250826994e-05 4.782195035352247032e+02 1.792327394996892326e+04 0.000000000000000000e+00 0.000000000000000000e+00
3.742574257425742863e-03 0.000000000000000000e+00 7.826399798279676361e+02 1.805064520774059966e-05 4.785512895079085638e+02 1.739201171648646050e+04 0.000000000000000000e+00 0.000000000000000000e+00
3.811881188118812231e-03 0.000000000000000000e+00 7.616396840063204081e+02 2.382808249552144397e-05 4.797415595742964456e+02 1.672415669069115393e+04 0.000000000000000000e+00 0.000000000000000000e+00
3.881188118811881600e-03 0.000000000000000000e+00 7.208424985581139026e+02 3.364204400089880476e-05 4.841706277006572918e+02 1.588582871218229411e+04 0.000000000000000000e+00 0.000000000000000000e+00
3.950495049504950534e-03 0.000000000000000000e+00 6.385832634318651344e+02 5.140636867467982370e-05 5.016653079716179491e+02 1.478324918969517421e+04 0.000000000000000000e+00 0.000000000000000000e+00
4.019801980198019903e-03 0.000000000000000000e+00 4.218118888744654669e+02 6.444310533438157710e-05 4.168980431032251204e+02 1.187523498182715048e+04 1.760057139255853372e+03 0.000000000000000000e+00
4.089108910891089271e-03 0.000000000000000000e+00 4.217164763991403333e+02 6.425122000692437281e-05 4.168933048140549431e+02 1.181494967158025975e+04 1.760137714055418201e+03 0.000000000000000000e+00
4.158415841584158640e-03 0.000000000000000000e+00 4.214470108813929414e+02 6.360780215062585973e-05 4.168760936540909370e+02 1.171523034230405574e+04 1.760397978235018854e+03 0.000000000000000000e+00
4.227722772277228008e-03 0.000000000000000000e+00 4.207532370518560469e+02 6.242568388809124425e-05 4.168178996195483137e+02 1.157477492434170927e+04 1.761169934587649095e+03 0.000000000000000000e+00
4.297029702970297377e-03 0.000000000000000000e+00 4.190804405941863138e+02 6.078374881082172304e-05 4.166281614247112088e+02 1.139376702205483525e+04 1.763333609702226795e+03 0.000000000000000000e+00
4.366336633663366745e-03 0.000000000000000000e+00 4.150779622799568074e+02 5.862485026987225757e-05 4.159962610441611446e+02 1.117194524686398472e+04 1.769383024388877629e+03 0.000000000000000000e+00
4.435643564356436114e-03 0.000000000000000000e+00 4.049099542261130296e+02 5.570165668303029449e-05 4.137002601372513482e+02 1.090878863189475305e+04 1.787435233890436621e+03 0.000000000000000000e+00
4.504950495049505482e-03 0.000000000000000000e+00 3.784786760023304168e+02 4.864831522759829581e-05 4.029402089959014006e+02 9.964328030719352682e+03 0.000000000000000000e+00 9.945730332135428398e+03
4.574257425742574851e-03 0.000000000000000000e+00 3.787394737856738516e+02 4.794988423747039222e-05 4.029289976427397733e+02 1.012651134161776463e+04 0.000000000000000000e+00 9.944092274153932522e+03
4.643564356435644219e-03 0.000000000000000000e+00 3.795662344240959669e+02 4.547259998037988680e-05 4.028869048579696823e+02 1.041001966405739950e+04 0.000000000000000000e+00 9.940162815045301613e+03
4.712871287128713588e-03 0.000000000000000000e+00 3.819596783160682207e+02 4.068283315050336851e-05 4.027401341582066721e+02 1.084072388816615057e+04 0.000000000000000000e+00 9.931769530872827090e+03
4.782178217821782956e-03 0.000000000000000000e+00 3.884403299918924972e+02 3.470294545142620161e-05 4.022496522912867363e+02 1.142990636444774827e+04 0.000000000000000000e+00 9.915657265646925225e+03
4.851485148514852325e-03 0.000000000000000000e+00 4.056608953657978418e+02 2.784232741936641190e-05 4.005872474025992460e+02 1.221576468307172945e+04 0.000000000000000000e+00 9.886399678683235834e+03
4.920792079207921693e-03 0.000000000000000000e+00 4.533316183892561071e+02 2.005732709700684376e-05 3.945125019046362240e+02 1.327453281227115076e+04 0.000000000000000000e+00 9.832945994327837980e+03
4.990099009900991062e-03 0.000000000000000000e+00 5.447563377307550354e+02 1.073843404142877961e-05 3.810159250031670695e+02 1.488565367721910661e+04 0.000000000000000000e+00 9.755022596121656534e+03
5.059405940594059563e-03 0.000000000000000000e+00 7.999396600111593898e+02 1.270649724717558579e-05 4.781104868041768441e+02 1.849394446140671062e+04 0.000000000000000000e+00 0.000000000000000000e+00
5.128712871287128931e-03 0.000000000000000000e+00 7.970008867503414649e+02 1.346882704248373137e-05 4.781487369670389853e+02 1.818950620763916231e+04 0.000000000000000000e+00 0.000000000000000000e+00
5.198019801980198300e-03 0.000000000000000000e+00 7.903030276926538136e+02 1.567562415885868650e-05 4.782939386283047725e+02 1.772357731397025418e+04 0.000000000000000000e+00 0.000000000000000000e+00
5.267326732673267668e-03 0.000000000000000000e+00 7.765563594499584497e+02 1.974642168424253416e-05 4.788177364551379469e+02 1.710344886188962846e+04 0.000000000000000000e+00 0.000000000000000000e+00
5.336633663366337037e-03 0.000000000000000000e+00 7.497662871728288110e+02 2.659628896008860174e-05 4.807114955592413708e+02 1.631049497017050635e+04 0.000000000000000000e+00 0.000000000000000000e+00
5.405940594059406405e-03 0.000000000000000000e+00 6.970873159854157848e+02 3.801625630951031485e-05 4.879798177348174022e+02 1.531223844234654098e+04 0.000000000000000000e+00 0.000000000000000000e+00
5.475247524752475774e-03 0.000000000000000000e+00 6.030536626325227871e+02 5.970716997687128540e-05 5.101457279826441891e+02 1.398460452841513688e+04 0.000000000000000000e+00 0.000000000000000000e+00
5.544554455445545142e-03 0.000000000000000000e+00 4.194142726177609575e+02 6.025763086587150136e-05 4.166305773137678443e+02 1.162994351725002343e+04 1.762971191222603011e+03 0.000000000000000000e+00
5.613861386138614511e-03 0.000000000000000000e+00 4.161148737168870753e+02 5.647717950681888885e-05 4.159994378310446450e+02 1.164696160422421599e+04 1.768207477028358198e+03 0.000000000000000000e+00
5.683168316831683879e-03 0.000000000000000000e+00 4.078988176684305813e+02 4.932538063520660123e-05 4.137164136655010225e+02 1.174063864385454508e+04 1.783826223702936659e+03 0.000000000000000000e+00
5.752475247524753248e-03 0.000000000000000000e+00 3.848781457039747238e+02 3.738294534413596164e-05 4.025331163885171577e+02 1.115572812909304776e+04 0.000000000000000000e+00 9.923792809366219444e+03
5.821782178217822616e-03 0.000000000000000000e+00 3.961828282765715699e+02 3.088071056420024833e-05 4.015563677506501108e+02 1.185205225935554336e+04 0.000000000000000000e+00 9.901092690318604582e+03
5.891089108910891985e-03 0.000000000000000000e+00 4.266347450598607907e+02 2.349381018453631495e-05 3.981401776581593026e+02 1.279346993509529057e+04 0.000000000000000000e+00 9.860428792823611730e+03
5.960396039603961353e-03 0.000000000000000000e+00 5.086323851230905007e+02 1.500563997437416527e-05 3.863598090923821928e+02 1.415854925459383958e+04 0.000000000000000000e+00 9.788864471272736409e+03
6.029702970297030722e-03 0.000000000000000000e+00 8.015911880509730736e+02 1.248296649727186166e-05 4.780987855166957274e+02 1.880316701966536129e+04 0.000000000000000000e+00 0.000000000000000000e+00
6.099009900990099223e-03 0.000000000000000000e+00 8.015911880509730736e+02 1.248296649727186166e-05 4.780987855166957274e+02 1.880316701966536129e+04 0.000000000000000000e+00 0.000000000000000000e+00
6.168316831683168591e-03 0.000000000000000000e+00 8.015911880509730736e+02 1.248296649727186166e-05 4.780987855166957274e+02 1.880316701966536129e+04 0.000000000000000000e+00 0.000000000000000000e+00
6.237623762376237960e-03 0.000000000000000000e+00 8.015911880509730736e+02 1.248296649727186166e-05 4.780987855166957274e+02 1.880316701966536129e+04 0.000000000000000000e+00 0.000000000000000000e+00
6.306930693069307328e-03 0.000000000000000000e+00 8.015911880509730736e+02 1.248296649727186166e-05 4.780987855166957274e+02 1.880316701966536129e+04 0.000000000000000000e+00 0.000000000000000000e+00
6.376237623762376697e-03 0.000000000000000000e+00 8.015911880509730736e+02 1.248296649727186166e-05 4.780987855166957274e+02 1.880316701966536129e+04 0.000000000000000000e+00 0.000000000000000000e+00
6.445544554455446065e-03 0.000000000000000000e+00 8.015911880509730736e+02 1.248296649727186166e-05 4.780987855166957274e+02 1.880316701966536129e+04 0.000000000000000000e+00 0.000000000000000000e+00
6.514851485148515434e-03 0.000000000000000000e+00 8.015911880509730736e+02 1.248296649727186166e-05 4.780987855166957274e+02 1.880316701966536129e+04 0.000000000000000000e+00 0.000000000000000000e+00
6.584158415841584802e-03 0.000000000000000000e+00 8.015911880509730736e+02 1.248296649727186674e-05 4.780987855166957274e+02 1.880316701966536129e+04 0.000000000000000000e+00 0.000000000000000000e+00
6.653465346534654171e-03 0.000000000000000000e+00 8.015911880509730736e+02 1.248296649727186505e-05 4.780987855166957274e+02 1.880316701966536129e+04 0.000000000000000000e+00 0.000000000000000000e+00
6.722772277227723539e-03 0.000000000000000000e+00 8.015911880509730736e+02 1.248296649727186843e-05 4.780987855166957274e+02 1.880316701966536129e+04 0.000000000000000000e+00 0.000000000000000000e+00
6.792079207920792908e-03 0.000000000000000000e+00 8.015911880509729599e+02 1.248296649727187352e-05 4.780987855166957274e+02 1.880316701966536129e+04 0.000000000000000000e+00 0.000000000000000000e+00
6.861386138613862276e-03 0.000000000000000000e+00 8.015911880509729599e+02 1.248296649727187182e-05 4.780987855166957274e+02 1.880316701966536129e+04 0.000000000000000000e+00 0.000000000000000000e+00
6.930693069306931645e-03 0.000000000000000000e+00 0.000000000000000000e+00 0.000000000000000000e+00 0.000000000000000000e+00 0.000000000000000000e+00 0.000000000000000000e+00 0.000000000000000000e+00
