0.000000000000000000e+00 1.000000000000000000e+00 6.000000000000000000e+00 7.000000000000000000e+00 8.000000000000000000e+00 1.400000000000000000e+01 2.600000000000000000e+01 2.900000000000000000e+01
0.000000000000000000e+00 0.000000000000000000e+00 8.016043284949679446e+02 1.248296649727187013e-05 4.780911210887037441e+02 1.880316701966536493e+04 0.000000000000000000e+00 0.000000000000000000e+00
6.930693069306931428e-05 0.000000000000000000e+00 8.016043284949679446e+02 1.248296649727187013e-05 4.780911210887037441e+02 1.880316701966536493e+04 0.000000000000000000e+00 0.000000000000000000e+00
1.386138613861386286e-04 0.000000000000000000e+00 8.016043284949679446e+02 1.248296649727187013e-05 4.780911210887037441e+02 1.880316701966536493e+04 0.000000000000000000e+00 0.000000000000000000e+00
2.079207920792079428e-04 0.000000000000000000e+00 8.016043284949679446e+02 1.248310176072871980e-05 4.780911210887037441e+02 1.880150307100786449e+04 0.000000000000000000e+00 0.000000000000000000e+00
2.772277227722772571e-04 0.000000000000000000e+00 8.016043284949679446e+02 1.248567867105840798e-05 4.780911210887037441e+02 1.878201719940212934e+04 0.000000000000000000e+00 0.000000000000000000e+00
3.465346534653465714e-04 0.000000000000000000e+00 8.015895518809934401e+02 1.249979452336526166e-05 4.780911758749475666e+02 1.872663712745341400e+04 0.000000000000000000e+00 0.000000000000000000e+00
4.158415841584158857e-04 0.000000000000000000e+00 8.014154798847089296e+02 1.255789450723176617e-05 4.780919838453512511e+02 1.861688876702373091e+04 0.000000000000000000e+00 0.000000000000000000e+00
4.851485148514851999e-04 0.000000000000000000e+00 8.008525567333326762e+02 1.277367376184073546e-05 4.780957126103963333e+02 1.843027158032377702e+04 0.000000000000000000e+00 0.000000000000000000e+00
5.544554455445545142e-04 0.000000000000000000e+00 7.992418290381777979e+02 1.351571192449769506e-05 4.781130030973383214e+02 1.813950329537901052e+04 0.000000000000000000e+00 0.000000000000000000e+00
6.237623762376238827e-04 0.000000000000000000e+00 7.955338661154376041e+02 1.553461773996026640e-05 4.781747402314929332e+02 1.772366157055222357e+04 0.000000000000000000e+00 0.000000000000000000e+00
6.930693069306931428e-04 0.000000000000000000e+00 7.872523840680267995e+02 1.921367466539936698e-05 4.784138944502162190e+02 1.719782132539659870e+04 0.000000000000000000e+00 0.000000000000000000e+00
7.623762376237624028e-04 0.000000000000000000e+00 7.713009057415107463e+02 2.527511145037030277e-05 4.791985739817603189e+02 1.656127497803255392e+04 0.000000000000000000e+00 0.000000000000000000e+00
8.316831683168317713e-04 0.000000000000000000e+00 7.401125322701792584e+02 3.510637491910404871e-05 4.821845613869901968e+02 1.579683045734343250e+04 0.000000000000000000e+00 0.000000000000000000e+00
9.009900990099011398e-04 0.000000000000000000e+00 6.866585070400897166e+02 5.142771333063229531e-05 4.905375695655106369e+02 1.488330174306197841e+04 0.000000000000000000e+00 0.000000000000000000e+00
9.702970297029703999e-04 0.000000000000000000e+00 6.354333994764780300e+02 7.045358720585944204e-05 4.994419184311375943e+02 1.401061758167610424e+04 0.000000000000000000e+00 0.000000000000000000e+00
1.039603960396039660e-03 0.000000000000000000e+00 4.218539178305287578e+02 6.450545157109417727e-05 4.168940884874759831e+02 1.192668390353299401e+04 1.760025473856025656e+03 0.000000000000000000e+00
1.108910891089109028e-03 0.000000000000000000e+00 4.218539178305287578e+02 6.450545157109417727e-05 4.168940884874759831e+02 1.192668390353299401e+04 1.760025473856025656e+03 0.000000000000000000e+00
1.178217821782178397e-03 0.000000000000000000e+00 4.218539178305287578e+02 6.450544668256370600e-05 4.168940884874759831e+02 1.192666742362681907e+04 1.760025473856025656e+03 0.000000000000000000e+00
1.247524752475247765e-03 0.000000000000000000e+00 4.218539178305287578e+02 6.450454897648481313e-05 4.168940884874759831e+02 1.192428816165076387e+04 1.760025473856025656e+03 0.000000000000000000e+00
1.316831683168316917e-03 0.000000000000000000e+00 4.218538932885818440e+02 6.449875126743102817e-05 4.168940877285262445e+02 1.191450520494253760e+04 1.760025488000789892e+03 0.000000000000000000e+00
1.386138613861386286e-03 0.000000000000000000e+00 4.218505334999508705e+02 6.447601465653352536e-05 4.168939766068787094e+02 1.189237743079300708e+04 1.760027613365881280e+03 0.000000000000000000e+00
1.455445544554455654e-03 0.000000000000000000e+00 4.218347553720724932e+02 6.440037253591070958e-05 4.168933935872337315e+02 1.185216855401186331e+04 1.760038804393724149e+03 0.000000000000000000e+00
1.524752475247524806e-03 0.000000000000000000e+00 4.217795377764218188e+02 6.416447069850949767e-05 4.168907766464951123e+02 1.178632315759871926e+04 1.760083544776613962e+03 0.000000000000000000e+00
1.594059405940594174e-03 0.000000000000000000e+00 4.216228554763302441e+02 6.350867398786316255e-05 4.168816766377905196e+02 1.168593809674546719e+04 1.760227647286754291e+03 0.000000000000000000e+00
1.663366336633663543e-03 0.000000000000000000e+00 4.211998929140971768e+02 6.239150463880675465e-05 4.168491253282395519e+02 1.155109753431969330e+04 1.760672895525387503e+03 0.000000000000000000e+00
1.732673267326732911e-03 0.000000000000000000e+00 4.201835277630667633e+02 6.089392034546255481e-05 4.167484799410976279e+02 1.138297961901447525e+04 1.761904006903415393e+03 0.000000000000000000e+00
1.801980198019802280e-03 0.000000000000000000e+00 4.177631703020106784e+02 5.900001517962542391e-05 4.164111496447135323e+02 1.117761224135737575e+04 1.765318277841595773e+03 0.000000000000000000e+00
1.871287128712871431e-03 0.000000000000000000e+00 4.122035986765865800e+02 5.663020537839222215e-05 4.153726205866951204e+02 1.092551934885507762e+04 1.774445815773395225e+03 0.000000000000000000e+00
1.940594059405940800e-03 0.000000000000000000e+00 4.043582036315993946e+02 5.381395788464061970e-05 4.137107064335174869e+02 1.065321704259830403e+04 1.788712488036691639e+03 0.000000000000000000e+00
2.009900990099009951e-03 0.000000000000000000e+00 3.783921008925815386e+02 4.886933761879429976e-05 4.029379140958725998e+02 9.840478486474286910e+03 0.000000000000000000e+00 9.946660093999335004e+03
2.079207920792079320e-03 0.000000000000000000e+00 3.783921008925815386e+02 4.886933761879429976e-05 4.029379140958725998e+02 9.840478486474286910e+03 0.000000000000000000e+00 9.946660093999335004e+03
2.148514851485148688e-03 0.000000000000000000e+00 3.783921008925815386e+02 4.886933761879429976e-05 4.029379140958725998e+02 9.840478486474286910e+03 0.000000000000000000e+00 9.946660093999335004e+03
2.217821782178218057e-03 0.000000000000000000e+00 3.783921008925815386e+02 4.886806442162475303e-05 4.029379140958725998e+02 9.842569916833956086e+03 0.000000000000000000e+00 9.946660093999335004e+03
2.287128712871287425e-03 0.000000000000000000e+00 3.783921008925815386e+02 4.885380120356914172e-05 4.029379140958725998e+02 9.859609394972814698e+03 0.000000000000000000e+00 9.946660093999335004e+03
2.356435643564356794e-03 0.000000000000000000e+00 3.783947427356676485e+02 4.879128301067888493e-05 4.029378126266867071e+02 9.906727510315222389e+03 0.000000000000000000e+00 9.946631279671990342e+03
2.425742574257426162e-03 0.000000000000000000e+00 3.784215915202545943e+02 4.857290586548892520e-05 4.029368101686975479e+02 1.000179633185915009e+04 0.000000000000000000e+00 9.946384860659631158e+03
2.495049504950495531e-03 0.000000000000000000e+00 3.785273571643747914e+02 4.788476122883098478e-05 4.029325146239759192e+02 1.016803074994149210e+04 0.000000000000000000e+00 9.945618617635307601e+03
2.564356435643564466e-03 0.000000000000000000e+00 3.788999607881327734e+02 4.582575043349837148e-05 4.029148150578048444e+02 1.043745829895291354e+04 0.000000000000000000e+00 9.943555366003867675e+03
2.633663366336633834e-03 0.000000000000000000e+00 3.799866681378285307e+02 4.165807927481739626e-05 4.028549697483247201e+02 1.083576749204230327e+04 0.000000000000000000e+00 9.938962077529427916e+03
2.702970297029703203e-03 0.000000000000000000e+00 3.830917361195066633e+02 3.643640357563424363e-05 4.026444639147875364e+02 1.136712848582153129e+04 0.000000000000000000e+00 9.929347137564873265e+03
2.772277227722772571e-03 0.000000000000000000e+00 3.910576872991805999e+02 3.055623630625154758e-05 4.019902297548711090e+02 1.205512439214602091e+04 0.000000000000000000e+00 9.911793715176758269e+03
2.841584158415841940e-03 0.000000000000000000e+00 4.122716420100763912e+02 2.412665122906925571e-05 3.997053313754902888e+02 1.294550322198018512e+04 0.000000000000000000e+00 9.880252021421771133e+03
2.910891089108911308e-03 0.000000000000000000e+00 4.579051516630399874e+02 1.715388707225574879e-05 3.943186266117124319e+02 1.407043125636768127e+04 0.000000000000000000e+00 9.832198897301084799e+03
2.980198019801980677e-03 0.000000000000000000e+00 4.999924297853896178e+02 1.047377194714253826e-05 3.894158520004459092e+02 1.507989545359820113e+04 0.000000000000000000e+00 9.789704071599311646e+03
3.049504950495049611e-03 0.000000000000000000e+00 8.016043284949679446e+02 1.248296649727187013e-05 4.780911210887037441e+02 1.880316701966536493e+04 0.000000000000000000e+00 0.000000000000000000e+00
3.118811881188118980e-03 0.000000000000000000e+00 8.016043284949679446e+02 1.248296649727187013e-05 4.780911210887037441e+02 1.880316701966536493e+04 0.000000000000000000e+00 0.000000000000000000e+00
3.188118811881188348e-03 0.000000000000000000e+00 8.016043284949679446e+02 1.248299038505524001e-05 4.780911210887037441e+02 1.880284270863178244e+04 0.000000000000000000e+00 0.000000000000000000e+00
3.257425742574257717e-03 0.000000000000000000e+00 8.016043284949679446e+02 1.248438165084518344e-05 4.780911210887037441e+02 1.879046763890577131e+04 0.000000000000000000e+00 0.000000000000000000e+00
3.326732673267327085e-03 0.000000000000000000e+00 8.016014570118585425e+02 1.249342627274196201e-05 4.780911311788064495e+02 1.874725776243204018e+04 0.000000000000000000e+00 0.000000000000000000e+00
3.396039603960396454e-03 0.000000000000000000e+00 8.014924953345823724e+02 1.253280205171001480e-05 4.780916016366466010e+02 1.865491226045834264e+04 0.000000000000000000e+00 0.000000000000000000e+00
3.465346534653465822e-03 0.000000000000000000e+00 8.010833089000224163e+02 1.268252782862308067e-05 4.780939671076866375e+02 1.849272803879837375e+04 0.000000000000000000e+00 0.000000000000000000e+00
3.534653465346535191e-03 0.000000000000000000e+00 7.998606578112542138e+02 1.320625982243250374e-05 4.781055529670424562e+02 1.823505052824586892e+04 0.000000000000000000e+00 0.000000000000000000e+00
3.603960396039604559e-03 0.000000000000000000e+00 7.969257136395339103e+02 1.480809726697352607e-05 4.781476813427630645e+02 1.785393553869603056e+04 0.000000000000000000e+00 0.000000000000000000e+00
3.673267326732673494e-03 0.000000000000000000e+00 7.902417602202738180e+02 1.796074009794382416e-05 4.783139696347493555e+02 1.735848788502693060e+04 0.000000000000000000e+00 0.000000000000000000e+00
3.742574257425742863e-03 0.000000000000000000e+00 7.769666558031175327e+02 2.323226612509492629e-05 4.788611423814493264e+02 1.675164937094914058e+04 0.000000000000000000e+00 0.000000000000000000e+00
3.811881188118812231e-03 0.000000000000000000e+00 7.511003132728834544e+02 3.178175568621387405e-05 4.809378070007707038e+02 1.601558359398109314e+04 0.000000000000000000e+00 0.000000000000000000e+00
3.881188118811881600e-03 0.000000000000000000e+00 7.035799152287555671e+02 4.585499134622364920e-05 4.876013257882665926e+02 1.511597291860300356e+04 0.000000000000000000e+00 0.000000000000000000e+00
3.950495049504950534e-03 0.000000000000000000e+00 6.487924929284239397e+02 6.540903895240121060e-05 4.972389763078384135e+02 1.417183285034219261e+04 0.000000000000000000e+00 0.000000000000000000e+00
4.019801980198019903e-03 0.000000000000000000e+00 4.217859304603580881e+02 6.419094437698955285e-05 4.168911058817096205e+02 1.179200664087540281e+04 1.760078112827314044e+03 0.000000000000000000e+00
4.089108910891089271e-03 0.000000000000000000e+00 4.216392689610302114e+02 6.357358248516193375e-05 4.168827090190088711e+02 1.169432146549482241e+04 1.760211750471977894e+03 0.000000000000000000e+00
4.158415841584158640e-03 0.000000000000000000e+00 4.212451354622676831e+02 6.248375503605203623e-05 4.168529931599653651e+02 1.156177683958625857e+04 1.760622643980631665e+03 0.000000000000000000e+00
4.227722772277228008e-03 0.000000000000000000e+00 4.202855152636150819e+02 6.101138892582382716e-05 4.167596346869460149e+02 1.139973241657360995e+04 1.761773071753522800e+03 0.000000000000000000e+00
4.297029702970297377e-03 0.000000000000000000e+00 4.180164771327821427e+02 5.912752241983878479e-05 4.164513724223771760e+02 1.121951548954796817e+04 1.764939227154927721e+03 0.000000000000000000e+00
4.366336633663366745e-03 0.000000000000000000e+00 4.127473033139461336e+02 5.671971393001019955e-05 4.154823042228226200e+02 1.102746013402455901e+04 1.773498972133675124e+03 0.000000000000000000e+00
4.435643564356436114e-03 0.000000000000000000e+00 4.048827840991399398e+02 5.360921156324621858e-05 4.138108461145138790e+02 1.086355660075569176e+04 1.787784018062005316e+03 0.000000000000000000e+00
4.504950495049505482e-03 0.000000000000000000e+00 3.785580807681233750e+02 4.770341313665881535e-05 4.029311356339895838e+02 1.019960468470724663e+04 0.000000000000000000e+00 9.945424029401712687e+03
4.574257425742574851e-03 0.000000000000000000e+00 3.789933433689549247e+02 4.532556836334236298e-05 4.029102170542571457e+02 1.048658892396778720e+04 0.000000000000000000e+00 9.943099165936031568e+03
4.643564356435644219e-03 0.000000000000000000e+00 3.802654993028044146e+02 4.095929134756463662e-05 4.028375749075935914e+02 1.090339124511190312e+04 0.000000000000000000e+00 9.937949569164607965e+03
4.712871287128713588e-03 0.000000000000000000e+00 3.838245426703454655e+02 3.563859416002201143e-05 4.025915869163850971e+02 1.145354748590510826e+04 0.000000000000000000e+00 9.927414350750808808e+03
4.782178217821782956e-03 0.000000000000000000e+00 3.930016616497614450e+02 2.968324396650025117e-05 4.018021401939773227e+02 1.215072754540463757e+04 0.000000000000000000e+00 9.908285892492311177e+03
4.851485148514852325e-03 0.000000000000000000e+00 4.172202516897957594e+02 2.320310022156404738e-05 3.991260840781685033e+02 1.302782548408954608e+04 0.000000000000000000e+00 9.874061404119902363e+03
4.920792079207921693e-03 0.000000000000000000e+00 4.649655651594954975e+02 1.608162955560051932e-05 3.934787686796286721e+02 1.406843159864715199e+04 0.000000000000000000e+00 9.823435396322764063e+03
4.990099009900991062e-03 0.000000000000000000e+00 5.050385534252217212e+02 1.036559922471731076e-05 3.887465678291038103e+02 1.484318386423437369e+04 0.000000000000000000e+00 9.777675599084157511e+03
5.059405940594059563e-03 0.000000000000000000e+00 7.990670712320896882e+02 1.360918822841356991e-05 4.781152542339938236e+02 1.809920942757907324e+04 0.000000000000000000e+00 0.000000000000000000e+00
5.128712871287128931e-03 0.000000000000000000e+00 7.951149285494122978e+02 1.572677315111915090e-05 4.781835006850411673e+02 1.764781573294213013e+04 0.000000000000000000e+00 0.000000000000000000e+00
5.198019801980198300e-03 0.000000000000000000e+00 7.863736205747161421e+02 1.950364541757193594e-05 4.784435140405092852e+02 1.706730665126009990e+04 0.000000000000000000e+00 0.000000000000000000e+00
5.267326732673267668e-03 0.000000000000000000e+00 7.695468334666338706e+02 2.561487433652850053e-05 4.793039078212009940e+02 1.636315996135368187e+04 0.000000000000000000e+00 0.000000000000000000e+00
5.336633663366337037e-03 0.000000000000000000e+00 7.366706173029739375e+02 3.519315673827235836e-05 4.825523465946138799e+02 1.552766242552630320e+04 0.000000000000000000e+00 0.000000000000000000e+00
5.405940594059406405e-03 0.000000000000000000e+00 6.815028482171717314e+02 5.049313397457735550e-05 4.912448526741179649e+02 1.456472593402750499e+04 0.000000000000000000e+00 0.000000000000000000e+00
5.475247524752475774e-03 0.000000000000000000e+00 6.298586908461064695e+02 6.669723001851607695e-05 4.998037837710984377e+02 1.370318164615604110e+04 0.000000000000000000e+00 0.000000000000000000e+00
5.544554455445545142e-03 0.000000000000000000e+00 4.185655777835220874e+02 5.672028107334064698e-05 4.164529316404108386e+02 1.175660729547828487e+04 1.764329832228207806e+03 0.000000000000000000e+00
5.613861386138614511e-03 0.000000000000000000e+00 4.143082089058488577e+02 5.046403346832113544e-05 4.154745447883836960e+02 1.189095516115918326e+04 1.771709812877341164e+03 0.000000000000000000e+00
5.683168316831683879e-03 0.000000000000000000e+00 4.089235561956057268e+02 4.248198462759830197e-05 4.136436115973417600e+02 1.213165588119768472e+04 1.783488527148487265e+03 0.000000000000000000e+00
5.752475247524753248e-03 0.000000000000000000e+00 3.879324399504303074e+02 3.229347867642333881e-05 4.022715152471436681e+02 1.184099883663755463e+04 0.000000000000000000e+00 9.917932288478714327e+03
5.821782178217822616e-03 0.000000000000000000e+00 4.041035760636559644e+02 2.604243668761711654e-05 4.006297706904963434e+02 1.266774113535452670e+04 0.000000000000000000e+00 9.891023660368276978e+03
5.891089108910891985e-03 0.000000000000000000e+00 4.430964101422403587e+02 1.920283125565221257e-05 3.960610296194821558e+02 1.374135889093444166e+04 0.000000000000000000e+00 9.846622551559508793e+03
5.960396039603961353e-03 0.000000000000000000e+00 4.890773642810084425e+02 1.215193754753483228e-05 3.906701720566189238e+02 1.482387639934174877e+04 0.000000000000000000e+00 9.801271396649253802e+03
6.029702970297030722e-03 0.000000000000000000e+00 8.016043284949679446e+02 1.248296649727187013e-05 4.780911210887037441e+02 1.880316701966536493e+04 0.000000000000000000e+00 0.000000000000000000e+00
6.099009900990099223e-03 0.000000000000000000e+00 8.016043284949679446e+02 1.248296649727187013e-05 4.780911210887037441e+02 1.880316701966536493e+04 0.000000000000000000e+00 0.000000000000000000e+00
6.168316831683168591e-03 0.000000000000000000e+00 8.016043284949679446e+02 1.248296649727187013e-05 4.780911210887037441e+02 1.880316701966536493e+04 0.000000000000000000e+00 0.000000000000000000e+00
6.237623762376237960e-03 0.000000000000000000e+00 8.016043284949679446e+02 1.248296649727187013e-05 4.780911210887037441e+02 1.880316701966536493e+04 0.000000000000000000e+00 0.000000000000000000e+00
6.306930693069307328e-03 0.000000000000000000e+00 8.016043284949679446e+02 1.248296649727187013e-05 4.780911210887037441e+02 1.880316701966536493e+04 0.000000000000000000e+00 0.000000000000000000e+00
6.376237623762376697e-03 0.000000000000000000e+00 8.016043284949679446e+02 1.248296649727187013e-05 4.780911210887037441e+02 1.880316701966536493e+04 0.000000000000000000e+00 0.000000000000000000e+00
6.445544554455446065e-03 0.000000000000000000e+00 8.016043284949679446e+02 1.248296649727187013e-05 4.780911210887037441e+02 1.880316701966536493e+04 0.000000000000000000e+00 0.000000000000000000e+00
6.514851485148515434e-03 0.000000000000000000e+00 8.016043284949679446e+02 1.248296649727187352e-05 4.780911210887037441e+02 1.880316701966536493e+04 0.000000000000000000e+00 0.000000000000000000e+00
6.584158415841584802e-03 0.000000000000000000e+00 8.016043284949679446e+02 1.248296649727187521e-05 4.780911210887037441e+02 1.880316701966536493e+04 0.000000000000000000e+00 0.000000000000000000e+00
6.653465346534654171e-03 0.000000000000000000e+00 8.016043284949679446e+02 1.248296649727187690e-05 4.780911210887037441e+02 1.880316701966536493e+04 0.000000000000000000e+00 0.000000000000000000e+00
6.722772277227723539e-03 0.000000000000000000e+00 8.016043284949679446e+02 1.248296649727188029e-05 4.780911210887037441e+02 1.880316701966536493e+04 0.000000000000000000e+00 0.000000000000000000e+00
6.792079207920792908e-03 0.000000000000000000e+00 8.016043284949679446e+02 1.248296649727188029e-05 4.780911210887037441e+02 1.880316701966536493e+04 0.000000000000000000e+00 0.000000000000000000e+00
6.861386138613862276e-03 0.000000000000000000e+00 8.016043284949679446e+02 1.248296649727188199e-05 4.780911210887037441e+02 1.880316701966536493e+04 0.000000000000000000e+00 0.000000000000000000e+00
6.930693069306931645e-03 0.000000000000000000e+00 0.000000000000000000e+00 0.000000000000000000e+00 0.000000000000000000e+00 0.000000000000000000e+00 0.000000000000000000e+00 0.000000000000000000e+00
