0.000000000000000000e+00 1.000000000000000000e+00 6.000000000000000000e+00 7.000000000000000000e+00 8.000000000000000000e+00 1.400000000000000000e+01 2.600000000000000000e+01 2.900000000000000000e+01
0.000000000000000000e+00 0.000000000000000000e+00 8.015911880509730736e+02 1.248296649727186166e-05 4.780987855166957274e+02 1.880316701966536129e+04 0.000000000000000000e+00 0.000000000000000000e+00
1.372549019607843107e-04 0.000000000000000000e+00 8.015911880509730736e+02 1.248296649727186166e-05 4.780987855166957274e+02 1.880316701966536129e+04 0.000000000000000000e+00 0.000000000000000000e+00
2.745098039215686215e-04 0.000000000000000000e+00 8.015911880509730736e+02 1.248309644724453110e-05 4.780987855166957274e+02 1.880156770773573953e+04 0.000000000000000000e+00 0.000000000000000000e+00
4.117647058823529051e-04 0.000000000000000000e+00 8.015123384468047334e+02 1.250283212593335950e-05 4.780990371238050898e+02 1.871993959766723856e+04 0.000000000000000000e+00 0.000000000000000000e+00
5.490196078431372429e-04 0.000000000000000000e+00 8.001938404593067844e+02 1.288219823053556943e-05 4.781080782935341631e+02 1.838354815491922636e+04 0.000000000000000000e+00 0.000000000000000000e+00
6.862745098039215808e-04 0.000000000000000000e+00 7.918451980629874924e+02 1.658296154707368153e-05 4.782543788130952862e+02 1.758120083174702813e+04 0.000000000000000000e+00 0.000000000000000000e+00
8.235294117647058102e-04 0.000000000000000000e+00 7.565206913695737967e+02 2.857108712966436196e-05 4.801441831502106083e+02 1.628328671766223488e+04 0.000000000000000000e+00 0.000000000000000000e+00
9.607843137254901481e-04 0.000000000000000000e+00 6.236117415779673365e+02 6.355524979138477148e-05 5.055688637188415555e+02 1.428028578257357367e+04 0.000000000000000000e+00 0.000000000000000000e+00
1.098039215686274486e-03 0.000000000000000000e+00 4.218504721052934201e+02 6.450545157109417727e-05 4.168994913799168671e+02 1.192668390353299401e+04 1.760029438050775525e+03 0.000000000000000000e+00
1.235294117647058824e-03 0.000000000000000000e+00 4.218504721052934201e+02 6.450545157109417727e-05 4.168994913799168671e+02 1.192668390353299401e+04 1.760029438050775525e+03 0.000000000000000000e+00
1.372549019607843162e-03 0.000000000000000000e+00 4.218497137627596203e+02 6.449949614814383012e-05 4.168994714110975224e+02 1.191577523240284609e+04 1.760029867852320194e+03 0.000000000000000000e+00
1.509803921568627499e-03 0.000000000000000000e+00 4.218187186499611698e+02 6.439047724709821656e-05 4.168983308291464027e+02 1.185130086916510663e+04 1.760051861133802731e+03 0.000000000000000000e+00
1.647058823529411620e-03 0.000000000000000000e+00 4.215108739466419365e+02 6.331739120733469194e-05 4.168805239758797825e+02 1.167133421782137339e+04 1.760333402932025365e+03 0.000000000000000000e+00
1.784313725490195958e-03 0.000000000000000000e+00 4.195025051918077565e+02 6.042065306298170449e-05 4.166810195454821155e+02 1.134420671399674939e+04 1.762759033110699647e+03 0.000000000000000000e+00
1.921568627450980296e-03 0.000000000000000000e+00 4.078335641051651805e+02 5.555987045577512139e-05 4.144377505521614466e+02 1.082940190432314193e+04 1.781963167557351198e+03 0.000000000000000000e+00
2.058823529411764851e-03 0.000000000000000000e+00 3.783900572132517368e+02 4.886933761879429976e-05 4.029434495777377379e+02 9.840478486474288729e+03 0.000000000000000000e+00 9.946497741062970817e+03
2.196078431372548972e-03 0.000000000000000000e+00 3.783900572132517368e+02 4.886933761879429976e-05 4.029434495777377379e+02 9.840478486474288729e+03 0.000000000000000000e+00 9.946497741062970817e+03
2.333333333333333093e-03 0.000000000000000000e+00 3.783902545135626383e+02 4.885979533707654010e-05 4.029434432255033016e+02 9.852941560247592861e+03 0.000000000000000000e+00 9.946494986414372761e+03
2.470588235294117647e-03 0.000000000000000000e+00 3.784304899869193264e+02 4.861056056553030453e-05 4.029420496365195845e+02 9.982286586411521057e+03 0.000000000000000000e+00 9.946107074186760656e+03
2.607843137254901768e-03 0.000000000000000000e+00 3.790272687812319532e+02 4.567078799407357851e-05 4.029152580024414192e+02 1.041880415837922919e+04 0.000000000000000000e+00 9.942592301006849084e+03
2.745098039215686323e-03 0.000000000000000000e+00 3.842004698287790916e+02 3.569913349675221827e-05 4.025837355840389478e+02 1.137972887166771216e+04 0.000000000000000000e+00 9.925509579168981872e+03
2.882352941176470444e-03 0.000000000000000000e+00 4.208618990708578735e+02 2.242372453110954875e-05 3.988586499499919569e+02 1.306431551240458248e+04 0.000000000000000000e+00 9.866981032099327422e+03
3.019607843137254999e-03 0.000000000000000000e+00 8.015911880509730736e+02 1.248296649727186166e-05 4.780987855166957274e+02 1.880316701966536129e+04 0.000000000000000000e+00 0.000000000000000000e+00
3.156862745098039120e-03 0.000000000000000000e+00 8.015911880509730736e+02 1.248296649727186166e-05 4.780987855166957274e+02 1.880316701966536129e+04 0.000000000000000000e+00 0.000000000000000000e+00
3.294117647058823241e-03 0.000000000000000000e+00 8.015911880509730736e+02 1.248339121737874951e-05 4.780987855166957274e+02 1.879856767500734713e+04 0.000000000000000000e+00 0.000000000000000000e+00
3.431372549019607796e-03 0.000000000000000000e+00 8.014564804082004912e+02 1.251477752266416828e-05 4.780992598458802263e+02 1.869200399841160106e+04 0.000000000000000000e+00 0.000000000000000000e+00
3.568627450980391917e-03 0.000000000000000000e+00 7.996806713234398103e+02 1.307222232831734647e-05 4.781131077121932549e+02 1.830185753188651506e+04 0.000000000000000000e+00 0.000000000000000000e+00
3.705882352941176471e-03 0.000000000000000000e+00 7.892058728036969342e+02 1.764219723462425414e-05 4.783259837166406783e+02 1.742710345823147873e+04 0.000000000000000000e+00 0.000000000000000000e+00
3.843137254901960592e-03 0.000000000000000000e+00 7.465145862571580437e+02 3.148714155540935377e-05 4.810601987997478659e+02 1.604527824746808801e+04 0.000000000000000000e+00 0.000000000000000000e+00
3.980392156862745147e-03 0.000000000000000000e+00 5.981228021194040139e+02 7.074040889020261134e-05 5.118007799612295798e+02 1.392317522589939836e+04 0.000000000000000000e+00 0.000000000000000000e+00
4.117647058823529702e-03 0.000000000000000000e+00 4.216368705613002135e+02 6.372117118225329054e-05 4.168886824605404513e+02 1.172269919989799564e+04 1.760210891804769290e+03 0.000000000000000000e+00
4.254901960784313389e-03 0.000000000000000000e+00 4.202627500814203927e+02 6.118154257804591040e-05 4.167684156271874940e+02 1.142701649585557425e+04 1.761769508132653300e+03 0.000000000000000000e+00
4.392156862745097944e-03 0.000000000000000000e+00 4.123901110251068758e+02 5.677806356623897382e-05 4.154705154425749356e+02 1.101013903622803082e+04 1.773864925845420885e+03 0.000000000000000000e+00
4.529411764705882498e-03 0.000000000000000000e+00 3.785370260644692735e+02 4.807264649475030156e-05 4.029378729495198286e+02 1.011632023768821819e+04 0.000000000000000000e+00 9.945320741932562669e+03
4.666666666666666186e-03 0.000000000000000000e+00 3.801081020948461173e+02 4.195899555337799053e-05 4.028564407805583869e+02 1.076101202519112849e+04 0.000000000000000000e+00 9.938001605502473467e+03
4.803921568627450740e-03 0.000000000000000000e+00 3.921467074534936614e+02 3.036496304107259061e-05 4.019316438840929209e+02 1.198272923445983179e+04 0.000000000000000000e+00 9.908274505110834070e+03
4.941176470588235295e-03 0.000000000000000000e+00 4.800900331124131526e+02 1.575974175722730873e-05 3.905913356493452397e+02 1.407190348757346146e+04 0.000000000000000000e+00 9.809711285501951352e+03
5.078431372549019850e-03 0.000000000000000000e+00 7.993710831264518220e+02 1.319956924727189222e-05 4.781164317377813404e+02 1.825144567919336259e+04 0.000000000000000000e+00 0.000000000000000000e+00
5.215686274509803537e-03 0.000000000000000000e+00 7.876358102381391291e+02 1.821385875523440345e-05 4.783721389203614649e+02 1.728624857311507367e+04 0.000000000000000000e+00 0.000000000000000000e+00
5.352941176470588092e-03 0.000000000000000000e+00 7.404202972907243065e+02 3.264043397997780106e-05 4.816525034227076389e+02 1.573802750588181334e+04 0.000000000000000000e+00 0.000000000000000000e+00
5.490196078431372646e-03 0.000000000000000000e+00 5.852408868928755510e+02 6.979790113399038083e-05 5.145332437131397683e+02 1.358909080711788920e+04 0.000000000000000000e+00 0.000000000000000000e+00
5.627450980392156334e-03 0.000000000000000000e+00 4.150728167067599088e+02 5.262830715480488466e-05 4.157579736171809373e+02 1.176456683761837667e+04 1.770028789034667170e+03 0.000000000000000000e+00
5.764705882352940888e-03 0.000000000000000000e+00 3.861676244924042294e+02 3.397808370274993031e-05 4.024337217098589576e+02 1.156724090666663142e+04 0.000000000000000000e+00 9.920694891816465315e+03
5.901960784313725443e-03 0.000000000000000000e+00 4.350230633445787021e+02 2.029194849685626837e-05 3.970462651325759680e+02 1.340011758361119064e+04 0.000000000000000000e+00 9.851505012379366235e+03
6.039215686274509998e-03 0.000000000000000000e+00 8.015911880509730736e+02 1.248296649727186166e-05 4.780987855166957274e+02 1.880316701966536129e+04 0.000000000000000000e+00 0.000000000000000000e+00
6.176470588235293685e-03 0.000000000000000000e+00 8.015911880509730736e+02 1.248296649727186166e-05 4.780987855166957274e+02 1.880316701966536129e+04 0.000000000000000000e+00 0.000000000000000000e+00
6.313725490196078240e-03 0.000000000000000000e+00 8.015911880509730736e+02 1.248296649727186166e-05 4.780987855166957274e+02 1.880316701966536129e+04 0.000000000000000000e+00 0.000000000000000000e+00
6.450980392156862794e-03 0.000000000000000000e+00 8.015911880509730736e+02 1.248296649727186166e-05 4.780987855166957274e+02 1.880316701966536129e+04 0.000000000000000000e+00 0.000000000000000000e+00
6.588235294117646482e-03 0.000000000000000000e+00 8.015911880509730736e+02 1.248296649727186505e-05 4.780987855166957274e+02 1.880316701966536129e+04 0.000000000000000000e+00 0.000000000000000000e+00
6.725490196078431036e-03 0.000000000000000000e+00 8.015911880509730736e+02 1.248296649727186843e-05 4.780987855166957274e+02 1.880316701966536129e+04 0.000000000000000000e+00 0.000000000000000000e+00
6.862745098039215591e-03 0.000000000000000000e+00 0.000000000000000000e+00 0.000000000000000000e+00 0.000000000000000000e+00 0.000000000000000000e+00 0.000000000000000000e+00 0.000000000000000000e+00
