0.000000000000000000e+00 1.000000000000000000e+00 6.000000000000000000e+00 7.000000000000000000e+00 8.000000000000000000e+00 1.400000000000000000e+01 2.600000000000000000e+01 2.900000000000000000e+01
0.000000000000000000e+00 0.000000000000000000e+00 8.016043284949679446e+02 1.248296649727187013e-05 4.780911210887037441e+02 1.880316701966536493e+04 0.000000000000000000e+00 0.000000000000000000e+00
6.930693069306931428e-05 0.000000000000000000e+00 8.016043284949679446e+02 1.248296649727188368e-05 4.780911210887037441e+02 1.880316701966536493e+04 0.000000000000000000e+00 0.000000000000000000e+00
1.386138613861386286e-04 0.000000000000000000e+00 8.016043284949679446e+02 1.248296649727188029e-05 4.780911210887037441e+02 1.880316701966536493e+04 0.000000000000000000e+00 0.000000000000000000e+00
2.079207920792079428e-04 0.000000000000000000e+00 8.016043284949679446e+02 1.248296649727188199e-05 4.780911210887037441e+02 1.880316701966536493e+04 0.000000000000000000e+00 0.000000000000000000e+00
2.772277227722772571e-04 0.000000000000000000e+00 8.016043284949679446e+02 1.248296649727187690e-05 4.780911210887037441e+02 1.880316701966536493e+04 0.000000000000000000e+00 0.000000000000000000e+00
3.465346534653465714e-04 0.000000000000000000e+00 8.016043284949679446e+02 1.248296649727187521e-05 4.780911210887037441e+02 1.880316701966536493e+04 0.000000000000000000e+00 0.000000000000000000e+00
4.158415841584158857e-04 0.000000000000000000e+00 8.016043284949679446e+02 1.248296649727187182e-05 4.780911210887037441e+02 1.880316701966536493e+04 0.000000000000000000e+00 0.000000000000000000e+00
4.851485148514851999e-04 0.000000000000000000e+00 8.016043284949679446e+02 1.248296649727187013e-05 4.780911210887037441e+02 1.880316701966536493e+04 0.000000000000000000e+00 0.000000000000000000e+00
5.544554455445545142e-04 0.000000000000000000e+00 8.016043284949679446e+02 1.248296649727187013e-05 4.780911210887037441e+02 1.880316701966536493e+04 0.000000000000000000e+00 0.000000000000000000e+00
6.237623762376238827e-04 0.000000000000000000e+00 8.016043284949679446e+02 1.248296649727187013e-05 4.780911210887037441e+02 1.880316701966536493e+04 0.000000000000000000e+00 0.000000000000000000e+00
6.930693069306931428e-04 0.000000000000000000e+00 8.016043284949679446e+02 1.248296649727187013e-05 4.780911210887037441e+02 1.880316701966536493e+04 0.000000000000000000e+00 0.000000000000000000e+00
7.623762376237624028e-04 0.000000000000000000e+00 8.016043284949679446e+02 1.248296649727187013e-05 4.780911210887037441e+02 1.880316701966536493e+04 0.000000000000000000e+00 0.000000000000000000e+00
8.316831683168317713e-04 0.000000000000000000e+00 8.016043284949679446e+02 1.248296649727187013e-05 4.780911210887037441e+02 1.880316701966536493e+04 0.000000000000000000e+00 0.000000000000000000e+00
9.009900990099011398e-04 0.000000000000000000e+00 8.016043284949679446e+02 1.248296649727187013e-05 4.780911210887037441e+02 1.880316701966536493e+04 0.000000000000000000e+00 0.000000000000000000e+00
9.702970297029703999e-04 0.000000000000000000e+00 8.016043284949679446e+02 1.248296649727187013e-05 4.780911210887037441e+02 1.880316701966536493e+04 0.000000000000000000e+00 0.000000000000000000e+00
1.039603960396039660e-03 0.000000000000000000e+00 5.225916179546838976e+02 1.715332512525332228e-05 4.005359197124819843e+02 1.540443338204179236e+04 1.694184413487867232e+03 0.000000000000000000e+00
1.108910891089109028e-03 0.000000000000000000e+00 4.822500827372116987e+02 2.857126453862413479e-05 4.076443208813153660e+02 1.433270990495921615e+04 1.719763989070254866e+03 0.000000000000000000e+00
1.178217821782178397e-03 0.000000000000000000e+00 4.472911782416588835e+02 3.873059310348701503e-05 4.137155398910646227e+02 1.358187715795591066e+04 1.742748029177234685e+03 0.000000000000000000e+00
1.247524752475247765e-03 0.000000000000000000e+00 4.318863110575963447e+02 4.784777849314288616e-05 4.159479048204418632e+02 1.301871120087808231e+04 1.753199322076068256e+03 0.000000000000000000e+00
1.316831683168316917e-03 0.000000000000000000e+00 4.257200341517136621e+02 5.576729577206226117e-05 4.165915994830673412e+02 1.259432313265845187e+04 1.757340422508638085e+03 0.000000000000000000e+00
1.386138613861386286e-03 0.000000000000000000e+00 4.231965240220367832e+02 6.156324253645590499e-05 4.168095566523701905e+02 1.228963340724027694e+04 1.759086515620493856e+03 0.000000000000000000e+00
1.455445544554455654e-03 0.000000000000000000e+00 4.222874409316085575e+02 6.373498999158992316e-05 4.168702516395736666e+02 1.210086513594446660e+04 1.759714683677131234e+03 0.000000000000000000e+00
1.524752475247524806e-03 0.000000000000000000e+00 4.219669741369738176e+02 6.432957058556889208e-05 4.168888177796837340e+02 1.199585528978212460e+04 1.759942902060372944e+03 0.000000000000000000e+00
1.594059405940594174e-03 0.000000000000000000e+00 4.218767031235433933e+02 6.447535011601898973e-05 4.168930649797081855e+02 1.194550533800794074e+04 1.760007909465256489e+03 0.000000000000000000e+00
1.663366336633663543e-03 0.000000000000000000e+00 4.218549034160276392e+02 6.450355835216998925e-05 4.168940435449719644e+02 1.192836794359483429e+04 1.760024661035743748e+03 0.000000000000000000e+00
1.732673267326732911e-03 0.000000000000000000e+00 4.218539178305287578e+02 6.450545157109417727e-05 4.168940884874759831e+02 1.192668390353299401e+04 1.760025473856025656e+03 0.000000000000000000e+00
1.801980198019802280e-03 0.000000000000000000e+00 4.218539178305287578e+02 6.450545157109417727e-05 4.168940884874759831e+02 1.192668390353299401e+04 1.760025473856025656e+03 0.000000000000000000e+00
1.871287128712871431e-03 0.000000000000000000e+00 4.218539178305287578e+02 6.450545157109417727e-05 4.168940884874759831e+02 1.192668390353299401e+04 1.760025473856025656e+03 0.000000000000000000e+00
1.940594059405940800e-03 0.000000000000000000e+00 4.218539178305287578e+02 6.450545157109417727e-05 4.168940884874759831e+02 1.192668390353299401e+04 1.760025473856025656e+03 0.000000000000000000e+00
2.009900990099009951e-03 0.000000000000000000e+00 3.988173259284480991e+02 6.001686478433482935e-05 4.069031871963263143e+02 1.114217266011057109e+04 0.000000000000000000e+00 8.052461421590707687e+03
2.079207920792079320e-03 0.000000000000000000e+00 3.925025531474632317e+02 5.600403247182732507e-05 4.055646721032060213e+02 1.074362611880565782e+04 0.000000000000000000e+00 8.551569419242836375e+03
2.148514851485148688e-03 0.000000000000000000e+00 3.849616292516845419e+02 5.346047032785728083e-05 4.039782131807246515e+02 1.047459731354216092e+04 0.000000000000000000e+00 9.156257622575129062e+03
2.217821782178218057e-03 0.000000000000000000e+00 3.809374626735830702e+02 5.163222555851521440e-05 4.032462391617261233e+02 1.027228711498863959e+04 0.000000000000000000e+00 9.551055223741255759e+03
2.287128712871287425e-03 0.000000000000000000e+00 3.793709943988582154e+02 5.031179327778024954e-05 4.030313557769158024e+02 1.011676790183633966e+04 0.000000000000000000e+00 9.755698335621198567e+03
2.356435643564356794e-03 0.000000000000000000e+00 3.787404919463834290e+02 4.942506508040105828e-05 4.029647568002226308e+02 9.999955666948639191e+03 0.000000000000000000e+00 9.862717958952000117e+03
2.425742574257426162e-03 0.000000000000000000e+00 3.785076650785068182e+02 4.901584448516145076e-05 4.029452614206132921e+02 9.921474413421852660e+03 0.000000000000000000e+00 9.913007034387024760e+03
2.495049504950495531e-03 0.000000000000000000e+00 3.784251471988699791e+02 4.890365254725175068e-05 4.029396900052661294e+02 9.875929920047514315e+03 0.000000000000000000e+00 9.935131145759214633e+03
2.564356435643564466e-03 0.000000000000000000e+00 3.783998472620320968e+02 4.887591550062079024e-05 4.029382741512374650e+02 9.852316204554526848e+03 0.000000000000000000e+00 9.943489442567355582e+03
2.633663366336633834e-03 0.000000000000000000e+00 3.783930462442472731e+02 4.887005233320746767e-05 4.029379555830138884e+02 9.842536145791098534e+03 0.000000000000000000e+00 9.946225640863902299e+03
2.702970297029703203e-03 0.000000000000000000e+00 3.783921008925815386e+02 4.886933761879429976e-05 4.029379140958725998e+02 9.840478486474286910e+03 0.000000000000000000e+00 9.946660093999335004e+03
2.772277227722772571e-03 0.000000000000000000e+00 3.783921008925815386e+02 4.886933761879429976e-05 4.029379140958725998e+02 9.840478486474286910e+03 0.000000000000000000e+00 9.946660093999335004e+03
2.841584158415841940e-03 0.000000000000000000e+00 3.783921008925815386e+02 4.886933761879429976e-05 4.029379140958725998e+02 9.840478486474286910e+03 0.000000000000000000e+00 9.946660093999335004e+03
2.910891089108911308e-03 0.000000000000000000e+00 3.783921008925815386e+02 4.886933761879429976e-05 4.029379140958725998e+02 9.840478486474286910e+03 0.000000000000000000e+00 9.946660093999335004e+03
2.980198019801980677e-03 0.000000000000000000e+00 3.783921008925815386e+02 4.886933761879429976e-05 4.029379140958725998e+02 9.840478486474286910e+03 0.000000000000000000e+00 9.946660093999335004e+03
3.049504950495049611e-03 0.000000000000000000e+00 6.195803875627096886e+02 4.321358723131993437e-05 4.930589929029872565e+02 1.341610705239082563e+04 0.000000000000000000e+00 0.000000000000000000e+00
3.118811881188118980e-03 0.000000000000000000e+00 6.840524086630985039e+02 2.962834188087318173e-05 4.855474297734984361e+02 1.484401080754515533e+04 0.000000000000000000e+00 0.000000000000000000e+00
3.188118811881188348e-03 0.000000000000000000e+00 7.405626331719839754e+02 2.187576398072131636e-05 4.803286370164543655e+02 1.595599840944348944e+04 0.000000000000000000e+00 0.000000000000000000e+00
3.257425742574257717e-03 0.000000000000000000e+00 7.716207510741639908e+02 1.717669136229839024e-05 4.786965684647149146e+02 1.685777567605269724e+04 0.000000000000000000e+00 0.000000000000000000e+00
3.326732673267327085e-03 0.000000000000000000e+00 7.876639839499492837e+02 1.438292468535539432e-05 4.782667772184521482e+02 1.758328782081449026e+04 0.000000000000000000e+00 0.000000000000000000e+00
3.396039603960396454e-03 0.000000000000000000e+00 7.958257055761994252e+02 1.298704051478460463e-05 4.781357534284111921e+02 1.812834148308608928e+04 0.000000000000000000e+00 0.000000000000000000e+00
3.465346534653465822e-03 0.000000000000000000e+00 7.994323095762450748e+02 1.259333888744322303e-05 4.781025439337469152e+02 1.847536238062935809e+04 0.000000000000000000e+00 0.000000000000000000e+00
3.534653465346535191e-03 0.000000000000000000e+00 8.009499736716916232e+02 1.250398458369260670e-05 4.780933781744020621e+02 1.867360598257721358e+04 0.000000000000000000e+00 0.000000000000000000e+00
3.603960396039604559e-03 0.000000000000000000e+00 8.014619602355351162e+02 1.248580505606088947e-05 4.780915041260728913e+02 1.876979767146032464e+04 0.000000000000000000e+00 0.000000000000000000e+00
3.673267326732673494e-03 0.000000000000000000e+00 8.016006155962817274e+02 1.248306680823145837e-05 4.780911291784368018e+02 1.880116216240837093e+04 0.000000000000000000e+00 0.000000000000000000e+00
3.742574257425742863e-03 0.000000000000000000e+00 8.016043284949679446e+02 1.248296649727187013e-05 4.780911210887037441e+02 1.880316701966536493e+04 0.000000000000000000e+00 0.000000000000000000e+00
3.811881188118812231e-03 0.000000000000000000e+00 8.016043284949679446e+02 1.248296649727187013e-05 4.780911210887037441e+02 1.880316701966536493e+04 0.000000000000000000e+00 0.000000000000000000e+00
3.881188118811881600e-03 0.000000000000000000e+00 8.016043284949679446e+02 1.248296649727187013e-05 4.780911210887037441e+02 1.880316701966536493e+04 0.000000000000000000e+00 0.000000000000000000e+00
3.950495049504950534e-03 0.000000000000000000e+00 8.016043284949679446e+02 1.248296649727187013e-05 4.780911210887037441e+02 1.880316701966536493e+04 0.000000000000000000e+00 0.000000000000000000e+00
4.019801980198019903e-03 0.000000000000000000e+00 5.322645610499804434e+02 1.295692556623965122e-05 3.988764971550405676e+02 1.582855186024570867e+04 1.688008626016638573e+03 0.000000000000000000e+00
4.089108910891089271e-03 0.000000000000000000e+00 4.952264171074941714e+02 2.548616603555281580e-05 4.053475398015715996e+02 1.459644604228213939e+04 1.711539289495180356e+03 0.000000000000000000e+00
4.158415841584158640e-03 0.000000000000000000e+00 4.547856524018715731e+02 3.594514374158894638e-05 4.124768785816959848e+02 1.377456450369989943e+04 1.737717354563963454e+03 0.000000000000000000e+00
4.227722772277228008e-03 0.000000000000000000e+00 4.349517211749371768e+02 4.534246155650936905e-05 4.155602416113466120e+02 1.316437959602970113e+04 1.751131129161072522e+03 0.000000000000000000e+00
4.297029702970297377e-03 0.000000000000000000e+00 4.269822882325883029e+02 5.366548778025072926e-05 4.164705519587868139e+02 1.270312271702779799e+04 1.756480391888316490e+03 0.000000000000000000e+00
4.366336633663366745e-03 0.000000000000000000e+00 4.236848527799006661e+02 6.026478531802216402e-05 4.167715110291503606e+02 1.236455528621194935e+04 1.758747386154978585e+03 0.000000000000000000e+00
4.435643564356436114e-03 0.000000000000000000e+00 4.224634481064782108e+02 6.336402500929000684e-05 4.168592813070434318e+02 1.214465553405977516e+04 1.759591567636503896e+03 0.000000000000000000e+00
4.504950495049505482e-03 0.000000000000000000e+00 3.990443801851133117e+02 6.006610043466153402e-05 4.069134316779831693e+02 1.125504326093862437e+04 0.000000000000000000e+00 8.051383779043779214e+03
4.574257425742574851e-03 0.000000000000000000e+00 3.930617510723630517e+02 5.618317597543376303e-05 4.056752812194275748e+02 1.079297489720965859e+04 0.000000000000000000e+00 8.511576911414907954e+03
4.643564356435644219e-03 0.000000000000000000e+00 3.854095321676882122e+02 5.361212680769136937e-05 4.040675426516954758e+02 1.049503844174411643e+04 0.000000000000000000e+00 9.117792380622795463e+03
4.712871287128713588e-03 0.000000000000000000e+00 3.811208106226821997e+02 5.174363797028350349e-05 4.032754024592150017e+02 1.028496173490381261e+04 0.000000000000000000e+00 9.530271480388480995e+03
4.782178217821782956e-03 0.000000000000000000e+00 3.794406630479071509e+02 5.039127904173363421e-05 4.030393566183909115e+02 1.012653659036359568e+04 0.000000000000000000e+00 9.745072205590480735e+03
4.851485148514852325e-03 0.000000000000000000e+00 3.787686496251323547e+02 4.947362611180775060e-05 4.029674084423783711e+02 1.000705899757270527e+04 0.000000000000000000e+00 9.857293126001852215e+03
4.920792079207921693e-03 0.000000000000000000e+00 3.785173683710976889e+02 4.903141720416449091e-05 4.029459629899030801e+02 9.925895308768629548e+03 0.000000000000000000e+00 9.910623407793722436e+03
4.990099009900991062e-03 0.000000000000000000e+00 3.784284755424317268e+02 4.890769356389246589e-05 4.029398942118180571e+02 9.878362402734945135e+03 0.000000000000000000e+00 9.934137531549493360e+03
5.059405940594059563e-03 0.000000000000000000e+00 6.274813046720380498e+02 4.073342292631102867e-05 4.921621092584267103e+02 1.366999870231106252e+04 0.000000000000000000e+00 0.000000000000000000e+00
5.128712871287128931e-03 0.000000000000000000e+00 6.937610497759827695e+02 2.826759763207035633e-05 4.844912872758237654e+02 1.502225244152554296e+04 0.000000000000000000e+00 0.000000000000000000e+00
5.198019801980198300e-03 0.000000000000000000e+00 7.463274495198113527e+02 2.105594547792917818e-05 4.799497452890870477e+02 1.609658091315197271e+04 0.000000000000000000e+00 0.000000000000000000e+00
5.267326732673267668e-03 0.000000000000000000e+00 7.745464105211864307e+02 1.667712042356601286e-05 4.786001789802371604e+02 1.697192229846115879e+04 0.000000000000000000e+00 0.000000000000000000e+00
5.336633663366337037e-03 0.000000000000000000e+00 7.892311692867117472e+02 1.410112234777261204e-05 4.782363355008656640e+02 1.767285198270456749e+04 0.000000000000000000e+00 0.000000000000000000e+00
5.405940594059406405e-03 0.000000000000000000e+00 7.965352889733670736e+02 1.289222537357252272e-05 4.781280330900869444e+02 1.818887767494370200e+04 0.000000000000000000e+00 0.000000000000000000e+00
5.475247524752475774e-03 0.000000000000000000e+00 7.997483056754366544e+02 1.257115560379148962e-05 4.781003217386348183e+02 1.851159776900579163e+04 0.000000000000000000e+00 0.000000000000000000e+00
5.544554455445545142e-03 0.000000000000000000e+00 5.197967109028595587e+02 1.813547076214249283e-05 4.009728366274416658e+02 1.521313641646231736e+04 1.695816230107679530e+03 0.000000000000000000e+00
5.613861386138614511e-03 0.000000000000000000e+00 4.790073702182044713e+02 2.937002776421178909e-05 4.082071706643249627e+02 1.424931092853309565e+04 1.721803657924132494e+03 0.000000000000000000e+00
5.683168316831683879e-03 0.000000000000000000e+00 4.456822546228651731e+02 3.942447887078919400e-05 4.139721480606763180e+02 1.353530975902058890e+04 1.743834887455398530e+03 0.000000000000000000e+00
5.752475247524753248e-03 0.000000000000000000e+00 4.074700884332342525e+02 4.538542471033253590e-05 4.060981334033483563e+02 1.216849235249233425e+04 0.000000000000000000e+00 8.207265902654142337e+03
5.821782178217822616e-03 0.000000000000000000e+00 3.965542188478502226e+02 4.888476616506451925e-05 4.054696943597580230e+02 1.136951176060871330e+04 0.000000000000000000e+00 8.554610246433006978e+03
5.891089108910891985e-03 0.000000000000000000e+00 3.867339570239150248e+02 5.133520459149069003e-05 4.040434879829954298e+02 1.081313480159875326e+04 0.000000000000000000e+00 9.122523835937065087e+03
5.960396039603961353e-03 0.000000000000000000e+00 3.815479482213659708e+02 5.120710869149630709e-05 4.032716273826027873e+02 1.043809385546132580e+04 0.000000000000000000e+00 9.528969658934993276e+03
6.029702970297030722e-03 0.000000000000000000e+00 6.058144991864904796e+02 5.095382981869188817e-05 4.949153011936450071e+02 1.331178654210934656e+04 0.000000000000000000e+00 0.000000000000000000e+00
6.099009900990099223e-03 0.000000000000000000e+00 6.648370852046364234e+02 3.325634576473334754e-05 4.878793447892102222e+02 1.471878009883653249e+04 0.000000000000000000e+00 0.000000000000000000e+00
6.168316831683168591e-03 0.000000000000000000e+00 7.277268942030502785e+02 2.383013838185914733e-05 4.813182228777110367e+02 1.578587807950683418e+04 0.000000000000000000e+00 0.000000000000000000e+00
6.237623762376237960e-03 0.000000000000000000e+00 7.649183109954981319e+02 1.831355247959475982e-05 4.789642192770842826e+02 1.667642278860275110e+04 0.000000000000000000e+00 0.000000000000000000e+00
6.306930693069307328e-03 0.000000000000000000e+00 7.840674205543157314e+02 1.502872845410472110e-05 4.783458815742609431e+02 1.741450021648388065e+04 0.000000000000000000e+00 0.000000000000000000e+00
6.376237623762376697e-03 0.000000000000000000e+00 7.941278756645540398e+02 1.324739843597046760e-05 4.781571407799829103e+02 1.799812546220813238e+04 0.000000000000000000e+00 0.000000000000000000e+00
6.445544554455446065e-03 0.000000000000000000e+00 7.986682354757084568e+02 1.265528903560733101e-05 4.781084272648762976e+02 1.839404124323997166e+04 0.000000000000000000e+00 0.000000000000000000e+00
6.514851485148515434e-03 0.000000000000000000e+00 8.006626015019611486e+02 1.251740230516507994e-05 4.780947603029460993e+02 1.862923041387235571e+04 0.000000000000000000e+00 0.000000000000000000e+00
6.584158415841584802e-03 0.000000000000000000e+00 8.013648978619155514e+02 1.248830321944574713e-05 4.780918076989875090e+02 1.875046713531734713e+04 0.000000000000000000e+00 0.000000000000000000e+00
6.653465346534654171e-03 0.000000000000000000e+00 8.015853114251885927e+02 1.248333093182876166e-05 4.780911649374573358e+02 1.879681632806502603e+04 0.000000000000000000e+00 0.000000000000000000e+00
6.722772277227723539e-03 0.000000000000000000e+00 8.016043284949679446e+02 1.248296649727187013e-05 4.780911210887037441e+02 1.880316701966536493e+04 0.000000000000000000e+00 0.000000000000000000e+00
6.792079207920792908e-03 0.000000000000000000e+00 8.016043284949679446e+02 1.248296649727187013e-05 4.780911210887037441e+02 1.880316701966536493e+04 0.000000000000000000e+00 0.000000000000000000e+00
6.861386138613862276e-03 0.000000000000000000e+00 8.016043284949679446e+02 1.248296649727187013e-05 4.780911210887037441e+02 1.880316701966536493e+04 0.000000000000000000e+00 0.000000000000000000e+00
6.930693069306931645e-03 0.000000000000000000e+00 0.000000000000000000e+00 0.000000000000000000e+00 0.000000000000000000e+00 0.000000000000000000e+00 0.000000000000000000e+00 0.000000000000000000e+00
