0.000000000000000000e+00 1.000000000000000000e+00 6.000000000000000000e+00 7.000000000000000000e+00 8.000000000000000000e+00 1.400000000000000000e+01 2.600000000000000000e+01 2.900000000000000000e+01
0.000000000000000000e+00 0.000000000000000000e+00 8.016043284949679446e+02 1.248296649727187013e-05 4.780911210887037441e+02 1.880316701966536493e+04 0.000000000000000000e+00 0.000000000000000000e+00
1.372549019607843107e-04 0.000000000000000000e+00 8.016043284949679446e+02 1.248296649727187013e-05 4.780911210887037441e+02 1.880316701966536493e+04 0.000000000000000000e+00 0.000000000000000000e+00
2.745098039215686215e-04 0.000000000000000000e+00 8.016043284949679446e+02 1.248296649727187013e-05 4.780911210887037441e+02 1.880316701966536493e+04 0.000000000000000000e+00 0.000000000000000000e+00
4.117647058823529051e-04 0.000000000000000000e+00 8.014335135119257529e+02 1.248837147449059239e-05 4.780918911988174500e+02 1.876897409413808782e+04 0.000000000000000000e+00 0.000000000000000000e+00
5.490196078431372429e-04 0.000000000000000000e+00 7.994285938166237884e+02 1.266019406695422560e-05 4.781106619576136154e+02 1.852717546715028220e+04 0.000000000000000000e+00 0.000000000000000000e+00
6.862745098039215808e-04 0.000000000000000000e+00 7.883478273708423103e+02 1.518994468668863496e-05 4.783756423015786936e+02 1.783334552698351035e+04 0.000000000000000000e+00 0.000000000000000000e+00
8.235294117647058102e-04 0.000000000000000000e+00 7.448628744447679537e+02 2.513573786432905693e-05 4.816210623395317612e+02 1.659619514026798061e+04 0.000000000000000000e+00 0.000000000000000000e+00
9.607843137254901481e-04 0.000000000000000000e+00 6.418678649799977620e+02 5.530944109260280009e-05 4.984086939762183306e+02 1.459643567589589293e+04 0.000000000000000000e+00 0.000000000000000000e+00
1.098039215686274486e-03 0.000000000000000000e+00 4.218539178305287578e+02 6.450545157109417727e-05 4.168940884874759831e+02 1.192668390353299401e+04 1.760025473856025656e+03 0.000000000000000000e+00
1.235294117647058824e-03 0.000000000000000000e+00 4.218539178305287578e+02 6.450545157109417727e-05 4.168940884874759831e+02 1.192668390353299401e+04 1.760025473856025656e+03 0.000000000000000000e+00
1.372549019607843162e-03 0.000000000000000000e+00 4.218518466988475097e+02 6.450418944525427461e-05 4.168940211168615519e+02 1.192357350789520206e+04 1.760026759071461129e+03 0.000000000000000000e+00
1.509803921568627499e-03 0.000000000000000000e+00 4.217975863234532312e+02 6.445492213482302568e-05 4.168916951391611292e+02 1.188139082738229808e+04 1.760068351776107647e+03 0.000000000000000000e+00
1.647058823529411620e-03 0.000000000000000000e+00 4.213390738785018925e+02 6.375704818937401991e-05 4.168607949096719949e+02 1.173456037599540105e+04 1.760520072192663747e+03 0.000000000000000000e+00
1.784313725490195958e-03 0.000000000000000000e+00 4.186032738902015922e+02 6.112186106746026707e-05 4.165410247544587037e+02 1.143010998534173814e+04 1.764078610525524255e+03 0.000000000000000000e+00
1.921568627450980296e-03 0.000000000000000000e+00 4.063112291358800121e+02 5.643235646809177723e-05 4.141245158151006649e+02 1.093208855900646267e+04 1.785148946372109322e+03 0.000000000000000000e+00
2.058823529411764851e-03 0.000000000000000000e+00 3.783921008925815386e+02 4.886933761879429976e-05 4.029379140958725998e+02 9.840478486474286910e+03 0.000000000000000000e+00 9.946660093999335004e+03
2.196078431372548972e-03 0.000000000000000000e+00 3.783921008925815386e+02 4.886933761879429976e-05 4.029379140958725998e+02 9.840478486474286910e+03 0.000000000000000000e+00 9.946660093999335004e+03
2.333333333333333093e-03 0.000000000000000000e+00 3.783926650507979730e+02 4.886838125912044582e-05 4.029378920775637312e+02 9.842058187196393192e+03 0.000000000000000000e+00 9.946653624247894186e+03
2.470588235294117647e-03 0.000000000000000000e+00 3.784725310031246295e+02 4.876678575754619423e-05 4.029348609982675953e+02 9.915366753146798146e+03 0.000000000000000000e+00 9.945990079143914045e+03
2.607843137254901768e-03 0.000000000000000000e+00 3.794369811674477546e+02 4.710685985186578766e-05 4.028871706888527342e+02 1.024555000388127519e+04 0.000000000000000000e+00 9.941118448436094695e+03
2.745098039215686323e-03 0.000000000000000000e+00 3.869807816886641376e+02 3.802272596230032753e-05 4.023511973278478422e+02 1.109272485865973067e+04 0.000000000000000000e+00 9.919957130872422567e+03
2.882352941176470444e-03 0.000000000000000000e+00 4.367665410563124055e+02 2.450513021698371414e-05 3.968084908702047642e+02 1.265611277545379744e+04 0.000000000000000000e+00 9.852994004792179112e+03
3.019607843137254999e-03 0.000000000000000000e+00 8.016043284949679446e+02 1.248296649727187013e-05 4.780911210887037441e+02 1.880316701966536493e+04 0.000000000000000000e+00 0.000000000000000000e+00
3.156862745098039120e-03 0.000000000000000000e+00 8.016043284949679446e+02 1.248296649727187013e-05 4.780911210887037441e+02 1.880316701966536493e+04 0.000000000000000000e+00 0.000000000000000000e+00
3.294117647058823241e-03 0.000000000000000000e+00 8.016043284949679446e+02 1.248296649727187013e-05 4.780911210887037441e+02 1.880316701966536493e+04 0.000000000000000000e+00 0.000000000000000000e+00
3.431372549019607796e-03 0.000000000000000000e+00 8.013360492554480743e+02 1.249266279607636932e-05 4.780924085540996771e+02 1.875187133896241721e+04 0.000000000000000000e+00 0.000000000000000000e+00
3.568627450980391917e-03 0.000000000000000000e+00 7.987063113993172010e+02 1.275557885483243693e-05 4.781200860197362204e+02 1.846239092815802724e+04 0.000000000000000000e+00 0.000000000000000000e+00
3.705882352941176471e-03 0.000000000000000000e+00 7.850048328170154264e+02 1.603623341090950052e-05 4.784976814207456073e+02 1.768912915941483516e+04 0.000000000000000000e+00 0.000000000000000000e+00
3.843137254901960592e-03 0.000000000000000000e+00 7.328647044317577866e+02 2.760892367443653554e-05 4.831161751004885332e+02 1.636898885560243070e+04 0.000000000000000000e+00 0.000000000000000000e+00
3.980392156862745147e-03 0.000000000000000000e+00 6.286437499915442686e+02 6.476551686799993221e-05 5.005300259241757885e+02 1.414084597593892795e+04 0.000000000000000000e+00 0.000000000000000000e+00
4.117647058823529702e-03 0.000000000000000000e+00 4.215237773474727874e+02 6.406694273237647673e-05 4.168749614461531792e+02 1.177941589501233102e+04 1.760326270606428807e+03 0.000000000000000000e+00
4.254901960784313389e-03 0.000000000000000000e+00 4.196367112766324681e+02 6.183789226621358968e-05 4.166836756601686602e+02 1.150887980888511265e+04 1.762628455493402271e+03 0.000000000000000000e+00
4.392156862745097944e-03 0.000000000000000000e+00 4.097975762368017740e+02 5.765154855885156919e-05 4.148677883998516904e+02 1.107886973655129805e+04 1.778746716218581923e+03 0.000000000000000000e+00
4.529411764705882498e-03 0.000000000000000000e+00 3.786608933508530299e+02 4.849679488658369028e-05 4.029263736383549031e+02 1.001083660605539080e+04 0.000000000000000000e+00 9.944816409549126547e+03
4.666666666666666186e-03 0.000000000000000000e+00 3.810984654417638922e+02 4.405469738063554113e-05 4.027832041131389929e+02 1.053704036193437059e+04 0.000000000000000000e+00 9.935155677045371704e+03
4.803921568627450740e-03 0.000000000000000000e+00 3.983563796092407756e+02 3.263570643814668387e-05 4.012526724508948632e+02 1.165228053187504338e+04 0.000000000000000000e+00 9.899481500688267261e+03
4.941176470588235295e-03 0.000000000000000000e+00 4.779291486206830655e+02 1.743136717231405738e-05 3.919543949047539400e+02 1.365978352216921303e+04 0.000000000000000000e+00 9.809518064109384795e+03
5.078431372549019850e-03 0.000000000000000000e+00 7.982820452484347697e+02 1.282250170354019652e-05 4.781260521705964948e+02 1.842515518837408672e+04 0.000000000000000000e+00 0.000000000000000000e+00
5.215686274509803537e-03 0.000000000000000000e+00 7.830290176653583103e+02 1.650966027891413891e-05 4.785735896472848481e+02 1.758056761472104336e+04 0.000000000000000000e+00 0.000000000000000000e+00
5.352941176470588092e-03 0.000000000000000000e+00 7.255652005506760815e+02 2.876938732731691958e-05 4.840484430437065839e+02 1.609692267982758312e+04 0.000000000000000000e+00 0.000000000000000000e+00
5.490196078431372646e-03 0.000000000000000000e+00 6.204532738907762450e+02 6.777877412379853866e-05 5.014683226860447007e+02 1.366562347805722129e+04 0.000000000000000000e+00 0.000000000000000000e+00
5.627450980392156334e-03 0.000000000000000000e+00 4.131193215281030007e+02 5.535167625622657375e-05 4.151507613808235533e+02 1.166021105325480312e+04 1.774002887784666882e+03 0.000000000000000000e+00
5.764705882352940888e-03 0.000000000000000000e+00 3.897521606123789866e+02 3.629378378024944245e-05 4.021113357437778859e+02 1.126468801750517741e+04 0.000000000000000000e+00 9.914273593762864039e+03
5.901960784313725443e-03 0.000000000000000000e+00 4.512131958581837239e+02 2.222930358686249724e-05 3.951054533609195119e+02 1.297295267664599669e+04 0.000000000000000000e+00 9.838654318752203835e+03
6.039215686274509998e-03 0.000000000000000000e+00 8.016043284949679446e+02 1.248296649727187013e-05 4.780911210887037441e+02 1.880316701966536493e+04 0.000000000000000000e+00 0.000000000000000000e+00
6.176470588235293685e-03 0.000000000000000000e+00 8.016043284949679446e+02 1.248296649727187013e-05 4.780911210887037441e+02 1.880316701966536493e+04 0.000000000000000000e+00 0.000000000000000000e+00
6.313725490196078240e-03 0.000000000000000000e+00 8.016043284949679446e+02 1.248296649727187013e-05 4.780911210887037441e+02 1.880316701966536493e+04 0.000000000000000000e+00 0.000000000000000000e+00
6.450980392156862794e-03 0.000000000000000000e+00 8.016043284949679446e+02 1.248296649727187013e-05 4.780911210887037441e+02 1.880316701966536493e+04 0.000000000000000000e+00 0.000000000000000000e+00
6.588235294117646482e-03 0.000000000000000000e+00 8.016043284949679446e+02 1.248296649727187352e-05 4.780911210887037441e+02 1.880316701966536493e+04 0.000000000000000000e+00 0.000000000000000000e+00
6.725490196078431036e-03 0.000000000000000000e+00 8.016043284949679446e+02 1.248296649727187860e-05 4.780911210887037441e+02 1.880316701966536493e+04 0.000000000000000000e+00 0.000000000000000000e+00
6.862745098039215591e-03 0.000000000000000000e+00 0.000000000000000000e+00 0.000000000000000000e+00 0.000000000000000000e+00 0.000000000000000000e+00 0.000000000000000000e+00 0.000000000000000000e+00
