0.000000000000000000e+00 1.000000000000000000e+00 6.000000000000000000e+00 7.000000000000000000e+00 8.000000000000000000e+00 1.400000000000000000e+01 2.600000000000000000e+01 2.900000000000000000e+01
0.000000000000000000e+00 0.000000000000000000e+00 8.016043284949679446e+02 1.248296649727187013e-05 4.780911210887037441e+02 1.880316701966536493e+04 0.000000000000000000e+00 0.000000000000000000e+00
6.930693069306931428e-05 0.000000000000000000e+00 8.016043284949679446e+02 1.248296649727187013e-05 4.780911210887037441e+02 1.880316701966536493e+04 0.000000000000000000e+00 0.000000000000000000e+00
1.386138613861386286e-04 0.000000000000000000e+00 8.016043284949679446e+02 1.248296649727187013e-05 4.780911210887037441e+02 1.880316701966536493e+04 0.000000000000000000e+00 0.000000000000000000e+00
2.079207920792079428e-04 0.000000000000000000e+00 8.016043284949679446e+02 1.248296649727187013e-05 4.780911210887037441e+02 1.880316701966536493e+04 0.000000000000000000e+00 0.000000000000000000e+00
2.772277227722772571e-04 0.000000000000000000e+00 8.016043284949679446e+02 1.248296649727187013e-05 4.780911210887037441e+02 1.880316701966536493e+04 0.000000000000000000e+00 0.000000000000000000e+00
3.465346534653465714e-04 0.000000000000000000e+00 8.015895518809934401e+02 1.248338243353339941e-05 4.780911758749475666e+02 1.879867821931276922e+04 0.000000000000000000e+00 0.000000000000000000e+00
4.158415841584158857e-04 0.000000000000000000e+00 8.014154798847089296e+02 1.248909656495674512e-05 4.780919838453512511e+02 1.876575945860783031e+04 0.000000000000000000e+00 0.000000000000000000e+00
4.851485148514851999e-04 0.000000000000000000e+00 8.008525567333326762e+02 1.252272505278074183e-05 4.780957126103963333e+02 1.867918167611525860e+04 0.000000000000000000e+00 0.000000000000000000e+00
5.544554455445545142e-04 0.000000000000000000e+00 7.992418290381777979e+02 1.268274440655137786e-05 4.781130030973383214e+02 1.851026612507263053e+04 0.000000000000000000e+00 0.000000000000000000e+00
6.237623762376238827e-04 0.000000000000000000e+00 7.955338661154376041e+02 1.337210926064449929e-05 4.781747402314929332e+02 1.822132593089810689e+04 0.000000000000000000e+00 0.000000000000000000e+00
6.930693069306931428e-04 0.000000000000000000e+00 7.872523840680267995e+02 1.546662535645391430e-05 4.784138944502162190e+02 1.778470054345061362e+04 0.000000000000000000e+00 0.000000000000000000e+00
7.623762376237624028e-04 0.000000000000000000e+00 7.713009057415107463e+02 1.940427320501656201e-05 4.791985739817603189e+02 1.721531906244556012e+04 0.000000000000000000e+00 0.000000000000000000e+00
8.316831683168317713e-04 0.000000000000000000e+00 7.401125322701792584e+02 2.612211654004778581e-05 4.821845613869901968e+02 1.650365152177799246e+04 0.000000000000000000e+00 0.000000000000000000e+00
9.009900990099011398e-04 0.000000000000000000e+00 6.866585070400897166e+02 3.763166927236714004e-05 4.905375695655106369e+02 1.560906697096387688e+04 0.000000000000000000e+00 0.000000000000000000e+00
9.702970297029703999e-04 0.000000000000000000e+00 6.354333994764780300e+02 5.958362435419045443e-05 4.994419184311375943e+02 1.438972423504192739e+04 0.000000000000000000e+00 0.000000000000000000e+00
1.039603960396039660e-03 0.000000000000000000e+00 4.218539178305287578e+02 6.450545157109417727e-05 4.168940884874759831e+02 1.192668390353299401e+04 1.760025473856025656e+03 0.000000000000000000e+00
1.108910891089109028e-03 0.000000000000000000e+00 4.218539178305287578e+02 6.450545157109417727e-05 4.168940884874759831e+02 1.192668390353299401e+04 1.760025473856025656e+03 0.000000000000000000e+00
1.178217821782178397e-03 0.000000000000000000e+00 4.218539178305287578e+02 6.450545157109417727e-05 4.168940884874759831e+02 1.192668390353299401e+04 1.760025473856025656e+03 0.000000000000000000e+00
1.247524752475247765e-03 0.000000000000000000e+00 4.218539178305287578e+02 6.450545157109417727e-05 4.168940884874759831e+02 1.192668390353299401e+04 1.760025473856025656e+03 0.000000000000000000e+00
1.316831683168316917e-03 0.000000000000000000e+00 4.218538932885818440e+02 6.450540330404686299e-05 4.168940877285262445e+02 1.192652270888388375e+04 1.760025488000789892e+03 0.000000000000000000e+00
1.386138613861386286e-03 0.000000000000000000e+00 4.218505334999508705e+02 6.450338793687931851e-05 4.168939766068787094e+02 1.192201054968115750e+04 1.760027613365881280e+03 0.000000000000000000e+00
1.455445544554455654e-03 0.000000000000000000e+00 4.218347553720724932e+02 6.449088758223991144e-05 4.168933935872337315e+02 1.190635428997456074e+04 1.760038804393724149e+03 0.000000000000000000e+00
1.524752475247524806e-03 0.000000000000000000e+00 4.217795377764218188e+02 6.443610666327245719e-05 4.168907766464951123e+02 1.187196001160072228e+04 1.760083544776613962e+03 0.000000000000000000e+00
1.594059405940594174e-03 0.000000000000000000e+00 4.216228554763302441e+02 6.422513516531007231e-05 4.168816766377905196e+02 1.180926639443566455e+04 1.760227647286754291e+03 0.000000000000000000e+00
1.663366336633663543e-03 0.000000000000000000e+00 4.211998929140971768e+02 6.353978605155166464e-05 4.168491253282395519e+02 1.170654016672870239e+04 1.760672895525387503e+03 0.000000000000000000e+00
1.732673267326732911e-03 0.000000000000000000e+00 4.201835277630667633e+02 6.232313825734627877e-05 4.167484799410976279e+02 1.156326787245276500e+04 1.761904006903415393e+03 0.000000000000000000e+00
1.801980198019802280e-03 0.000000000000000000e+00 4.177631703020106784e+02 6.064892432949976059e-05 4.164111496447135323e+02 1.137919609704018694e+04 1.765318277841595773e+03 0.000000000000000000e+00
1.871287128712871431e-03 0.000000000000000000e+00 4.122035986765865800e+02 5.845485448969947682e-05 4.153726205866951204e+02 1.114564629596707346e+04 1.774445815773395225e+03 0.000000000000000000e+00
1.940594059405940800e-03 0.000000000000000000e+00 4.043582036315993946e+02 5.550842102666476264e-05 4.137107064335174869e+02 1.083939298084403890e+04 1.788712488036691639e+03 0.000000000000000000e+00
2.009900990099009951e-03 0.000000000000000000e+00 3.783921008925815386e+02 4.886933761879429976e-05 4.029379140958725998e+02 9.840478486474286910e+03 0.000000000000000000e+00 9.946660093999335004e+03
2.079207920792079320e-03 0.000000000000000000e+00 3.783921008925815386e+02 4.886933761879429976e-05 4.029379140958725998e+02 9.840478486474286910e+03 0.000000000000000000e+00 9.946660093999335004e+03
2.148514851485148688e-03 0.000000000000000000e+00 3.783921008925815386e+02 4.886933761879429976e-05 4.029379140958725998e+02 9.840478486474286910e+03 0.000000000000000000e+00 9.946660093999335004e+03
2.217821782178218057e-03 0.000000000000000000e+00 3.783921008925815386e+02 4.886933761879429976e-05 4.029379140958725998e+02 9.840478486474286910e+03 0.000000000000000000e+00 9.946660093999335004e+03
2.287128712871287425e-03 0.000000000000000000e+00 3.783921008925815386e+02 4.886933761879429976e-05 4.029379140958725998e+02 9.840478486474286910e+03 0.000000000000000000e+00 9.946660093999335004e+03
2.356435643564356794e-03 0.000000000000000000e+00 3.783947427356676485e+02 4.886604505423447519e-05 4.029378126266867071e+02 9.845351484134906059e+03 0.000000000000000000e+00 9.946631279671990342e+03
2.425742574257426162e-03 0.000000000000000000e+00 3.784215915202545943e+02 4.883570364105812152e-05 4.029368101686975479e+02 9.874043772604993137e+03 0.000000000000000000e+00 9.946384860659631158e+03
2.495049504950495531e-03 0.000000000000000000e+00 3.785273571643747914e+02 4.869043804015428246e-05 4.029325146239759192e+02 9.948527180689372472e+03 0.000000000000000000e+00 9.945618617635307601e+03
2.564356435643564466e-03 0.000000000000000000e+00 3.788999607881327734e+02 4.811232566434376159e-05 4.029148150578048444e+02 1.009712043924850695e+04 0.000000000000000000e+00 9.943555366003867675e+03
2.633663366336633834e-03 0.000000000000000000e+00 3.799866681378285307e+02 4.601232384048762160e-05 4.028549697483247201e+02 1.036024931334191933e+04 0.000000000000000000e+00 9.938962077529427916e+03
2.702970297029703203e-03 0.000000000000000000e+00 3.830917361195066633e+02 4.146216827961974168e-05 4.026444639147875364e+02 1.076989953653205521e+04 0.000000000000000000e+00 9.929347137564873265e+03
2.772277227722772571e-03 0.000000000000000000e+00 3.910576872991805999e+02 3.560908767826345743e-05 4.019902297548711090e+02 1.133490695760119161e+04 0.000000000000000000e+00 9.911793715176758269e+03
2.841584158415841940e-03 0.000000000000000000e+00 4.122716420100763912e+02 2.886933045417949012e-05 3.997053313754902888e+02 1.209227973108724291e+04 0.000000000000000000e+00 9.880252021421771133e+03
2.910891089108911308e-03 0.000000000000000000e+00 4.579051516630399874e+02 2.121884707863375759e-05 3.943186266117124319e+02 1.312717967807814603e+04 0.000000000000000000e+00 9.832198897301084799e+03
2.980198019801980677e-03 0.000000000000000000e+00 4.999924297853896178e+02 1.184733640327198913e-05 3.894158520004459092e+02 1.470636308150811601e+04 0.000000000000000000e+00 9.789704071599311646e+03
3.049504950495049611e-03 0.000000000000000000e+00 8.016043284949679446e+02 1.248296649727187013e-05 4.780911210887037441e+02 1.880316701966536493e+04 0.000000000000000000e+00 0.000000000000000000e+00
3.118811881188118980e-03 0.000000000000000000e+00 8.016043284949679446e+02 1.248296649727187013e-05 4.780911210887037441e+02 1.880316701966536493e+04 0.000000000000000000e+00 0.000000000000000000e+00
3.188118811881188348e-03 0.000000000000000000e+00 8.016043284949679446e+02 1.248296649727187013e-05 4.780911210887037441e+02 1.880316701966536493e+04 0.000000000000000000e+00 0.000000000000000000e+00
3.257425742574257717e-03 0.000000000000000000e+00 8.016043284949679446e+02 1.248296649727187013e-05 4.780911210887037441e+02 1.880316701966536493e+04 0.000000000000000000e+00 0.000000000000000000e+00
3.326732673267327085e-03 0.000000000000000000e+00 8.016014570118585425e+02 1.248308075423847305e-05 4.780911311788064495e+02 1.880175163563725073e+04 0.000000000000000000e+00 0.000000000000000000e+00
3.396039603960396454e-03 0.000000000000000000e+00 8.014924953345823724e+02 1.248622150493128145e-05 4.780916016366466010e+02 1.877950934424131265e+04 0.000000000000000000e+00 0.000000000000000000e+00
3.465346534653465822e-03 0.000000000000000000e+00 8.010833089000224163e+02 1.250719990270867196e-05 4.780939671076866375e+02 1.871092483461908705e+04 0.000000000000000000e+00 0.000000000000000000e+00
3.534653465346535191e-03 0.000000000000000000e+00 7.998606578112542138e+02 1.261078629134736817e-05 4.781055529670424562e+02 1.856879676114009999e+04 0.000000000000000000e+00 0.000000000000000000e+00
3.603960396039604559e-03 0.000000000000000000e+00 7.969257136395339103e+02 1.306893113038835655e-05 4.781476813427630645e+02 1.831863134154484578e+04 0.000000000000000000e+00 0.000000000000000000e+00
3.673267326732673494e-03 0.000000000000000000e+00 7.902417602202738180e+02 1.470550056250828180e-05 4.783139696347493555e+02 1.792327394996892690e+04 0.000000000000000000e+00 0.000000000000000000e+00
3.742574257425742863e-03 0.000000000000000000e+00 7.769666558031175327e+02 1.805064520774061321e-05 4.788611423814493264e+02 1.739201171648646778e+04 0.000000000000000000e+00 0.000000000000000000e+00
3.811881188118812231e-03 0.000000000000000000e+00 7.511003132728834544e+02 2.382808249552145752e-05 4.809378070007707038e+02 1.672415669069116120e+04 0.000000000000000000e+00 0.000000000000000000e+00
3.881188118811881600e-03 0.000000000000000000e+00 7.035799152287555671e+02 3.364204400089883186e-05 4.876013257882665926e+02 1.588582871218229775e+04 0.000000000000000000e+00 0.000000000000000000e+00
3.950495049504950534e-03 0.000000000000000000e+00 6.487924929284239397e+02 5.140636867467983725e-05 4.972389763078384135e+02 1.478324918969517603e+04 0.000000000000000000e+00 0.000000000000000000e+00
4.019801980198019903e-03 0.000000000000000000e+00 4.217859304603580881e+02 6.444310533438157710e-05 4.168911058817096205e+02 1.187523498182715048e+04 1.760078112827314044e+03 0.000000000000000000e+00
4.089108910891089271e-03 0.000000000000000000e+00 4.216392689610302114e+02 6.425122000692437281e-05 4.168827090190088711e+02 1.181494967158026157e+04 1.760211750471977894e+03 0.000000000000000000e+00
4.158415841584158640e-03 0.000000000000000000e+00 4.212451354622676831e+02 6.360780215062585973e-05 4.168529931599653651e+02 1.171523034230405756e+04 1.760622643980631665e+03 0.000000000000000000e+00
4.227722772277228008e-03 0.000000000000000000e+00 4.202855152636150819e+02 6.242568388809124425e-05 4.167596346869460149e+02 1.157477492434170927e+04 1.761773071753522800e+03 0.000000000000000000e+00
4.297029702970297377e-03 0.000000000000000000e+00 4.180164771327821427e+02 6.078374881082172982e-05 4.164513724223771760e+02 1.139376702205483707e+04 1.764939227154927721e+03 0.000000000000000000e+00
4.366336633663366745e-03 0.000000000000000000e+00 4.127473033139461336e+02 5.862485026987226434e-05 4.154823042228226200e+02 1.117194524686398654e+04 1.773498972133675124e+03 0.000000000000000000e+00
4.435643564356436114e-03 0.000000000000000000e+00 4.048827840991399398e+02 5.570165668303029449e-05 4.138108461145138790e+02 1.090878863189475487e+04 1.787784018062005316e+03 0.000000000000000000e+00
4.504950495049505482e-03 0.000000000000000000e+00 3.785580807681233750e+02 4.864831522759829581e-05 4.029311356339895838e+02 9.964328030719349044e+03 0.000000000000000000e+00 9.945424029401712687e+03
4.574257425742574851e-03 0.000000000000000000e+00 3.789933433689549247e+02 4.794988423747038544e-05 4.029102170542571457e+02 1.012651134161776281e+04 0.000000000000000000e+00 9.943099165936031568e+03
4.643564356435644219e-03 0.000000000000000000e+00 3.802654993028044146e+02 4.547259998037988003e-05 4.028375749075935914e+02 1.041001966405739768e+04 0.000000000000000000e+00 9.937949569164607965e+03
4.712871287128713588e-03 0.000000000000000000e+00 3.838245426703454655e+02 4.068283315050336173e-05 4.025915869163850971e+02 1.084072388816614875e+04 0.000000000000000000e+00 9.927414350750808808e+03
4.782178217821782956e-03 0.000000000000000000e+00 3.930016616497614450e+02 3.470294545142619484e-05 4.018021401939773227e+02 1.142990636444774645e+04 0.000000000000000000e+00 9.908285892492311177e+03
4.851485148514852325e-03 0.000000000000000000e+00 4.172202516897957594e+02 2.784232741936640512e-05 3.991260840781685033e+02 1.221576468307172217e+04 0.000000000000000000e+00 9.874061404119902363e+03
4.920792079207921693e-03 0.000000000000000000e+00 4.649655651594954975e+02 2.005732709700683698e-05 3.934787686796286721e+02 1.327453281227114530e+04 0.000000000000000000e+00 9.823435396322764063e+03
4.990099009900991062e-03 0.000000000000000000e+00 5.050385534252217212e+02 1.073843404142877453e-05 3.887465678291038103e+02 1.488565367721910116e+04 0.000000000000000000e+00 9.777675599084157511e+03
5.059405940594059563e-03 0.000000000000000000e+00 7.990670712320896882e+02 1.270649724717559426e-05 4.781152542339938236e+02 1.849394446140671425e+04 0.000000000000000000e+00 0.000000000000000000e+00
5.128712871287128931e-03 0.000000000000000000e+00 7.951149285494122978e+02 1.346882704248374661e-05 4.781835006850411673e+02 1.818950620763916595e+04 0.000000000000000000e+00 0.000000000000000000e+00
5.198019801980198300e-03 0.000000000000000000e+00 7.863736205747161421e+02 1.567562415885870005e-05 4.784435140405092852e+02 1.772357731397026510e+04 0.000000000000000000e+00 0.000000000000000000e+00
5.267326732673267668e-03 0.000000000000000000e+00 7.695468334666338706e+02 1.974642168424254433e-05 4.793039078212009940e+02 1.710344886188963210e+04 0.000000000000000000e+00 0.000000000000000000e+00
5.336633663366337037e-03 0.000000000000000000e+00 7.366706173029739375e+02 2.659628896008861868e-05 4.825523465946138799e+02 1.631049497017051362e+04 0.000000000000000000e+00 0.000000000000000000e+00
5.405940594059406405e-03 0.000000000000000000e+00 6.815028482171717314e+02 3.801625630951033517e-05 4.912448526741179649e+02 1.531223844234654825e+04 0.000000000000000000e+00 0.000000000000000000e+00
5.475247524752475774e-03 0.000000000000000000e+00 6.298586908461064695e+02 5.970716997687129895e-05 4.998037837710984377e+02 1.398460452841514416e+04 0.000000000000000000e+00 0.000000000000000000e+00
5.544554455445545142e-03 0.000000000000000000e+00 4.185655777835220874e+02 6.025763086587151491e-05 4.164529316404108386e+02 1.162994351725002343e+04 1.764329832228207806e+03 0.000000000000000000e+00
5.613861386138614511e-03 0.000000000000000000e+00 4.143082089058488577e+02 5.647717950681889563e-05 4.154745447883836960e+02 1.164696160422421781e+04 1.771709812877341164e+03 0.000000000000000000e+00
5.683168316831683879e-03 0.000000000000000000e+00 4.089235561956057268e+02 4.932538063520661479e-05 4.136436115973417600e+02 1.174063864385454690e+04 1.783488527148487265e+03 0.000000000000000000e+00
5.752475247524753248e-03 0.000000000000000000e+00 3.879324399504303074e+02 3.738294534413595487e-05 4.022715152471436681e+02 1.115572812909304412e+04 0.000000000000000000e+00 9.917932288478714327e+03
5.821782178217822616e-03 0.000000000000000000e+00 4.041035760636559644e+02 3.088071056420023478e-05 4.006297706904963434e+02 1.185205225935553790e+04 0.000000000000000000e+00 9.891023660368276978e+03
5.891089108910891985e-03 0.000000000000000000e+00 4.430964101422403587e+02 2.349381018453630478e-05 3.960610296194821558e+02 1.279346993509528693e+04 0.000000000000000000e+00 9.846622551559508793e+03
5.960396039603961353e-03 0.000000000000000000e+00 4.890773642810084425e+02 1.500563997437415680e-05 3.906701720566189238e+02 1.415854925459383412e+04 0.000000000000000000e+00 9.801271396649253802e+03
6.029702970297030722e-03 0.000000000000000000e+00 8.016043284949679446e+02 1.248296649727187013e-05 4.780911210887037441e+02 1.880316701966536493e+04 0.000000000000000000e+00 0.000000000000000000e+00
6.099009900990099223e-03 0.000000000000000000e+00 8.016043284949679446e+02 1.248296649727187013e-05 4.780911210887037441e+02 1.880316701966536493e+04 0.000000000000000000e+00 0.000000000000000000e+00
6.168316831683168591e-03 0.000000000000000000e+00 8.016043284949679446e+02 1.248296649727187013e-05 4.780911210887037441e+02 1.880316701966536493e+04 0.000000000000000000e+00 0.000000000000000000e+00
6.237623762376237960e-03 0.000000000000000000e+00 8.016043284949679446e+02 1.248296649727187013e-05 4.780911210887037441e+02 1.880316701966536493e+04 0.000000000000000000e+00 0.000000000000000000e+00
6.306930693069307328e-03 0.000000000000000000e+00 8.016043284949679446e+02 1.248296649727187013e-05 4.780911210887037441e+02 1.880316701966536493e+04 0.000000000000000000e+00 0.000000000000000000e+00
6.376237623762376697e-03 0.000000000000000000e+00 8.016043284949679446e+02 1.248296649727187013e-05 4.780911210887037441e+02 1.880316701966536493e+04 0.000000000000000000e+00 0.000000000000000000e+00
6.445544554455446065e-03 0.000000000000000000e+00 8.016043284949679446e+02 1.248296649727187013e-05 4.780911210887037441e+02 1.880316701966536493e+04 0.000000000000000000e+00 0.000000000000000000e+00
6.514851485148515434e-03 0.000000000000000000e+00 8.016043284949679446e+02 1.248296649727187013e-05 4.780911210887037441e+02 1.880316701966536493e+04 0.000000000000000000e+00 0.000000000000000000e+00
6.584158415841584802e-03 0.000000000000000000e+00 8.016043284949679446e+02 1.248296649727187690e-05 4.780911210887037441e+02 1.880316701966536493e+04 0.000000000000000000e+00 0.000000000000000000e+00
6.653465346534654171e-03 0.000000000000000000e+00 8.016043284949679446e+02 1.248296649727187521e-05 4.780911210887037441e+02 1.880316701966536493e+04 0.000000000000000000e+00 0.000000000000000000e+00
6.722772277227723539e-03 0.000000000000000000e+00 8.016043284949679446e+02 1.248296649727188029e-05 4.780911210887037441e+02 1.880316701966536493e+04 0.000000000000000000e+00 0.000000000000000000e+00
6.792079207920792908e-03 0.000000000000000000e+00 8.016043284949679446e+02 1.248296649727188368e-05 4.780911210887037441e+02 1.880316701966536493e+04 0.000000000000000000e+00 0.000000000000000000e+00
6.861386138613862276e-03 0.000000000000000000e+00 8.016043284949679446e+02 1.248296649727188029e-05 4.780911210887037441e+02 1.880316701966536493e+04 0.000000000000000000e+00 0.000000000000000000e+00
6.930693069306931645e-03 0.000000000000000000e+00 0.000000000000000000e+00 0.000000000000000000e+00 0.000000000000000000e+00 0.000000000000000000e+00 0.000000000000000000e+00 0.000000000000000000e+00
