0.000000000000000000e+00 1.000000000000000000e+00 6.000000000000000000e+00 7.000000000000000000e+00 8.000000000000000000e+00 1.400000000000000000e+01 2.600000000000000000e+01 2.900000000000000000e+01
0.000000000000000000e+00 0.000000000000000000e+00 8.469165198070661518e+02 1.719907492568517822e-24 4.775671869014356616e+02 2.459817764893966341e+03 0.000000000000000000e+00 0.000000000000000000e+00
5.490196078431372429e-04 0.000000000000000000e+00 8.469165198070661518e+02 1.719907492568517822e-24 4.775671869014356616e+02 2.459817764893966341e+03 0.000000000000000000e+00 0.000000000000000000e+00
1.098039215686274486e-03 0.000000000000000000e+00 8.469165198070661518e+02 1.719907492568517822e-24 4.775671869014356616e+02 2.459817764893966341e+03 0.000000000000000000e+00 0.000000000000000000e+00
1.647058823529411620e-03 0.000000000000000000e+00 8.469165123956895513e+02 1.719907495175334502e-24 4.775671869014356616e+02 2.458247916161639296e+03 0.000000000000000000e+00 0.000000000000000000e+00
2.196078431372548972e-03 0.000000000000000000e+00 8.469160076842289300e+02 1.719951549708969014e-24 4.775671869014390154e+02 2.444310056652895128e+03 0.000000000000000000e+00 0.000000000000000000e+00
2.745098039215686323e-03 0.000000000000000000e+00 8.469000407751898365e+02 1.785630182456582568e-24 4.775671869132361849e+02 2.398021937554736269e+03 0.000000000000000000e+00 0.000000000000000000e+00
3.294117647058823241e-03 0.000000000000000000e+00 8.464376186422131241e+02 2.139015605781678986e-24 4.775672399111034565e+02 2.308562035616263529e+03 0.000000000000000000e+00 0.000000000000000000e+00
3.843137254901960592e-03 0.000000000000000000e+00 8.280571022881160843e+02 2.996682280192867533e-24 4.780366532605986549e+02 2.157494875562798370e+03 0.000000000000000000e+00 0.000000000000000000e+00
4.392156862745097944e-03 0.000000000000000000e+00 7.666739636405277452e+02 3.232278251338965604e-24 4.637238363821707026e+02 1.932016388691207339e+03 2.271513129663795212e+02 0.000000000000000000e+00
4.941176470588235295e-03 0.000000000000000000e+00 7.666739636405277452e+02 3.232278251338965604e-24 4.637238363821707026e+02 1.932016388691207339e+03 2.271513129663795212e+02 0.000000000000000000e+00
5.490196078431372646e-03 0.000000000000000000e+00 7.666739641024252023e+02 3.232278251047175947e-24 4.637238363821707026e+02 1.932391198811314098e+03 2.271513129664009512e+02 0.000000000000000000e+00
6.039215686274509998e-03 0.000000000000000000e+00 7.666740389186057882e+02 3.232272416151835672e-24 4.637238363821703047e+02 1.939406021325515439e+03 2.271513129731568199e+02 0.000000000000000000e+00
6.588235294117646482e-03 0.000000000000000000e+00 7.666772398419419687e+02 3.196676462497710476e-24 4.637238363808743884e+02 1.968111597992085990e+03 2.271513135461944159e+02 0.000000000000000000e+00
7.137254901960783833e-03 0.000000000000000000e+00 7.667922570835171427e+02 2.821569858140873484e-24 4.637238314165761039e+02 2.034956078322209351e+03 2.271513031428314378e+02 0.000000000000000000e+00
7.686274509803921184e-03 0.000000000000000000e+00 7.717837945332698837e+02 2.164764357491263194e-24 4.636935242415434573e+02 2.153012504960867773e+03 2.271101514237658705e+02 0.000000000000000000e+00
8.235294117647059403e-03 0.000000000000000000e+00 8.469165198070661518e+02 1.719907492568517822e-24 4.775671869014356616e+02 2.459817764893966341e+03 0.000000000000000000e+00 0.000000000000000000e+00
8.784313725490195887e-03 0.000000000000000000e+00 8.469165198070661518e+02 1.719907492568517822e-24 4.775671869014356616e+02 2.459817764893966341e+03 0.000000000000000000e+00 0.000000000000000000e+00
9.333333333333332371e-03 0.000000000000000000e+00 8.469165198070661518e+02 1.719907492568517822e-24 4.775671869014356616e+02 2.459817764893966341e+03 0.000000000000000000e+00 0.000000000000000000e+00
9.882352941176470590e-03 0.000000000000000000e+00 8.469165198070661518e+02 1.719907492568517822e-24 4.775671869014356616e+02 2.459817764893966341e+03 0.000000000000000000e+00 0.000000000000000000e+00
1.043137254901960707e-02 0.000000000000000000e+00 8.469165198070661518e+02 1.719907492568517822e-24 4.775671869014356616e+02 2.459817764893966341e+03 0.000000000000000000e+00 0.000000000000000000e+00
1.098039215686274529e-02 0.000000000000000000e+00 8.469165198070661518e+02 1.719907492568521495e-24 4.775671869014356616e+02 2.459817764893966341e+03 0.000000000000000000e+00 0.000000000000000000e+00
1.152941176470588178e-02 0.000000000000000000e+00 8.469165198070661518e+02 1.719907492568521495e-24 4.775671869014356616e+02 2.459817764893966341e+03 0.000000000000000000e+00 0.000000000000000000e+00
1.207843137254902000e-02 0.000000000000000000e+00 8.469165198070661518e+02 1.719907492568517822e-24 4.775671869014356616e+02 2.459817764893966341e+03 0.000000000000000000e+00 0.000000000000000000e+00
1.262745098039215648e-02 0.000000000000000000e+00 8.469165198070661518e+02 1.719907492568517822e-24 4.775671869014356616e+02 2.459817764893966341e+03 0.000000000000000000e+00 0.000000000000000000e+00
1.317647058823529296e-02 0.000000000000000000e+00 8.469165198070661518e+02 1.719907492568517822e-24 4.775671869014356616e+02 2.459817764893966341e+03 0.000000000000000000e+00 0.000000000000000000e+00
1.372549019607843118e-02 0.000000000000000000e+00 8.469165044856079021e+02 1.719907503583997507e-24 4.775671869014356616e+02 2.457373510496508061e+03 0.000000000000000000e+00 0.000000000000000000e+00
1.427450980392156767e-02 0.000000000000000000e+00 8.469156616323487015e+02 1.720070876318435041e-24 4.775671869014463482e+02 2.440276685340024414e+03 0.000000000000000000e+00 0.000000000000000000e+00
1.482352941176470588e-02 0.000000000000000000e+00 8.468899078071846134e+02 1.817276334333460068e-24 4.775671869402033849e+02 2.387838250855211299e+03 0.000000000000000000e+00 0.000000000000000000e+00
1.537254901960784237e-02 0.000000000000000000e+00 8.461330976617448414e+02 2.220190633483291269e-24 4.775673689006597442e+02 2.291911488016083240e+03 0.000000000000000000e+00 0.000000000000000000e+00
1.592156862745098059e-02 0.000000000000000000e+00 8.144914038246402015e+02 3.235447449826653292e-24 4.789696050432338552e+02 2.129553140506165164e+03 0.000000000000000000e+00 0.000000000000000000e+00
1.647058823529411881e-02 0.000000000000000000e+00 7.666754662645460030e+02 3.225398214638687299e-24 4.637238363819454321e+02 1.958927631807346415e+03 2.271513132030498809e+02 0.000000000000000000e+00
1.701960784313725356e-02 0.000000000000000000e+00 7.667286708046057129e+02 2.925964767326284998e-24 4.637238355627745250e+02 2.017168885784219128e+03 2.271513181975720670e+02 0.000000000000000000e+00
1.756862745098039177e-02 0.000000000000000000e+00 7.688688111003466474e+02 2.332095138819714834e-24 4.637195121690215274e+02 2.121322580178863518e+03 2.271423307243097724e+02 0.000000000000000000e+00
1.811764705882352999e-02 0.000000000000000000e+00 8.469165198070661518e+02 1.719907492568517822e-24 4.775671869014356616e+02 2.459817764893966341e+03 0.000000000000000000e+00 0.000000000000000000e+00
1.866666666666666474e-02 0.000000000000000000e+00 8.469165198070661518e+02 1.719907492568519291e-24 4.775671869014356616e+02 2.459817764893966341e+03 0.000000000000000000e+00 0.000000000000000000e+00
1.921568627450980296e-02 0.000000000000000000e+00 8.469165198070661518e+02 1.719907492568519291e-24 4.775671869014356616e+02 2.459817764893966341e+03 0.000000000000000000e+00 0.000000000000000000e+00
1.976470588235294118e-02 0.000000000000000000e+00 8.469164982945436577e+02 1.719907514451904896e-24 4.775671869014357185e+02 2.456821421216912768e+03 0.000000000000000000e+00 0.000000000000000000e+00
2.031372549019607940e-02 0.000000000000000000e+00 8.469154120199062845e+02 1.720211746802451738e-24 4.775671869014548747e+02 2.438037414171965793e+03 0.000000000000000000e+00 0.000000000000000000e+00
2.086274509803921415e-02 0.000000000000000000e+00 8.468827241441341585e+02 1.835466555498812200e-24 4.775671869716914557e+02 2.386790080875084186e+03 0.000000000000000000e+00 0.000000000000000000e+00
2.141176470588235237e-02 0.000000000000000000e+00 8.459121073831915965e+02 2.261222184110415793e-24 4.775675298725859079e+02 2.309224028844539134e+03 0.000000000000000000e+00 0.000000000000000000e+00
2.196078431372549059e-02 0.000000000000000000e+00 8.084891131553598598e+02 3.093926228059638369e-24 4.793889284579284435e+02 2.191882781273474848e+03 0.000000000000000000e+00 0.000000000000000000e+00
2.250980392156862533e-02 0.000000000000000000e+00 7.681258330850586162e+02 2.408723524456419697e-24 4.637221760600822904e+02 2.107026555303261830e+03 2.271471532884159217e+02 0.000000000000000000e+00
2.305882352941176355e-02 0.000000000000000000e+00 8.469165198070661518e+02 1.719907492568520026e-24 4.775671869014356616e+02 2.459817764893966341e+03 0.000000000000000000e+00 0.000000000000000000e+00
2.360784313725490177e-02 0.000000000000000000e+00 8.469165198070661518e+02 1.719907492568520026e-24 4.775671869014356616e+02 2.459817764893966341e+03 0.000000000000000000e+00 0.000000000000000000e+00
2.415686274509803999e-02 0.000000000000000000e+00 8.469165198070661518e+02 1.719907492568517822e-24 4.775671869014356616e+02 2.459817764893966341e+03 0.000000000000000000e+00 0.000000000000000000e+00
2.470588235294117474e-02 0.000000000000000000e+00 8.469165198070661518e+02 1.719907492568517822e-24 4.775671869014356616e+02 2.459817764893966341e+03 0.000000000000000000e+00 0.000000000000000000e+00
2.525490196078431296e-02 0.000000000000000000e+00 8.469165198070661518e+02 1.719907492568517822e-24 4.775671869014356616e+02 2.459817764893966341e+03 0.000000000000000000e+00 0.000000000000000000e+00
2.580392156862745118e-02 0.000000000000000000e+00 8.469165198070661518e+02 1.719907492568517822e-24 4.775671869014356616e+02 2.459817764893966341e+03 0.000000000000000000e+00 0.000000000000000000e+00
2.635294117647058593e-02 0.000000000000000000e+00 8.469165198070661518e+02 1.719907492568517822e-24 4.775671869014356616e+02 2.459817764893966341e+03 0.000000000000000000e+00 0.000000000000000000e+00
2.690196078431372415e-02 0.000000000000000000e+00 8.469165198070661518e+02 1.719907492568519658e-24 4.775671869014356616e+02 2.459817764893966341e+03 0.000000000000000000e+00 0.000000000000000000e+00
2.745098039215686236e-02 0.000000000000000000e+00 0.000000000000000000e+00 0.000000000000000000e+00 0.000000000000000000e+00 0.000000000000000000e+00 0.000000000000000000e+00 0.000000000000000000e+00
