0.000000000000000000e+00 1.000000000000000000e+00 6.000000000000000000e+00 7.000000000000000000e+00 8.000000000000000000e+00 1.400000000000000000e+01 2.600000000000000000e+01 2.900000000000000000e+01
0.000000000000000000e+00 0.000000000000000000e+00 8.469165198070661518e+02 1.719907492568517822e-24 4.775671869014356616e+02 2.459817764893966341e+03 0.000000000000000000e+00 0.000000000000000000e+00
5.490196078431372429e-04 0.000000000000000000e+00 8.469165198070661518e+02 1.719907492568517822e-24 4.775671869014356616e+02 2.459817764893966341e+03 0.000000000000000000e+00 0.000000000000000000e+00
1.098039215686274486e-03 0.000000000000000000e+00 8.469165198070661518e+02 1.719907492568517822e-24 4.775671869014356616e+02 2.459817764893966341e+03 0.000000000000000000e+00 0.000000000000000000e+00
1.647058823529411620e-03 0.000000000000000000e+00 8.469165123956895513e+02 1.719907510130089713e-24 4.775671869014356616e+02 2.456946434142084854e+03 0.000000000000000000e+00 0.000000000000000000e+00
2.196078431372548972e-03 0.000000000000000000e+00 8.469160076842289300e+02 1.720075461191069985e-24 4.775671869014390154e+02 2.439486125669749072e+03 0.000000000000000000e+00 0.000000000000000000e+00
2.745098039215686323e-03 0.000000000000000000e+00 8.469000407751898365e+02 1.811161614538821652e-24 4.775671869132361849e+02 2.388138643853211306e+03 0.000000000000000000e+00 0.000000000000000000e+00
3.294117647058823241e-03 0.000000000000000000e+00 8.464376186422131241e+02 2.193734001800248603e-24 4.775672399111034565e+02 2.295506700855714371e+03 0.000000000000000000e+00 0.000000000000000000e+00
3.843137254901960592e-03 0.000000000000000000e+00 8.280571022881160843e+02 3.092136224553992365e-24 4.780366532605986549e+02 2.141998831488534506e+03 0.000000000000000000e+00 0.000000000000000000e+00
4.392156862745097944e-03 0.000000000000000000e+00 7.666739636405277452e+02 3.232278251338965604e-24 4.637238363821707026e+02 1.932016388691207339e+03 2.271513129663795212e+02 0.000000000000000000e+00
4.941176470588235295e-03 0.000000000000000000e+00 7.666739636405277452e+02 3.232278251338965604e-24 4.637238363821707026e+02 1.932016388691207339e+03 2.271513129663795212e+02 0.000000000000000000e+00
5.490196078431372646e-03 0.000000000000000000e+00 7.666739641024252023e+02 3.232278248981375400e-24 4.637238363821707026e+02 1.932938392420822765e+03 2.271513129664009512e+02 0.000000000000000000e+00
6.039215686274509998e-03 0.000000000000000000e+00 7.666740389186057882e+02 3.232252252149178228e-24 4.637238363821703047e+02 1.942320085533588781e+03 2.271513129731568199e+02 0.000000000000000000e+00
6.588235294117646482e-03 0.000000000000000000e+00 7.666772398419419687e+02 3.168775549952601978e-24 4.637238363808743884e+02 1.975471620640764513e+03 2.271513135461944159e+02 0.000000000000000000e+00
7.137254901960783833e-03 0.000000000000000000e+00 7.667922570835171427e+02 2.768884246454141842e-24 4.637238314165761039e+02 2.046070313210783297e+03 2.271513031428314378e+02 0.000000000000000000e+00
7.686274509803921184e-03 0.000000000000000000e+00 7.717837945332698837e+02 2.107844192189312077e-24 4.636935242415434573e+02 2.167677513507956064e+03 2.271101514237658705e+02 0.000000000000000000e+00
8.235294117647059403e-03 0.000000000000000000e+00 8.469165198070661518e+02 1.719907492568517822e-24 4.775671869014356616e+02 2.459817764893966341e+03 0.000000000000000000e+00 0.000000000000000000e+00
8.784313725490195887e-03 0.000000000000000000e+00 8.469165198070661518e+02 1.719907492568517822e-24 4.775671869014356616e+02 2.459817764893966341e+03 0.000000000000000000e+00 0.000000000000000000e+00
9.333333333333332371e-03 0.000000000000000000e+00 8.469165198070661518e+02 1.719907492568517822e-24 4.775671869014356616e+02 2.459817764893966341e+03 0.000000000000000000e+00 0.000000000000000000e+00
9.882352941176470590e-03 0.000000000000000000e+00 8.469165198070661518e+02 1.719907492568517822e-24 4.775671869014356616e+02 2.459817764893966341e+03 0.000000000000000000e+00 0.000000000000000000e+00
1.043137254901960707e-02 0.000000000000000000e+00 8.469165198070661518e+02 1.719907492568518189e-24 4.775671869014356616e+02 2.459817764893966341e+03 0.000000000000000000e+00 0.000000000000000000e+00
1.098039215686274529e-02 0.000000000000000000e+00 8.469165198070661518e+02 1.719907492568518556e-24 4.775671869014356616e+02 2.459817764893966341e+03 0.000000000000000000e+00 0.000000000000000000e+00
1.152941176470588178e-02 0.000000000000000000e+00 8.469165198070661518e+02 1.719907492568518924e-24 4.775671869014356616e+02 2.459817764893966341e+03 0.000000000000000000e+00 0.000000000000000000e+00
1.207843137254902000e-02 0.000000000000000000e+00 8.469165198070661518e+02 1.719907492568517822e-24 4.775671869014356616e+02 2.459817764893966341e+03 0.000000000000000000e+00 0.000000000000000000e+00
1.262745098039215648e-02 0.000000000000000000e+00 8.469165198070661518e+02 1.719907492568517822e-24 4.775671869014356616e+02 2.459817764893966341e+03 0.000000000000000000e+00 0.000000000000000000e+00
1.317647058823529296e-02 0.000000000000000000e+00 8.469165198070661518e+02 1.719907492569874416e-24 4.775671869014356616e+02 2.459790320579772924e+03 0.000000000000000000e+00 0.000000000000000000e+00
1.372549019607843118e-02 0.000000000000000000e+00 8.469165044856079021e+02 1.719907560404662503e-24 4.775671869014356616e+02 2.455693589142731071e+03 0.000000000000000000e+00 0.000000000000000000e+00
1.427450980392156767e-02 0.000000000000000000e+00 8.469156616323487015e+02 1.720467628647122389e-24 4.775671869014463482e+02 2.434743400483679125e+03 0.000000000000000000e+00 0.000000000000000000e+00
1.482352941176470588e-02 0.000000000000000000e+00 8.468899078071846134e+02 1.846741370141499164e-24 4.775671869402033849e+02 2.377445902247085996e+03 0.000000000000000000e+00 0.000000000000000000e+00
1.537254901960784237e-02 0.000000000000000000e+00 8.461330976617448414e+02 2.278256696785933078e-24 4.775673689006597442e+02 2.278851621647669617e+03 0.000000000000000000e+00 0.000000000000000000e+00
1.592156862745098059e-02 0.000000000000000000e+00 8.144914038246402015e+02 3.340533690596506067e-24 4.789696050432338552e+02 2.117880475309699250e+03 0.000000000000000000e+00 0.000000000000000000e+00
1.647058823529411881e-02 0.000000000000000000e+00 7.666754662645460030e+02 3.212854764399283021e-24 4.637238363819454321e+02 1.965254995002631404e+03 2.271513132030498809e+02 0.000000000000000000e+00
1.701960784313725356e-02 0.000000000000000000e+00 7.667286708046057129e+02 2.876226033995751680e-24 4.637238355627745250e+02 2.027549367749530802e+03 2.271513181975720670e+02 0.000000000000000000e+00
1.756862745098039177e-02 0.000000000000000000e+00 7.688688111003466474e+02 2.272211533374580603e-24 4.637195121690215274e+02 2.135280406809946271e+03 2.271423307243097724e+02 0.000000000000000000e+00
1.811764705882352999e-02 0.000000000000000000e+00 8.469165198070661518e+02 1.719907492568517822e-24 4.775671869014356616e+02 2.459817764893966341e+03 0.000000000000000000e+00 0.000000000000000000e+00
1.866666666666666474e-02 0.000000000000000000e+00 8.469165198070661518e+02 1.719907492568520026e-24 4.775671869014356616e+02 2.459817764893966341e+03 0.000000000000000000e+00 0.000000000000000000e+00
1.921568627450980296e-02 0.000000000000000000e+00 8.469165198070661518e+02 1.719907492573033189e-24 4.775671869014356616e+02 2.459752750772323907e+03 0.000000000000000000e+00 0.000000000000000000e+00
1.976470588235294118e-02 0.000000000000000000e+00 8.469164982945436577e+02 1.719907625752303644e-24 4.775671869014357185e+02 2.454963664363560838e+03 0.000000000000000000e+00 0.000000000000000000e+00
2.031372549019607940e-02 0.000000000000000000e+00 8.469154120199062845e+02 1.720929924093254923e-24 4.775671869014548747e+02 2.432329925131467917e+03 0.000000000000000000e+00 0.000000000000000000e+00
2.086274509803921415e-02 0.000000000000000000e+00 8.468827241441341585e+02 1.866511720316394721e-24 4.775671869716914557e+02 2.378419893147455696e+03 0.000000000000000000e+00 0.000000000000000000e+00
2.141176470588235237e-02 0.000000000000000000e+00 8.459121073831915965e+02 2.318270858266701801e-24 4.775675298725859079e+02 2.301978679896501490e+03 0.000000000000000000e+00 0.000000000000000000e+00
2.196078431372549059e-02 0.000000000000000000e+00 8.084891131553598598e+02 3.117243865798338486e-24 4.793889284579284435e+02 2.193188835905461929e+03 0.000000000000000000e+00 0.000000000000000000e+00
2.250980392156862533e-02 0.000000000000000000e+00 7.681258330850586162e+02 2.352478590270644473e-24 4.637221760600822904e+02 2.120539962791122889e+03 2.271471532884159217e+02 0.000000000000000000e+00
2.305882352941176355e-02 0.000000000000000000e+00 8.469165198070661518e+02 1.719907492568518924e-24 4.775671869014356616e+02 2.459817764893966341e+03 0.000000000000000000e+00 0.000000000000000000e+00
2.360784313725490177e-02 0.000000000000000000e+00 8.469165198070661518e+02 1.719907492568518924e-24 4.775671869014356616e+02 2.459817764893966341e+03 0.000000000000000000e+00 0.000000000000000000e+00
2.415686274509803999e-02 0.000000000000000000e+00 8.469165198070661518e+02 1.719907492568517822e-24 4.775671869014356616e+02 2.459817764893966341e+03 0.000000000000000000e+00 0.000000000000000000e+00
2.470588235294117474e-02 0.000000000000000000e+00 8.469165198070661518e+02 1.719907492568517822e-24 4.775671869014356616e+02 2.459817764893966341e+03 0.000000000000000000e+00 0.000000000000000000e+00
2.525490196078431296e-02 0.000000000000000000e+00 8.469165198070661518e+02 1.719907492568517822e-24 4.775671869014356616e+02 2.459817764893966341e+03 0.000000000000000000e+00 0.000000000000000000e+00
2.580392156862745118e-02 0.000000000000000000e+00 8.469165198070661518e+02 1.719907492568517822e-24 4.775671869014356616e+02 2.459817764893966341e+03 0.000000000000000000e+00 0.000000000000000000e+00
2.635294117647058593e-02 0.000000000000000000e+00 8.469165198070661518e+02 1.719907492568518189e-24 4.775671869014356616e+02 2.459817764893966341e+03 0.000000000000000000e+00 0.000000000000000000e+00
2.690196078431372415e-02 0.000000000000000000e+00 8.469165198070661518e+02 1.719907492568520393e-24 4.775671869014356616e+02 2.459817764893966341e+03 0.000000000000000000e+00 0.000000000000000000e+00
2.745098039215686236e-02 0.000000000000000000e+00 0.000000000000000000e+00 0.000000000000000000e+00 0.000000000000000000e+00 0.000000000000000000e+00 0.000000000000000000e+00 0.000000000000000000e+00
