0.000000000000000000e+00 1.000000000000000000e+00 6.000000000000000000e+00 7.000000000000000000e+00 8.000000000000000000e+00 1.400000000000000000e+01 2.600000000000000000e+01 2.900000000000000000e+01
0.000000000000000000e+00 0.000000000000000000e+00 8.469165198070661518e+02 1.719907492568517822e-24 4.775671869014356616e+02 2.459817764893966341e+03 0.000000000000000000e+00 0.000000000000000000e+00
5.490196078431372429e-04 0.000000000000000000e+00 8.469165198070661518e+02 1.719907492568522230e-24 4.775671869014356616e+02 2.459817764893966341e+03 0.000000000000000000e+00 0.000000000000000000e+00
1.098039215686274486e-03 0.000000000000000000e+00 8.469165198070661518e+02 1.719907492568520393e-24 4.775671869014356616e+02 2.459817764893966341e+03 0.000000000000000000e+00 0.000000000000000000e+00
1.647058823529411620e-03 0.000000000000000000e+00 8.469165198070661518e+02 1.719907492568517822e-24 4.775671869014356616e+02 2.459817764893966341e+03 0.000000000000000000e+00 0.000000000000000000e+00
2.196078431372548972e-03 0.000000000000000000e+00 8.469165198070661518e+02 1.719907492568517822e-24 4.775671869014356616e+02 2.459817764893966341e+03 0.000000000000000000e+00 0.000000000000000000e+00
2.745098039215686323e-03 0.000000000000000000e+00 8.469165198070661518e+02 1.719907492568517822e-24 4.775671869014356616e+02 2.459817764893966341e+03 0.000000000000000000e+00 0.000000000000000000e+00
3.294117647058823241e-03 0.000000000000000000e+00 8.469165198070661518e+02 1.719907492568517822e-24 4.775671869014356616e+02 2.459817764893966341e+03 0.000000000000000000e+00 0.000000000000000000e+00
3.843137254901960592e-03 0.000000000000000000e+00 8.469165198070661518e+02 1.719907492568517822e-24 4.775671869014356616e+02 2.459817764893966341e+03 0.000000000000000000e+00 0.000000000000000000e+00
4.392156862745097944e-03 0.000000000000000000e+00 7.695659011151166169e+02 2.274667182924953565e-24 4.637158582922589858e+02 2.131448208880639868e+03 2.271366114497311628e+02 0.000000000000000000e+00
4.941176470588235295e-03 0.000000000000000000e+00 7.667445717865878123e+02 2.892321629199001787e-24 4.637238349179078796e+02 2.022874819282222234e+03 2.271513167222009599e+02 0.000000000000000000e+00
5.490196078431372646e-03 0.000000000000000000e+00 7.666759110346275747e+02 3.219928081520592607e-24 4.637238363817721165e+02 1.961761569029937164e+03 2.271513132862129964e+02 0.000000000000000000e+00
6.039215686274509998e-03 0.000000000000000000e+00 7.666740052943014234e+02 3.232276740793763024e-24 4.637238363821704752e+02 1.937546161446778342e+03 2.271513129697504212e+02 0.000000000000000000e+00
6.588235294117646482e-03 0.000000000000000000e+00 7.666739637864886845e+02 3.232278251279767709e-24 4.637238363821707026e+02 1.932175412912209822e+03 2.271513129663858024e+02 0.000000000000000000e+00
7.137254901960783833e-03 0.000000000000000000e+00 7.666739636405277452e+02 3.232278251338965604e-24 4.637238363821707026e+02 1.932016388691207339e+03 2.271513129663795212e+02 0.000000000000000000e+00
7.686274509803921184e-03 0.000000000000000000e+00 7.666739636405277452e+02 3.232278251338965604e-24 4.637238363821707026e+02 1.932016388691207339e+03 2.271513129663795212e+02 0.000000000000000000e+00
8.235294117647059403e-03 0.000000000000000000e+00 8.363601618573769656e+02 2.820376186312445702e-24 4.776801860233777575e+02 2.186356561126516226e+03 0.000000000000000000e+00 0.000000000000000000e+00
8.784313725490195887e-03 0.000000000000000000e+00 8.466229372257652130e+02 2.067912508389535037e-24 4.775672023276028995e+02 2.324168154105014310e+03 0.000000000000000000e+00 0.000000000000000000e+00
9.333333333333332371e-03 0.000000000000000000e+00 8.469063447332139276e+02 1.759726452270510764e-24 4.775671869050685245e+02 2.407328396915365374e+03 0.000000000000000000e+00 0.000000000000000000e+00
9.882352941176470590e-03 0.000000000000000000e+00 8.469162176267932409e+02 1.719919020642472243e-24 4.775671869014367417e+02 2.447700882575522428e+03 0.000000000000000000e+00 0.000000000000000000e+00
1.043137254901960707e-02 0.000000000000000000e+00 8.469165165237350266e+02 1.719907493133213186e-24 4.775671869014356616e+02 2.458893727031779235e+03 0.000000000000000000e+00 0.000000000000000000e+00
1.098039215686274529e-02 0.000000000000000000e+00 8.469165198070661518e+02 1.719907492568517822e-24 4.775671869014356616e+02 2.459817764893966341e+03 0.000000000000000000e+00 0.000000000000000000e+00
1.152941176470588178e-02 0.000000000000000000e+00 8.469165198070661518e+02 1.719907492568517822e-24 4.775671869014356616e+02 2.459817764893966341e+03 0.000000000000000000e+00 0.000000000000000000e+00
1.207843137254902000e-02 0.000000000000000000e+00 8.469165198070661518e+02 1.719907492568518556e-24 4.775671869014356616e+02 2.459817764893966341e+03 0.000000000000000000e+00 0.000000000000000000e+00
1.262745098039215648e-02 0.000000000000000000e+00 8.469165198070661518e+02 1.719907492568521495e-24 4.775671869014356616e+02 2.459817764893966341e+03 0.000000000000000000e+00 0.000000000000000000e+00
1.317647058823529296e-02 0.000000000000000000e+00 8.469165198070661518e+02 1.719907492568518924e-24 4.775671869014356616e+02 2.459817764893966341e+03 0.000000000000000000e+00 0.000000000000000000e+00
1.372549019607843118e-02 0.000000000000000000e+00 8.469165198070661518e+02 1.719907492568517822e-24 4.775671869014356616e+02 2.459817764893966341e+03 0.000000000000000000e+00 0.000000000000000000e+00
1.427450980392156767e-02 0.000000000000000000e+00 8.469165198070661518e+02 1.719907492568517822e-24 4.775671869014356616e+02 2.459817764893966341e+03 0.000000000000000000e+00 0.000000000000000000e+00
1.482352941176470588e-02 0.000000000000000000e+00 8.469165198070661518e+02 1.719907492568517822e-24 4.775671869014356616e+02 2.459817764893966341e+03 0.000000000000000000e+00 0.000000000000000000e+00
1.537254901960784237e-02 0.000000000000000000e+00 8.469165198070661518e+02 1.719907492568517822e-24 4.775671869014356616e+02 2.459817764893966341e+03 0.000000000000000000e+00 0.000000000000000000e+00
1.592156862745098059e-02 0.000000000000000000e+00 8.469165198070661518e+02 1.719907492568517822e-24 4.775671869014356616e+02 2.459817764893966341e+03 0.000000000000000000e+00 0.000000000000000000e+00
1.647058823529411881e-02 0.000000000000000000e+00 7.683397736759883401e+02 2.384446353737135438e-24 4.637215357822011583e+02 2.111661622925829761e+03 2.271459136213206023e+02 0.000000000000000000e+00
1.701960784313725356e-02 0.000000000000000000e+00 7.667163225742581290e+02 2.957723172587847135e-24 4.637238359252535247e+02 2.011689784687169094e+03 2.271513184016666003e+02 0.000000000000000000e+00
1.756862745098039177e-02 0.000000000000000000e+00 7.666751207802577710e+02 3.228713877279519615e-24 4.637238363820421796e+02 1.956311471723357499e+03 2.271513131406634329e+02 0.000000000000000000e+00
1.811764705882352999e-02 0.000000000000000000e+00 8.216086586248753747e+02 3.110746683410172595e-24 4.784545274861783355e+02 2.145256039303854322e+03 0.000000000000000000e+00 0.000000000000000000e+00
1.866666666666666474e-02 0.000000000000000000e+00 8.463048752936888377e+02 2.178986541940638594e-24 4.775672832608656222e+02 2.300356513729325798e+03 0.000000000000000000e+00 0.000000000000000000e+00
1.921568627450980296e-02 0.000000000000000000e+00 8.468955889234173355e+02 1.800970994717860033e-24 4.775671869224743205e+02 2.393034723800798929e+03 0.000000000000000000e+00 0.000000000000000000e+00
1.976470588235294118e-02 0.000000000000000000e+00 8.469158567005912346e+02 1.719987917512972433e-24 4.775671869014416302e+02 2.442395497272788361e+03 0.000000000000000000e+00 0.000000000000000000e+00
2.031372549019607940e-02 0.000000000000000000e+00 8.469165091212955758e+02 1.719907497939898116e-24 4.775671869014356616e+02 2.457845385728609017e+03 0.000000000000000000e+00 0.000000000000000000e+00
2.086274509803921415e-02 0.000000000000000000e+00 8.469165198070661518e+02 1.719907492568520026e-24 4.775671869014356616e+02 2.459817764893966341e+03 0.000000000000000000e+00 0.000000000000000000e+00
2.141176470588235237e-02 0.000000000000000000e+00 8.469165198070661518e+02 1.719907492568518189e-24 4.775671869014356616e+02 2.459817764893966341e+03 0.000000000000000000e+00 0.000000000000000000e+00
2.196078431372549059e-02 0.000000000000000000e+00 8.469165198070661518e+02 1.719907492568517822e-24 4.775671869014356616e+02 2.459817764893966341e+03 0.000000000000000000e+00 0.000000000000000000e+00
2.250980392156862533e-02 0.000000000000000000e+00 7.679406040842901575e+02 2.432968510349416603e-24 4.637226369774829209e+02 2.102508248588828792e+03 2.271481089096645007e+02 0.000000000000000000e+00
2.305882352941176355e-02 0.000000000000000000e+00 8.113896341552093645e+02 3.044588945217471422e-24 4.791910301367802845e+02 2.197268640304436758e+03 0.000000000000000000e+00 0.000000000000000000e+00
2.360784313725490177e-02 0.000000000000000000e+00 8.460301457338118780e+02 2.239737375011536972e-24 4.775674373432839275e+02 2.312365232975319032e+03 0.000000000000000000e+00 0.000000000000000000e+00
2.415686274509803999e-02 0.000000000000000000e+00 8.468865226304230873e+02 1.826120484010432552e-24 4.775671869538022065e+02 2.389164571066650296e+03 0.000000000000000000e+00 0.000000000000000000e+00
2.470588235294117474e-02 0.000000000000000000e+00 8.469155451650136683e+02 1.720120045788891359e-24 4.775671869014499862e+02 2.439188952028375752e+03 0.000000000000000000e+00 0.000000000000000000e+00
2.525490196078431296e-02 0.000000000000000000e+00 8.469165016684846705e+02 1.719907508516431312e-24 4.775671869014356616e+02 2.457108647587007908e+03 0.000000000000000000e+00 0.000000000000000000e+00
2.580392156862745118e-02 0.000000000000000000e+00 8.469165198070661518e+02 1.719907492568517822e-24 4.775671869014356616e+02 2.459817764893966341e+03 0.000000000000000000e+00 0.000000000000000000e+00
2.635294117647058593e-02 0.000000000000000000e+00 8.469165198070661518e+02 1.719907492568517822e-24 4.775671869014356616e+02 2.459817764893966341e+03 0.000000000000000000e+00 0.000000000000000000e+00
2.690196078431372415e-02 0.000000000000000000e+00 8.469165198070661518e+02 1.719907492568517822e-24 4.775671869014356616e+02 2.459817764893966341e+03 0.000000000000000000e+00 0.000000000000000000e+00
2.745098039215686236e-02 0.000000000000000000e+00 0.000000000000000000e+00 0.000000000000000000e+00 0.000000000000000000e+00 0.000000000000000000e+00 0.000000000000000000e+00 0.000000000000000000e+00
