0.000000000000000000e+00 1.000000000000000000e+00 6.000000000000000000e+00 7.000000000000000000e+00 8.000000000000000000e+00 1.400000000000000000e+01 2.600000000000000000e+01 2.900000000000000000e+01
0.000000000000000000e+00 0.000000000000000000e+00 7.500845952239016697e+03 1.246203468716641538e+02 1.163698151281262290e+04 1.669762833310467613e+04 0.000000000000000000e+00 0.000000000000000000e+00
5.490196078431372429e-04 0.000000000000000000e+00 7.500845952239016697e+03 1.246203468716641538e+02 1.163698151281262290e+04 1.669762833310467613e+04 0.000000000000000000e+00 0.000000000000000000e+00
1.098039215686274486e-03 0.000000000000000000e+00 7.500845952239016697e+03 1.246203468716641538e+02 1.163698151281262290e+04 1.669762833310467613e+04 0.000000000000000000e+00 0.000000000000000000e+00
1.647058823529411620e-03 0.000000000000000000e+00 7.500845952239016697e+03 1.246203468716641538e+02 1.163698151281262290e+04 1.669762833310467613e+04 0.000000000000000000e+00 0.000000000000000000e+00
2.196078431372548972e-03 0.000000000000000000e+00 7.500845952239016697e+03 1.246203468716641538e+02 1.163698151281262290e+04 1.669762833310467613e+04 0.000000000000000000e+00 0.000000000000000000e+00
2.745098039215686323e-03 0.000000000000000000e+00 7.500845952239016697e+03 1.246203468716641538e+02 1.163698151281262290e+04 1.669762833310467613e+04 0.000000000000000000e+00 0.000000000000000000e+00
3.294117647058823241e-03 0.000000000000000000e+00 7.500845952239016697e+03 1.246203468716641538e+02 1.163698151281262290e+04 1.669762833310467613e+04 0.000000000000000000e+00 0.000000000000000000e+00
3.843137254901960592e-03 0.000000000000000000e+00 7.500845952239016697e+03 1.246203468716641538e+02 1.163698151281262290e+04 1.669762833310467613e+04 0.000000000000000000e+00 0.000000000000000000e+00
4.392156862745097944e-03 0.000000000000000000e+00 6.952535163888090210e+03 1.149857329760601914e+02 1.090439401119129434e+04 1.540670589547554846e+04 4.154162563629237411e+03 0.000000000000000000e+00
4.941176470588235295e-03 0.000000000000000000e+00 6.952535163888090210e+03 1.149857329760601914e+02 1.090439401119129434e+04 1.540670589547554846e+04 4.154162563629237411e+03 0.000000000000000000e+00
5.490196078431372646e-03 0.000000000000000000e+00 6.952535163888090210e+03 1.149857329760601914e+02 1.090439401119129434e+04 1.540670589547554846e+04 4.154162563629237411e+03 0.000000000000000000e+00
6.039215686274509998e-03 0.000000000000000000e+00 6.952535163888090210e+03 1.149857329760601914e+02 1.090439401119129434e+04 1.540670589547554846e+04 4.154162563629237411e+03 0.000000000000000000e+00
6.588235294117646482e-03 0.000000000000000000e+00 6.952535163888090210e+03 1.149857329760601914e+02 1.090439401119129434e+04 1.540670589547554846e+04 4.154162563629237411e+03 0.000000000000000000e+00
7.137254901960783833e-03 0.000000000000000000e+00 6.952535163888090210e+03 1.149857329760601914e+02 1.090439401119129434e+04 1.540670589547554846e+04 4.154162563629237411e+03 0.000000000000000000e+00
7.686274509803921184e-03 0.000000000000000000e+00 6.952535163888090210e+03 1.149857329760601914e+02 1.090439401119129434e+04 1.540670589547554846e+04 4.154162563629237411e+03 0.000000000000000000e+00
8.235294117647059403e-03 0.000000000000000000e+00 7.500845952239016697e+03 1.246203468716641538e+02 1.163698151281262290e+04 1.669762833310467613e+04 0.000000000000000000e+00 0.000000000000000000e+00
8.784313725490195887e-03 0.000000000000000000e+00 7.500845952239016697e+03 1.246203468716641538e+02 1.163698151281262290e+04 1.669762833310467613e+04 0.000000000000000000e+00 0.000000000000000000e+00
9.333333333333332371e-03 0.000000000000000000e+00 7.500845952239016697e+03 1.246203468716641538e+02 1.163698151281262290e+04 1.669762833310467613e+04 0.000000000000000000e+00 0.000000000000000000e+00
9.882352941176470590e-03 0.000000000000000000e+00 7.500845952239016697e+03 1.246203468716641538e+02 1.163698151281262290e+04 1.669762833310467613e+04 0.000000000000000000e+00 0.000000000000000000e+00
1.043137254901960707e-02 0.000000000000000000e+00 7.500845952239016697e+03 1.246203468716641538e+02 1.163698151281262290e+04 1.669762833310467613e+04 0.000000000000000000e+00 0.000000000000000000e+00
1.098039215686274529e-02 0.000000000000000000e+00 7.500845952239016697e+03 1.246203468716641538e+02 1.163698151281262290e+04 1.669762833310467613e+04 0.000000000000000000e+00 0.000000000000000000e+00
1.152941176470588178e-02 0.000000000000000000e+00 7.500845952239016697e+03 1.246203468716641538e+02 1.163698151281262290e+04 1.669762833310467613e+04 0.000000000000000000e+00 0.000000000000000000e+00
1.207843137254902000e-02 0.000000000000000000e+00 7.500845952239016697e+03 1.246203468716641538e+02 1.163698151281262290e+04 1.669762833310467613e+04 0.000000000000000000e+00 0.000000000000000000e+00
1.262745098039215648e-02 0.000000000000000000e+00 7.500845952239016697e+03 1.246203468716641538e+02 1.163698151281262290e+04 1.669762833310467613e+04 0.000000000000000000e+00 0.000000000000000000e+00
1.317647058823529296e-02 0.000000000000000000e+00 7.500845952239016697e+03 1.246203468716641538e+02 1.163698151281262290e+04 1.669762833310467613e+04 0.000000000000000000e+00 0.000000000000000000e+00
1.372549019607843118e-02 0.000000000000000000e+00 7.500845952239016697e+03 1.246203468716641538e+02 1.163698151281262290e+04 1.669762833310467613e+04 0.000000000000000000e+00 0.000000000000000000e+00
1.427450980392156767e-02 0.000000000000000000e+00 7.500845952239016697e+03 1.246203468716641538e+02 1.163698151281262290e+04 1.669762833310467613e+04 0.000000000000000000e+00 0.000000000000000000e+00
1.482352941176470588e-02 0.000000000000000000e+00 7.500845952239016697e+03 1.246203468716641538e+02 1.163698151281262290e+04 1.669762833310467613e+04 0.000000000000000000e+00 0.000000000000000000e+00
1.537254901960784237e-02 0.000000000000000000e+00 7.500845952239016697e+03 1.246203468716641538e+02 1.163698151281262290e+04 1.669762833310467613e+04 0.000000000000000000e+00 0.000000000000000000e+00
1.592156862745098059e-02 0.000000000000000000e+00 7.500845952239016697e+03 1.246203468716641538e+02 1.163698151281262290e+04 1.669762833310467613e+04 0.000000000000000000e+00 0.000000000000000000e+00
1.647058823529411881e-02 0.000000000000000000e+00 6.952535163888090210e+03 1.149857329760601914e+02 1.090439401119129434e+04 1.540670589547554846e+04 4.154162563629237411e+03 0.000000000000000000e+00
1.701960784313725356e-02 0.000000000000000000e+00 6.952535163888090210e+03 1.149857329760601914e+02 1.090439401119129434e+04 1.540670589547554846e+04 4.154162563629237411e+03 0.000000000000000000e+00
1.756862745098039177e-02 0.000000000000000000e+00 6.952535163888090210e+03 1.149857329760601914e+02 1.090439401119129434e+04 1.540670589547554846e+04 4.154162563629237411e+03 0.000000000000000000e+00
1.811764705882352999e-02 0.000000000000000000e+00 7.500845952239016697e+03 1.246203468716641538e+02 1.163698151281262290e+04 1.669762833310467613e+04 0.000000000000000000e+00 0.000000000000000000e+00
1.866666666666666474e-02 0.000000000000000000e+00 7.500845952239016697e+03 1.246203468716641538e+02 1.163698151281262290e+04 1.669762833310467613e+04 0.000000000000000000e+00 0.000000000000000000e+00
1.921568627450980296e-02 0.000000000000000000e+00 7.500845952239016697e+03 1.246203468716641538e+02 1.163698151281262290e+04 1.669762833310467613e+04 0.000000000000000000e+00 0.000000000000000000e+00
1.976470588235294118e-02 0.000000000000000000e+00 7.500845952239016697e+03 1.246203468716641538e+02 1.163698151281262290e+04 1.669762833310467613e+04 0.000000000000000000e+00 0.000000000000000000e+00
2.031372549019607940e-02 0.000000000000000000e+00 7.500845952239016697e+03 1.246203468716641538e+02 1.163698151281262290e+04 1.669762833310467613e+04 0.000000000000000000e+00 0.000000000000000000e+00
2.086274509803921415e-02 0.000000000000000000e+00 7.500845952239016697e+03 1.246203468716641538e+02 1.163698151281262290e+04 1.669762833310467613e+04 0.000000000000000000e+00 0.000000000000000000e+00
2.141176470588235237e-02 0.000000000000000000e+00 7.500845952239016697e+03 1.246203468716641538e+02 1.163698151281262290e+04 1.669762833310467613e+04 0.000000000000000000e+00 0.000000000000000000e+00
2.196078431372549059e-02 0.000000000000000000e+00 7.500845952239016697e+03 1.246203468716641538e+02 1.163698151281262290e+04 1.669762833310467613e+04 0.000000000000000000e+00 0.000000000000000000e+00
2.250980392156862533e-02 0.000000000000000000e+00 6.952535163888090210e+03 1.149857329760601914e+02 1.090439401119129434e+04 1.540670589547554846e+04 4.154162563629237411e+03 0.000000000000000000e+00
2.305882352941176355e-02 0.000000000000000000e+00 7.500845952239016697e+03 1.246203468716641538e+02 1.163698151281262290e+04 1.669762833310467613e+04 0.000000000000000000e+00 0.000000000000000000e+00
2.360784313725490177e-02 0.000000000000000000e+00 7.500845952239016697e+03 1.246203468716641538e+02 1.163698151281262290e+04 1.669762833310467613e+04 0.000000000000000000e+00 0.000000000000000000e+00
2.415686274509803999e-02 0.000000000000000000e+00 7.500845952239016697e+03 1.246203468716641538e+02 1.163698151281262290e+04 1.669762833310467613e+04 0.000000000000000000e+00 0.000000000000000000e+00
2.470588235294117474e-02 0.000000000000000000e+00 7.500845952239016697e+03 1.246203468716641538e+02 1.163698151281262290e+04 1.669762833310467613e+04 0.000000000000000000e+00 0.000000000000000000e+00
2.525490196078431296e-02 0.000000000000000000e+00 7.500845952239016697e+03 1.246203468716641538e+02 1.163698151281262290e+04 1.669762833310467613e+04 0.000000000000000000e+00 0.000000000000000000e+00
2.580392156862745118e-02 0.000000000000000000e+00 7.500845952239016697e+03 1.246203468716641538e+02 1.163698151281262290e+04 1.669762833310467613e+04 0.000000000000000000e+00 0.000000000000000000e+00
2.635294117647058593e-02 0.000000000000000000e+00 7.500845952239016697e+03 1.246203468716641538e+02 1.163698151281262290e+04 1.669762833310467613e+04 0.000000000000000000e+00 0.000000000000000000e+00
2.690196078431372415e-02 0.000000000000000000e+00 7.500845952239016697e+03 1.246203468716641538e+02 1.163698151281262290e+04 1.669762833310467613e+04 0.000000000000000000e+00 0.000000000000000000e+00
2.745098039215686236e-02 0.000000000000000000e+00 0.000000000000000000e+00 0.000000000000000000e+00 0.000000000000000000e+00 0.000000000000000000e+00 0.000000000000000000e+00 0.000000000000000000e+00
