0.000000000000000000e+00 1.000000000000000000e+00 6.000000000000000000e+00 7.000000000000000000e+00 8.000000000000000000e+00 1.400000000000000000e+01 2.600000000000000000e+01 2.900000000000000000e+01
0.000000000000000000e+00 0.000000000000000000e+00 6.968183182231516639e+02 2.954094120301762507e-05 4.886688280402058808e+02 1.614920165023159461e+04 0.000000000000000000e+00 0.000000000000000000e+00
1.386138613861386286e-04 0.000000000000000000e+00 7.545596163403182572e+02 1.865930661588719266e-05 4.812170582233192704e+02 1.741101007632493202e+04 0.000000000000000000e+00 0.000000000000000000e+00
2.772277227722772571e-04 0.000000000000000000e+00 7.904514811208819083e+02 1.427163166375730342e-05 4.783393636979253074e+02 1.816032994959408825e+04 0.000000000000000000e+00 0.000000000000000000e+00
4.158415841584158857e-04 0.000000000000000000e+00 7.996554952402856316e+02 1.264950260243414895e-05 4.781089577522492391e+02 1.859955903052844224e+04 0.000000000000000000e+00 0.000000000000000000e+00
5.544554455445545142e-04 0.000000000000000000e+00 8.014161108051374640e+02 1.248946185398700263e-05 4.780919580286991390e+02 1.876962811248297658e+04 0.000000000000000000e+00 0.000000000000000000e+00
6.930693069306931428e-04 0.000000000000000000e+00 8.016043284949679446e+02 1.248297310117051822e-05 4.780911210887037441e+02 1.880307256902485460e+04 0.000000000000000000e+00 0.000000000000000000e+00
8.316831683168317713e-04 0.000000000000000000e+00 8.016043284949679446e+02 1.248296649727187013e-05 4.780911210887037441e+02 1.880316701966536493e+04 0.000000000000000000e+00 0.000000000000000000e+00
9.702970297029703999e-04 0.000000000000000000e+00 8.016043284949679446e+02 1.248296649727187013e-05 4.780911210887037441e+02 1.880316701966536493e+04 0.000000000000000000e+00 0.000000000000000000e+00
1.108910891089109028e-03 0.000000000000000000e+00 6.231160621203038090e+02 1.790815469915414053e-05 4.407549643653855469e+02 1.640910010102584783e+04 8.449371128374503996e+02 0.000000000000000000e+00
1.247524752475247765e-03 0.000000000000000000e+00 5.858637900635583264e+02 2.347178686351791553e-05 4.448517456503992094e+02 1.564410766559767580e+04 8.523687163109527773e+02 0.000000000000000000e+00
1.386138613861386286e-03 0.000000000000000000e+00 5.779749695830812470e+02 2.679228347158912156e-05 4.452380028750293377e+02 1.520648566037105411e+04 8.535465321861644270e+02 0.000000000000000000e+00
1.524752475247524806e-03 0.000000000000000000e+00 5.766445759426811719e+02 2.737390767630587892e-05 4.452705024619634173e+02 1.502560776365626771e+04 8.537034604961640980e+02 0.000000000000000000e+00
1.663366336633663543e-03 0.000000000000000000e+00 5.765034657017836253e+02 2.740556678455987059e-05 4.452724821128475696e+02 1.498309839078923324e+04 8.537173830086953785e+02 0.000000000000000000e+00
1.801980198019802280e-03 0.000000000000000000e+00 5.765020982366321505e+02 2.740587020076932186e-05 4.452724982427553755e+02 1.498201838697974199e+04 8.537175155040046093e+02 0.000000000000000000e+00
1.940594059405940800e-03 0.000000000000000000e+00 5.765020982366321505e+02 2.740587020076932186e-05 4.452724982427553755e+02 1.498201838697974199e+04 8.537175155040046093e+02 0.000000000000000000e+00
2.079207920792079320e-03 0.000000000000000000e+00 5.373023989894254555e+02 2.608459169107917865e-05 4.349543623455404031e+02 1.394248115124877222e+04 0.000000000000000000e+00 5.159413917140254853e+03
2.217821782178218057e-03 0.000000000000000000e+00 5.222491297641324763e+02 2.594863290031001359e-05 4.343541652949566014e+02 1.351786933000735007e+04 0.000000000000000000e+00 5.485020840384862822e+03
2.356435643564356794e-03 0.000000000000000000e+00 5.187968383688743188e+02 2.587702082116742177e-05 4.342842743211987795e+02 1.327016717244353094e+04 0.000000000000000000e+00 5.583616828776622242e+03
2.495049504950495531e-03 0.000000000000000000e+00 5.182011488531543364e+02 2.586016992710579276e-05 4.342783613127302260e+02 1.315593140417370887e+04 0.000000000000000000e+00 5.605828195468865488e+03
2.633663366336633834e-03 0.000000000000000000e+00 5.181308902305236188e+02 2.585917277508905675e-05 4.342779690049343344e+02 1.312467751567222331e+04 0.000000000000000000e+00 5.609118853365552241e+03
2.772277227722772571e-03 0.000000000000000000e+00 5.181286483821775164e+02 2.585915284107029953e-05 4.342779598173996760e+02 1.312272709604705960e+04 0.000000000000000000e+00 5.609242033187893867e+03
2.910891089108911308e-03 0.000000000000000000e+00 5.181286483821775164e+02 2.585915284107029953e-05 4.342779598173996760e+02 1.312272709604705960e+04 0.000000000000000000e+00 5.609242033187893867e+03
3.049504950495049611e-03 0.000000000000000000e+00 6.815564807431140935e+02 2.401172773903060493e-05 4.856860080861366100e+02 1.556709827257275538e+04 0.000000000000000000e+00 0.000000000000000000e+00
3.188118811881188348e-03 0.000000000000000000e+00 7.625013118229211386e+02 1.658998051847257772e-05 4.792382758681329733e+02 1.713438896900530381e+04 0.000000000000000000e+00 0.000000000000000000e+00
3.326732673267327085e-03 0.000000000000000000e+00 7.929416711605523460e+02 1.340520425138017407e-05 4.781816337156031409e+02 1.810127710093769929e+04 0.000000000000000000e+00 0.000000000000000000e+00
3.465346534653465822e-03 0.000000000000000000e+00 8.002952212148450144e+02 1.253831572686487184e-05 4.780970515621067989e+02 1.861705270500423285e+04 0.000000000000000000e+00 0.000000000000000000e+00
3.603960396039604559e-03 0.000000000000000000e+00 8.015221316588294940e+02 1.248443664288081262e-05 4.780913225575336583e+02 1.878446093449376713e+04 0.000000000000000000e+00 0.000000000000000000e+00
3.742574257425742863e-03 0.000000000000000000e+00 8.016043284949679446e+02 1.248296649727187013e-05 4.780911210887037441e+02 1.880316701966536493e+04 0.000000000000000000e+00 0.000000000000000000e+00
3.881188118811881600e-03 0.000000000000000000e+00 8.016043284949679446e+02 1.248296649727187013e-05 4.780911210887037441e+02 1.880316701966536493e+04 0.000000000000000000e+00 0.000000000000000000e+00
4.019801980198019903e-03 0.000000000000000000e+00 6.578361176411640372e+02 1.259902016953011789e-05 4.363046983833953050e+02 1.725393256194104106e+04 8.376334702987130640e+02 0.000000000000000000e+00
4.158415841584158640e-03 0.000000000000000000e+00 6.036378191231370920e+02 2.015530055789284999e-05 4.431766796821060552e+02 1.608718958075482442e+04 8.490122499857038747e+02 0.000000000000000000e+00
4.297029702970297377e-03 0.000000000000000000e+00 5.815785685002222181e+02 2.494981631817859571e-05 4.450897532961073466e+02 1.545617362803968172e+04 8.530374315038556006e+02 0.000000000000000000e+00
4.435643564356436114e-03 0.000000000000000000e+00 5.772042025722311109e+02 2.717933804654097720e-05 4.452586553298745002e+02 1.511774966977828262e+04 8.536403588111572844e+02 0.000000000000000000e+00
4.574257425742574851e-03 0.000000000000000000e+00 5.380107027315862069e+02 2.608285102715591683e-05 4.349829032986182824e+02 1.398010466724431171e+04 0.000000000000000000e+00 5.146340853294458611e+03
4.712871287128713588e-03 0.000000000000000000e+00 5.225125836320423787e+02 2.595218297744274907e-05 4.343615702757298322e+02 1.352934351275403969e+04 0.000000000000000000e+00 5.478383722621095330e+03
4.851485148514852325e-03 0.000000000000000000e+00 5.188465746128421188e+02 2.587862072735262764e-05 4.342849112576705011e+02 1.327666432895137768e+04 0.000000000000000000e+00 5.581935463190400696e+03
4.990099009900991062e-03 0.000000000000000000e+00 5.182080690083298578e+02 2.586029316033067673e-05 4.342784081234718769e+02 1.315819350569245944e+04 0.000000000000000000e+00 5.605529643957599546e+03
5.128712871287128931e-03 0.000000000000000000e+00 7.315971673122120364e+02 1.899266802076357045e-05 4.813606034020323818e+02 1.656656652085448877e+04 0.000000000000000000e+00 0.000000000000000000e+00
5.267326732673267668e-03 0.000000000000000000e+00 7.845561979839014839e+02 1.444215495577191441e-05 4.783523817441833899e+02 1.774185307865182040e+04 0.000000000000000000e+00 0.000000000000000000e+00
5.405940594059406405e-03 0.000000000000000000e+00 7.985038652996631754e+02 1.268612860140390455e-05 4.781101895239934834e+02 1.845247739195681424e+04 0.000000000000000000e+00 0.000000000000000000e+00
5.544554455445545142e-03 0.000000000000000000e+00 6.490481777158508976e+02 1.442194185392513958e-05 4.373640520530541380e+02 1.690477243673738485e+04 8.394200963977524452e+02 0.000000000000000000e+00
5.683168316831683879e-03 0.000000000000000000e+00 5.968392624195072358e+02 2.116432275603238622e-05 4.439093676178686678e+02 1.594783584547922874e+04 8.503642852791358564e+02 0.000000000000000000e+00
5.821782178217822616e-03 0.000000000000000000e+00 5.416653856242285201e+02 2.435263669128932083e-05 4.348850357758744281e+02 1.434501729443032491e+04 0.000000000000000000e+00 5.166547371931344060e+03
5.960396039603961353e-03 0.000000000000000000e+00 5.230552887850258230e+02 2.582606267922854027e-05 4.343576006571717585e+02 1.363013718878797408e+04 0.000000000000000000e+00 5.478983629241170092e+03
6.099009900990099223e-03 0.000000000000000000e+00 7.127100667666280742e+02 2.057760195567755746e-05 4.830617533435585074e+02 1.642283221173302809e+04 0.000000000000000000e+00 0.000000000000000000e+00
6.237623762376237960e-03 0.000000000000000000e+00 7.784073544449126985e+02 1.513444998528668746e-05 4.785380133944857448e+02 1.757741051900112507e+04 0.000000000000000000e+00 0.000000000000000000e+00
6.376237623762376697e-03 0.000000000000000000e+00 7.970053628850574796e+02 1.286022118858702212e-05 4.781251663415281428e+02 1.834310206527099581e+04 0.000000000000000000e+00 0.000000000000000000e+00
6.514851485148515434e-03 0.000000000000000000e+00 8.010430757999339448e+02 1.250040504205982601e-05 4.780930152292872322e+02 1.870486111243225241e+04 0.000000000000000000e+00 0.000000000000000000e+00
6.653465346534654171e-03 0.000000000000000000e+00 8.015935792803335289e+02 1.248315825943059732e-05 4.780911443311902644e+02 1.879962317814403286e+04 0.000000000000000000e+00 0.000000000000000000e+00
6.792079207920792908e-03 0.000000000000000000e+00 8.016043284949679446e+02 1.248296649727187013e-05 4.780911210887037441e+02 1.880316701966536493e+04 0.000000000000000000e+00 0.000000000000000000e+00
6.930693069306931645e-03 0.000000000000000000e+00 8.016043284949679446e+02 1.248296649727187013e-05 4.780911210887037441e+02 1.880316701966536493e+04 0.000000000000000000e+00 0.000000000000000000e+00
7.069306930693070382e-03 0.000000000000000000e+00 8.016043284949679446e+02 1.248296649727188199e-05 4.780911210887037441e+02 1.880316701966536493e+04 0.000000000000000000e+00 0.000000000000000000e+00
7.207920792079209119e-03 0.000000000000000000e+00 8.016043284949679446e+02 1.248296649727188029e-05 4.780911210887037441e+02 1.880316701966536493e+04 0.000000000000000000e+00 0.000000000000000000e+00
7.346534653465346988e-03 0.000000000000000000e+00 8.016043284949679446e+02 1.248296649727187860e-05 4.780911210887037441e+02 1.880316701966536493e+04 0.000000000000000000e+00 0.000000000000000000e+00
7.485148514851485725e-03 0.000000000000000000e+00 8.016043284949679446e+02 1.248296649727187013e-05 4.780911210887037441e+02 1.880316701966536493e+04 0.000000000000000000e+00 0.000000000000000000e+00
7.623762376237624462e-03 0.000000000000000000e+00 8.016043284949679446e+02 1.248296649727187013e-05 4.780911210887037441e+02 1.880316701966536493e+04 0.000000000000000000e+00 0.000000000000000000e+00
7.762376237623763199e-03 0.000000000000000000e+00 8.016043284949679446e+02 1.248296649727187013e-05 4.780911210887037441e+02 1.880316701966536493e+04 0.000000000000000000e+00 0.000000000000000000e+00
7.900990099009901069e-03 0.000000000000000000e+00 8.016043284949679446e+02 1.248296649727187013e-05 4.780911210887037441e+02 1.880316701966536493e+04 0.000000000000000000e+00 0.000000000000000000e+00
8.039603960396039806e-03 0.000000000000000000e+00 8.016043284949679446e+02 1.248296649727187013e-05 4.780911210887037441e+02 1.880316701966536493e+04 0.000000000000000000e+00 0.000000000000000000e+00
8.178217821782178543e-03 0.000000000000000000e+00 8.016043284949679446e+02 1.248296649727187013e-05 4.780911210887037441e+02 1.880316701966536493e+04 0.000000000000000000e+00 0.000000000000000000e+00
8.316831683168317280e-03 0.000000000000000000e+00 8.016043284949679446e+02 1.248296649727187013e-05 4.780911210887037441e+02 1.880316701966536493e+04 0.000000000000000000e+00 0.000000000000000000e+00
8.455445544554456017e-03 0.000000000000000000e+00 8.016043284949679446e+02 1.248296649727187013e-05 4.780911210887037441e+02 1.880316701966536493e+04 0.000000000000000000e+00 0.000000000000000000e+00
8.594059405940594754e-03 0.000000000000000000e+00 8.016043284949679446e+02 1.248296649727187013e-05 4.780911210887037441e+02 1.880316701966536493e+04 0.000000000000000000e+00 0.000000000000000000e+00
8.732673267326733491e-03 0.000000000000000000e+00 8.016043284949679446e+02 1.248296649727187013e-05 4.780911210887037441e+02 1.880316701966536493e+04 0.000000000000000000e+00 0.000000000000000000e+00
8.871287128712872228e-03 0.000000000000000000e+00 8.016043284949679446e+02 1.248296649727187013e-05 4.780911210887037441e+02 1.880316701966536493e+04 0.000000000000000000e+00 0.000000000000000000e+00
9.009900990099010964e-03 0.000000000000000000e+00 8.016043284949679446e+02 1.248296649727187013e-05 4.780911210887037441e+02 1.880316701966536493e+04 0.000000000000000000e+00 0.000000000000000000e+00
9.148514851485149701e-03 0.000000000000000000e+00 8.016043284949679446e+02 1.248296649727187013e-05 4.780911210887037441e+02 1.880316701966536493e+04 0.000000000000000000e+00 0.000000000000000000e+00
9.287128712871288438e-03 0.000000000000000000e+00 8.016043284949679446e+02 1.248296649727187013e-05 4.780911210887037441e+02 1.880316701966536493e+04 0.000000000000000000e+00 0.000000000000000000e+00
9.425742574257427175e-03 0.000000000000000000e+00 8.016043284949679446e+02 1.248296649727187013e-05 4.780911210887037441e+02 1.880316701966536493e+04 0.000000000000000000e+00 0.000000000000000000e+00
9.564356435643565912e-03 0.000000000000000000e+00 8.016043284949679446e+02 1.248296649727187013e-05 4.780911210887037441e+02 1.880316701966536493e+04 0.000000000000000000e+00 0.000000000000000000e+00
9.702970297029704649e-03 0.000000000000000000e+00 8.016043284949679446e+02 1.248296649727187013e-05 4.780911210887037441e+02 1.880316701966536493e+04 0.000000000000000000e+00 0.000000000000000000e+00
9.841584158415843386e-03 0.000000000000000000e+00 8.016043284949679446e+02 1.248296649727187013e-05 4.780911210887037441e+02 1.880316701966536493e+04 0.000000000000000000e+00 0.000000000000000000e+00
9.980198019801982123e-03 0.000000000000000000e+00 8.016043284949679446e+02 1.248296649727187013e-05 4.780911210887037441e+02 1.880316701966536493e+04 0.000000000000000000e+00 0.000000000000000000e+00
1.011881188118811913e-02 0.000000000000000000e+00 8.016043284949679446e+02 1.248296649727187013e-05 4.780911210887037441e+02 1.880316701966536493e+04 0.000000000000000000e+00 0.000000000000000000e+00
1.025742574257425786e-02 0.000000000000000000e+00 8.016043284949679446e+02 1.248296649727187013e-05 4.780911210887037441e+02 1.880316701966536493e+04 0.000000000000000000e+00 0.000000000000000000e+00
1.039603960396039660e-02 0.000000000000000000e+00 8.016043284949679446e+02 1.248296649727187013e-05 4.780911210887037441e+02 1.880316701966536493e+04 0.000000000000000000e+00 0.000000000000000000e+00
1.053465346534653534e-02 0.000000000000000000e+00 8.016043284949679446e+02 1.248296649727187013e-05 4.780911210887037441e+02 1.880316701966536493e+04 0.000000000000000000e+00 0.000000000000000000e+00
1.067326732673267407e-02 0.000000000000000000e+00 8.016043284949679446e+02 1.248296649727187013e-05 4.780911210887037441e+02 1.880316701966536493e+04 0.000000000000000000e+00 0.000000000000000000e+00
1.081188118811881281e-02 0.000000000000000000e+00 8.016043284949679446e+02 1.248296649727187013e-05 4.780911210887037441e+02 1.880316701966536493e+04 0.000000000000000000e+00 0.000000000000000000e+00
1.095049504950495155e-02 0.000000000000000000e+00 8.016043284949679446e+02 1.248296649727187013e-05 4.780911210887037441e+02 1.880316701966536493e+04 0.000000000000000000e+00 0.000000000000000000e+00
1.108910891089109028e-02 0.000000000000000000e+00 8.016043284949679446e+02 1.248296649727187013e-05 4.780911210887037441e+02 1.880316701966536493e+04 0.000000000000000000e+00 0.000000000000000000e+00
1.122772277227722902e-02 0.000000000000000000e+00 8.016043284949679446e+02 1.248296649727187013e-05 4.780911210887037441e+02 1.880316701966536493e+04 0.000000000000000000e+00 0.000000000000000000e+00
1.136633663366336776e-02 0.000000000000000000e+00 8.016043284949679446e+02 1.248296649727187013e-05 4.780911210887037441e+02 1.880316701966536493e+04 0.000000000000000000e+00 0.000000000000000000e+00
1.150495049504950650e-02 0.000000000000000000e+00 8.016043284949679446e+02 1.248296649727187013e-05 4.780911210887037441e+02 1.880316701966536493e+04 0.000000000000000000e+00 0.000000000000000000e+00
1.164356435643564523e-02 0.000000000000000000e+00 8.016043284949679446e+02 1.248296649727187013e-05 4.780911210887037441e+02 1.880316701966536493e+04 0.000000000000000000e+00 0.000000000000000000e+00
1.178217821782178397e-02 0.000000000000000000e+00 8.016043284949679446e+02 1.248296649727187013e-05 4.780911210887037441e+02 1.880316701966536493e+04 0.000000000000000000e+00 0.000000000000000000e+00
1.192079207920792271e-02 0.000000000000000000e+00 8.016043284949679446e+02 1.248296649727187013e-05 4.780911210887037441e+02 1.880316701966536493e+04 0.000000000000000000e+00 0.000000000000000000e+00
1.205940594059406144e-02 0.000000000000000000e+00 8.016043284949679446e+02 1.248296649727187013e-05 4.780911210887037441e+02 1.880316701966536493e+04 0.000000000000000000e+00 0.000000000000000000e+00
1.219801980198019845e-02 0.000000000000000000e+00 8.016043284949679446e+02 1.248296649727187013e-05 4.780911210887037441e+02 1.880316701966536493e+04 0.000000000000000000e+00 0.000000000000000000e+00
1.233663366336633718e-02 0.000000000000000000e+00 8.016043284949679446e+02 1.248296649727187013e-05 4.780911210887037441e+02 1.880316701966536493e+04 0.000000000000000000e+00 0.000000000000000000e+00
1.247524752475247592e-02 0.000000000000000000e+00 8.016043284949679446e+02 1.248296649727187013e-05 4.780911210887037441e+02 1.880316701966536493e+04 0.000000000000000000e+00 0.000000000000000000e+00
1.261386138613861466e-02 0.000000000000000000e+00 8.016043284949679446e+02 1.248296649727187013e-05 4.780911210887037441e+02 1.880316701966536493e+04 0.000000000000000000e+00 0.000000000000000000e+00
1.275247524752475339e-02 0.000000000000000000e+00 8.016043284949679446e+02 1.248296649727187013e-05 4.780911210887037441e+02 1.880316701966536493e+04 0.000000000000000000e+00 0.000000000000000000e+00
1.289108910891089213e-02 0.000000000000000000e+00 8.016043284949679446e+02 1.248296649727187013e-05 4.780911210887037441e+02 1.880316701966536493e+04 0.000000000000000000e+00 0.000000000000000000e+00
1.302970297029703087e-02 0.000000000000000000e+00 8.016043284949679446e+02 1.248296649727187013e-05 4.780911210887037441e+02 1.880316701966536493e+04 0.000000000000000000e+00 0.000000000000000000e+00
1.316831683168316960e-02 0.000000000000000000e+00 8.016043284949679446e+02 1.248296649727187013e-05 4.780911210887037441e+02 1.880316701966536493e+04 0.000000000000000000e+00 0.000000000000000000e+00
1.330693069306930834e-02 0.000000000000000000e+00 8.016043284949679446e+02 1.248296649727187013e-05 4.780911210887037441e+02 1.880316701966536493e+04 0.000000000000000000e+00 0.000000000000000000e+00
1.344554455445544708e-02 0.000000000000000000e+00 8.016043284949679446e+02 1.248296649727187013e-05 4.780911210887037441e+02 1.880316701966536493e+04 0.000000000000000000e+00 0.000000000000000000e+00
1.358415841584158582e-02 0.000000000000000000e+00 8.016043284949679446e+02 1.248296649727187013e-05 4.780911210887037441e+02 1.880316701966536493e+04 0.000000000000000000e+00 0.000000000000000000e+00
1.372277227722772455e-02 0.000000000000000000e+00 8.016043284949679446e+02 1.248296649727187013e-05 4.780911210887037441e+02 1.880316701966536493e+04 0.000000000000000000e+00 0.000000000000000000e+00
1.386138613861386329e-02 0.000000000000000000e+00 0.000000000000000000e+00 0.000000000000000000e+00 0.000000000000000000e+00 0.000000000000000000e+00 0.000000000000000000e+00 0.000000000000000000e+00
