0.000000000000000000e+00 1.000000000000000000e+00 6.000000000000000000e+00 7.000000000000000000e+00 8.000000000000000000e+00 1.400000000000000000e+01 2.600000000000000000e+01 2.900000000000000000e+01
0.000000000000000000e+00 0.000000000000000000e+00 8.016043284949679446e+02 1.248296649727187013e-05 4.780911210887037441e+02 1.880316701966536493e+04 0.000000000000000000e+00 0.000000000000000000e+00
1.386138613861386286e-04 0.000000000000000000e+00 8.016043284949679446e+02 1.248296649727187013e-05 4.780911210887037441e+02 1.880316701966536493e+04 0.000000000000000000e+00 0.000000000000000000e+00
2.772277227722772571e-04 0.000000000000000000e+00 8.016043284949679446e+02 1.248420756348641233e-05 4.780911210887037441e+02 1.879253108212168809e+04 0.000000000000000000e+00 0.000000000000000000e+00
4.158415841584158857e-04 0.000000000000000000e+00 8.015061650645735654e+02 1.251572342938267726e-05 4.780915249638085811e+02 1.870853066507159747e+04 0.000000000000000000e+00 0.000000000000000000e+00
5.544554455445545142e-04 0.000000000000000000e+00 8.003312656728091952e+02 1.291966266156184132e-05 4.781011999517514823e+02 1.846251226520883210e+04 0.000000000000000000e+00 0.000000000000000000e+00
6.930693069306931428e-04 0.000000000000000000e+00 7.936493634242940516e+02 1.507388391741635545e-05 4.782382932502150652e+02 1.796868546294237603e+04 0.000000000000000000e+00 0.000000000000000000e+00
8.316831683168317713e-04 0.000000000000000000e+00 7.665209442336959000e+02 1.987096894969270599e-05 4.799448889189997089e+02 1.721425969492208242e+04 0.000000000000000000e+00 0.000000000000000000e+00
9.702970297029703999e-04 0.000000000000000000e+00 7.044208022241939489e+02 2.852700324262925856e-05 4.876249704321831473e+02 1.623272689668327439e+04 0.000000000000000000e+00 0.000000000000000000e+00
1.108910891089109028e-03 0.000000000000000000e+00 5.765020982366321505e+02 2.740587020076932186e-05 4.452724982427553755e+02 1.498201838697974199e+04 8.537175155040046093e+02 0.000000000000000000e+00
1.247524752475247765e-03 0.000000000000000000e+00 5.765020982366321505e+02 2.740585079685837246e-05 4.452724982427553755e+02 1.497988656521384110e+04 8.537175155040046093e+02 0.000000000000000000e+00
1.386138613861386286e-03 0.000000000000000000e+00 5.764950543323134298e+02 2.740518352773513975e-05 4.452724764431044946e+02 1.495159843459996773e+04 8.537186309578355576e+02 0.000000000000000000e+00
1.524752475247524806e-03 0.000000000000000000e+00 5.763571708046017648e+02 2.739707836701756556e-05 4.452718189118760392e+02 1.485806283159454142e+04 8.537453478981419721e+02 0.000000000000000000e+00
1.663366336633663543e-03 0.000000000000000000e+00 5.753604792368553262e+02 2.734697407517766701e-05 4.452626001198118502e+02 1.465129445964650040e+04 8.539999609180061952e+02 0.000000000000000000e+00
1.801980198019802280e-03 0.000000000000000000e+00 5.703086534390905626e+02 2.724631755872560217e-05 4.451566120568253950e+02 1.432155171504052305e+04 8.557929197766973175e+02 0.000000000000000000e+00
1.940594059405940800e-03 0.000000000000000000e+00 5.531100744144014243e+02 2.708469722901549315e-05 4.444592167408882801e+02 1.385615433694869535e+04 8.639818497269474165e+02 0.000000000000000000e+00
2.079207920792079320e-03 0.000000000000000000e+00 5.181286483821775164e+02 2.585915284107029953e-05 4.342779598173996760e+02 1.312272709604705960e+04 0.000000000000000000e+00 5.609242033187893867e+03
2.217821782178218057e-03 0.000000000000000000e+00 5.181286483821775164e+02 2.585885356375194173e-05 4.342779598173996760e+02 1.312432101192000482e+04 0.000000000000000000e+00 5.609242033187893867e+03
2.356435643564356794e-03 0.000000000000000000e+00 5.181332438994543281e+02 2.583910508841835244e-05 4.342779130313923019e+02 1.317217638702819204e+04 0.000000000000000000e+00 5.609235702980298811e+03
2.495049504950495531e-03 0.000000000000000000e+00 5.183370195047592688e+02 2.558131062139488556e-05 4.342753665316680554e+02 1.336190387253033259e+04 0.000000000000000000e+00 5.609010475566166861e+03
2.633663366336633834e-03 0.000000000000000000e+00 5.202085970609995229e+02 2.362437809890985345e-05 4.342360608244520677e+02 1.383261194907928984e+04 0.000000000000000000e+00 5.607489397268459470e+03
2.772277227722772571e-03 0.000000000000000000e+00 5.316982448788103284e+02 1.966812172865162905e-05 4.337712995706661445e+02 1.466229586161633597e+04 0.000000000000000000e+00 5.600989230249258981e+03
2.910891089108911308e-03 0.000000000000000000e+00 5.868668840756264444e+02 1.417036980167793037e-05 4.294076844874492735e+02 1.598025185049544416e+04 0.000000000000000000e+00 5.580310007148584191e+03
3.049504950495049611e-03 0.000000000000000000e+00 8.016043284949679446e+02 1.248296649727187013e-05 4.780911210887037441e+02 1.880316701966536493e+04 0.000000000000000000e+00 0.000000000000000000e+00
3.188118811881188348e-03 0.000000000000000000e+00 8.016043284949679446e+02 1.248297787080733859e-05 4.780911210887037441e+02 1.880300500725888560e+04 0.000000000000000000e+00 0.000000000000000000e+00
3.326732673267327085e-03 0.000000000000000000e+00 8.016028854249678943e+02 1.248766503012832156e-05 4.780911259050180888e+02 1.877494809201571479e+04 0.000000000000000000e+00 0.000000000000000000e+00
3.465346534653465822e-03 0.000000000000000000e+00 8.013289456000278506e+02 1.256916509480970303e-05 4.780924413135355735e+02 1.864487900752834685e+04 0.000000000000000000e+00 0.000000000000000000e+00
3.603960396039604559e-03 0.000000000000000000e+00 7.990542552042322768e+02 1.344689331608704688e-05 4.781170212479846100e+02 1.831400273987622131e+04 0.000000000000000000e+00 0.000000000000000000e+00
3.742574257425742863e-03 0.000000000000000000e+00 7.877929904840671043e+02 1.640692158096790574e-05 4.784404816085641414e+02 1.773016606105018946e+04 0.000000000000000000e+00 0.000000000000000000e+00
3.881188118811881600e-03 0.000000000000000000e+00 7.450363483161893328e+02 2.264012373632754679e-05 4.823743653246220902e+02 1.683035319437503495e+04 0.000000000000000000e+00 0.000000000000000000e+00
4.019801980198019903e-03 0.000000000000000000e+00 5.763691256099990596e+02 2.739779101197303013e-05 4.452718879227554112e+02 1.486306447598239538e+04 8.537428298973668461e+02 0.000000000000000000e+00
4.158415841584158640e-03 0.000000000000000000e+00 5.754344012274353872e+02 2.734963991944378461e-05 4.452634781786367171e+02 1.466069314147690784e+04 8.539789880367304704e+02 0.000000000000000000e+00
4.297029702970297377e-03 0.000000000000000000e+00 5.706558185832446952e+02 2.724561909478397695e-05 4.451666460266849299e+02 1.435476218564563533e+04 8.556522870974724810e+02 0.000000000000000000e+00
4.435643564356436114e-03 0.000000000000000000e+00 5.537900414888575824e+02 2.699026684304362374e-05 4.444849362428798827e+02 1.401113487343240922e+04 8.636673383560108732e+02 0.000000000000000000e+00
4.574257425742574851e-03 0.000000000000000000e+00 5.189718338294604791e+02 2.480331684656174345e-05 4.342642759058022079e+02 1.358832209157474790e+04 0.000000000000000000e+00 5.608440489762692778e+03
4.712871287128713588e-03 0.000000000000000000e+00 5.244810257437851533e+02 2.154723023051915401e-05 4.340973906176096762e+02 1.425711362007866592e+04 0.000000000000000000e+00 5.604771558094115790e+03
4.851485148514852325e-03 0.000000000000000000e+00 5.545636036961931268e+02 1.675028809285705923e-05 4.321665349513403953e+02 1.531052680866988339e+04 0.000000000000000000e+00 5.591416085037325502e+03
4.990099009900991062e-03 0.000000000000000000e+00 6.238691810565971991e+02 1.122364561193502947e-05 4.261946738068757554e+02 1.650564884703497228e+04 0.000000000000000000e+00 5.565373500573432466e+03
5.128712871287128931e-03 0.000000000000000000e+00 7.980454701157444788e+02 1.380963618935060110e-05 4.781333998341294773e+02 1.819604912014217189e+04 0.000000000000000000e+00 0.000000000000000000e+00
5.267326732673267668e-03 0.000000000000000000e+00 7.834309096066104985e+02 1.720736925284940342e-05 4.786418358790540992e+02 1.748246625021900763e+04 0.000000000000000000e+00 0.000000000000000000e+00
5.405940594059406405e-03 0.000000000000000000e+00 7.311677722556759136e+02 2.420376090542322530e-05 4.840052288923085939e+02 1.644440311122425192e+04 0.000000000000000000e+00 0.000000000000000000e+00
5.544554455445545142e-03 0.000000000000000000e+00 5.714219234316454958e+02 2.657282267197837695e-05 4.451631747852947569e+02 1.473362875417582109e+04 8.554831905109845138e+02 0.000000000000000000e+00
5.683168316831683879e-03 0.000000000000000000e+00 5.586480587024616398e+02 2.346098271641130386e-05 4.443867257415523682e+02 1.488569403121570031e+04 8.625689580509115331e+02 0.000000000000000000e+00
5.821782178217822616e-03 0.000000000000000000e+00 5.434824663218846581e+02 1.790368126834907797e-05 4.330154071624185121e+02 1.506867924457351000e+04 0.000000000000000000e+00 5.595790029692451753e+03
5.960396039603961353e-03 0.000000000000000000e+00 6.113048823777784264e+02 1.204134410056112683e-05 4.273029922206151241e+02 1.647010465509735513e+04 0.000000000000000000e+00 5.572047502259401881e+03
6.099009900990099223e-03 0.000000000000000000e+00 8.016043284949679446e+02 1.248296649727187013e-05 4.780911210887037441e+02 1.880316701966536493e+04 0.000000000000000000e+00 0.000000000000000000e+00
6.237623762376237960e-03 0.000000000000000000e+00 8.016043284949679446e+02 1.248296649727187013e-05 4.780911210887037441e+02 1.880316701966536493e+04 0.000000000000000000e+00 0.000000000000000000e+00
6.376237623762376697e-03 0.000000000000000000e+00 8.016043284949679446e+02 1.248296649727187013e-05 4.780911210887037441e+02 1.880316701966536493e+04 0.000000000000000000e+00 0.000000000000000000e+00
6.514851485148515434e-03 0.000000000000000000e+00 8.016043284949679446e+02 1.248296649727187352e-05 4.780911210887037441e+02 1.880316701966536493e+04 0.000000000000000000e+00 0.000000000000000000e+00
6.653465346534654171e-03 0.000000000000000000e+00 8.016043284949679446e+02 1.248296649727187690e-05 4.780911210887037441e+02 1.880316701966536493e+04 0.000000000000000000e+00 0.000000000000000000e+00
6.792079207920792908e-03 0.000000000000000000e+00 8.016043284949679446e+02 1.248296649727188029e-05 4.780911210887037441e+02 1.880316701966536493e+04 0.000000000000000000e+00 0.000000000000000000e+00
6.930693069306931645e-03 0.000000000000000000e+00 8.016043284949679446e+02 1.248296649727187521e-05 4.780911210887037441e+02 1.880316701966536493e+04 0.000000000000000000e+00 0.000000000000000000e+00
7.069306930693070382e-03 0.000000000000000000e+00 8.016043284949679446e+02 1.248296649727187013e-05 4.780911210887037441e+02 1.880316701966536493e+04 0.000000000000000000e+00 0.000000000000000000e+00
7.207920792079209119e-03 0.000000000000000000e+00 8.016043284949679446e+02 1.248296649727187013e-05 4.780911210887037441e+02 1.880316701966536493e+04 0.000000000000000000e+00 0.000000000000000000e+00
7.346534653465346988e-03 0.000000000000000000e+00 8.016043284949679446e+02 1.248296649727187013e-05 4.780911210887037441e+02 1.880316701966536493e+04 0.000000000000000000e+00 0.000000000000000000e+00
7.485148514851485725e-03 0.000000000000000000e+00 8.016043284949679446e+02 1.248296649727187013e-05 4.780911210887037441e+02 1.880316701966536493e+04 0.000000000000000000e+00 0.000000000000000000e+00
7.623762376237624462e-03 0.000000000000000000e+00 8.016043284949679446e+02 1.248296649727187013e-05 4.780911210887037441e+02 1.880316701966536493e+04 0.000000000000000000e+00 0.000000000000000000e+00
7.762376237623763199e-03 0.000000000000000000e+00 8.016043284949679446e+02 1.248296649727187013e-05 4.780911210887037441e+02 1.880316701966536493e+04 0.000000000000000000e+00 0.000000000000000000e+00
7.900990099009901069e-03 0.000000000000000000e+00 8.016043284949679446e+02 1.248296649727187013e-05 4.780911210887037441e+02 1.880316701966536493e+04 0.000000000000000000e+00 0.000000000000000000e+00
8.039603960396039806e-03 0.000000000000000000e+00 8.016043284949679446e+02 1.248296649727187013e-05 4.780911210887037441e+02 1.880316701966536493e+04 0.000000000000000000e+00 0.000000000000000000e+00
8.178217821782178543e-03 0.000000000000000000e+00 8.016043284949679446e+02 1.248296649727187013e-05 4.780911210887037441e+02 1.880316701966536493e+04 0.000000000000000000e+00 0.000000000000000000e+00
8.316831683168317280e-03 0.000000000000000000e+00 8.016043284949679446e+02 1.248296649727187013e-05 4.780911210887037441e+02 1.880316701966536493e+04 0.000000000000000000e+00 0.000000000000000000e+00
8.455445544554456017e-03 0.000000000000000000e+00 8.016043284949679446e+02 1.248296649727187013e-05 4.780911210887037441e+02 1.880316701966536493e+04 0.000000000000000000e+00 0.000000000000000000e+00
8.594059405940594754e-03 0.000000000000000000e+00 8.016043284949679446e+02 1.248296649727187013e-05 4.780911210887037441e+02 1.880316701966536493e+04 0.000000000000000000e+00 0.000000000000000000e+00
8.732673267326733491e-03 0.000000000000000000e+00 8.016043284949679446e+02 1.248296649727187013e-05 4.780911210887037441e+02 1.880316701966536493e+04 0.000000000000000000e+00 0.000000000000000000e+00
8.871287128712872228e-03 0.000000000000000000e+00 8.016043284949679446e+02 1.248296649727187013e-05 4.780911210887037441e+02 1.880316701966536493e+04 0.000000000000000000e+00 0.000000000000000000e+00
9.009900990099010964e-03 0.000000000000000000e+00 8.016043284949679446e+02 1.248296649727187013e-05 4.780911210887037441e+02 1.880316701966536493e+04 0.000000000000000000e+00 0.000000000000000000e+00
9.148514851485149701e-03 0.000000000000000000e+00 8.016043284949679446e+02 1.248296649727187013e-05 4.780911210887037441e+02 1.880316701966536493e+04 0.000000000000000000e+00 0.000000000000000000e+00
9.287128712871288438e-03 0.000000000000000000e+00 8.016043284949679446e+02 1.248296649727187013e-05 4.780911210887037441e+02 1.880316701966536493e+04 0.000000000000000000e+00 0.000000000000000000e+00
9.425742574257427175e-03 0.000000000000000000e+00 8.016043284949679446e+02 1.248296649727187013e-05 4.780911210887037441e+02 1.880316701966536493e+04 0.000000000000000000e+00 0.000000000000000000e+00
9.564356435643565912e-03 0.000000000000000000e+00 8.016043284949679446e+02 1.248296649727187013e-05 4.780911210887037441e+02 1.880316701966536493e+04 0.000000000000000000e+00 0.000000000000000000e+00
9.702970297029704649e-03 0.000000000000000000e+00 8.016043284949679446e+02 1.248296649727187013e-05 4.780911210887037441e+02 1.880316701966536493e+04 0.000000000000000000e+00 0.000000000000000000e+00
9.841584158415843386e-03 0.000000000000000000e+00 8.016043284949679446e+02 1.248296649727187013e-05 4.780911210887037441e+02 1.880316701966536493e+04 0.000000000000000000e+00 0.000000000000000000e+00
9.980198019801982123e-03 0.000000000000000000e+00 8.016043284949679446e+02 1.248296649727187013e-05 4.780911210887037441e+02 1.880316701966536493e+04 0.000000000000000000e+00 0.000000000000000000e+00
1.011881188118811913e-02 0.000000000000000000e+00 8.016043284949679446e+02 1.248296649727187013e-05 4.780911210887037441e+02 1.880316701966536493e+04 0.000000000000000000e+00 0.000000000000000000e+00
1.025742574257425786e-02 0.000000000000000000e+00 8.016043284949679446e+02 1.248296649727187013e-05 4.780911210887037441e+02 1.880316701966536493e+04 0.000000000000000000e+00 0.000000000000000000e+00
1.039603960396039660e-02 0.000000000000000000e+00 8.016043284949679446e+02 1.248296649727187013e-05 4.780911210887037441e+02 1.880316701966536493e+04 0.000000000000000000e+00 0.000000000000000000e+00
1.053465346534653534e-02 0.000000000000000000e+00 8.016043284949679446e+02 1.248296649727187013e-05 4.780911210887037441e+02 1.880316701966536493e+04 0.000000000000000000e+00 0.000000000000000000e+00
1.067326732673267407e-02 0.000000000000000000e+00 8.016043284949679446e+02 1.248296649727187013e-05 4.780911210887037441e+02 1.880316701966536493e+04 0.000000000000000000e+00 0.000000000000000000e+00
1.081188118811881281e-02 0.000000000000000000e+00 8.016043284949679446e+02 1.248296649727187013e-05 4.780911210887037441e+02 1.880316701966536493e+04 0.000000000000000000e+00 0.000000000000000000e+00
1.095049504950495155e-02 0.000000000000000000e+00 8.016043284949679446e+02 1.248296649727187013e-05 4.780911210887037441e+02 1.880316701966536493e+04 0.000000000000000000e+00 0.000000000000000000e+00
1.108910891089109028e-02 0.000000000000000000e+00 8.016043284949679446e+02 1.248296649727187013e-05 4.780911210887037441e+02 1.880316701966536493e+04 0.000000000000000000e+00 0.000000000000000000e+00
1.122772277227722902e-02 0.000000000000000000e+00 8.016043284949679446e+02 1.248296649727187013e-05 4.780911210887037441e+02 1.880316701966536493e+04 0.000000000000000000e+00 0.000000000000000000e+00
1.136633663366336776e-02 0.000000000000000000e+00 8.016043284949679446e+02 1.248296649727187013e-05 4.780911210887037441e+02 1.880316701966536493e+04 0.000000000000000000e+00 0.000000000000000000e+00
1.150495049504950650e-02 0.000000000000000000e+00 8.016043284949679446e+02 1.248296649727187013e-05 4.780911210887037441e+02 1.880316701966536493e+04 0.000000000000000000e+00 0.000000000000000000e+00
1.164356435643564523e-02 0.000000000000000000e+00 8.016043284949679446e+02 1.248296649727187013e-05 4.780911210887037441e+02 1.880316701966536493e+04 0.000000000000000000e+00 0.000000000000000000e+00
1.178217821782178397e-02 0.000000000000000000e+00 8.016043284949679446e+02 1.248296649727187013e-05 4.780911210887037441e+02 1.880316701966536493e+04 0.000000000000000000e+00 0.000000000000000000e+00
1.192079207920792271e-02 0.000000000000000000e+00 8.016043284949679446e+02 1.248296649727187013e-05 4.780911210887037441e+02 1.880316701966536493e+04 0.000000000000000000e+00 0.000000000000000000e+00
1.205940594059406144e-02 0.000000000000000000e+00 8.016043284949679446e+02 1.248296649727187013e-05 4.780911210887037441e+02 1.880316701966536493e+04 0.000000000000000000e+00 0.000000000000000000e+00
1.219801980198019845e-02 0.000000000000000000e+00 8.016043284949679446e+02 1.248296649727187013e-05 4.780911210887037441e+02 1.880316701966536493e+04 0.000000000000000000e+00 0.000000000000000000e+00
1.233663366336633718e-02 0.000000000000000000e+00 8.016043284949679446e+02 1.248296649727187013e-05 4.780911210887037441e+02 1.880316701966536493e+04 0.000000000000000000e+00 0.000000000000000000e+00
1.247524752475247592e-02 0.000000000000000000e+00 8.016043284949679446e+02 1.248296649727187013e-05 4.780911210887037441e+02 1.880316701966536493e+04 0.000000000000000000e+00 0.000000000000000000e+00
1.261386138613861466e-02 0.000000000000000000e+00 8.016043284949679446e+02 1.248296649727187013e-05 4.780911210887037441e+02 1.880316701966536493e+04 0.000000000000000000e+00 0.000000000000000000e+00
1.275247524752475339e-02 0.000000000000000000e+00 8.016043284949679446e+02 1.248296649727187013e-05 4.780911210887037441e+02 1.880316701966536493e+04 0.000000000000000000e+00 0.000000000000000000e+00
1.289108910891089213e-02 0.000000000000000000e+00 8.016043284949679446e+02 1.248296649727187013e-05 4.780911210887037441e+02 1.880316701966536493e+04 0.000000000000000000e+00 0.000000000000000000e+00
1.302970297029703087e-02 0.000000000000000000e+00 8.016043284949679446e+02 1.248296649727187013e-05 4.780911210887037441e+02 1.880316701966536493e+04 0.000000000000000000e+00 0.000000000000000000e+00
1.316831683168316960e-02 0.000000000000000000e+00 8.016043284949679446e+02 1.248296649727187013e-05 4.780911210887037441e+02 1.880316701966536493e+04 0.000000000000000000e+00 0.000000000000000000e+00
1.330693069306930834e-02 0.000000000000000000e+00 8.016043284949679446e+02 1.248296649727187013e-05 4.780911210887037441e+02 1.880316701966536493e+04 0.000000000000000000e+00 0.000000000000000000e+00
1.344554455445544708e-02 0.000000000000000000e+00 8.016043284949679446e+02 1.248296649727187013e-05 4.780911210887037441e+02 1.880316701966536493e+04 0.000000000000000000e+00 0.000000000000000000e+00
1.358415841584158582e-02 0.000000000000000000e+00 8.016043284949679446e+02 1.248296649727187013e-05 4.780911210887037441e+02 1.880316701966536493e+04 0.000000000000000000e+00 0.000000000000000000e+00
1.372277227722772455e-02 0.000000000000000000e+00 8.016043284949679446e+02 1.248296649727187013e-05 4.780911210887037441e+02 1.880316701966536493e+04 0.000000000000000000e+00 0.000000000000000000e+00
1.386138613861386329e-02 0.000000000000000000e+00 0.000000000000000000e+00 0.000000000000000000e+00 0.000000000000000000e+00 0.000000000000000000e+00 0.000000000000000000e+00 0.000000000000000000e+00
