0.000000000000000000e+00 1.000000000000000000e+00 6.000000000000000000e+00 7.000000000000000000e+00 8.000000000000000000e+00 1.400000000000000000e+01 2.600000000000000000e+01 2.900000000000000000e+01
0.000000000000000000e+00 0.000000000000000000e+00 8.016043284949679446e+02 1.248296649727187013e-05 4.780911210887037441e+02 1.880316701966536493e+04 0.000000000000000000e+00 0.000000000000000000e+00
1.372549019607843107e-04 0.000000000000000000e+00 8.016043284949679446e+02 1.248296649727187013e-05 4.780911210887037441e+02 1.880316701966536493e+04 0.000000000000000000e+00 0.000000000000000000e+00
2.745098039215686215e-04 0.000000000000000000e+00 8.016043284949679446e+02 1.248320037542422413e-05 4.780911210887037441e+02 1.879888323608011342e+04 0.000000000000000000e+00 0.000000000000000000e+00
4.117647058823529051e-04 0.000000000000000000e+00 8.015687225817852095e+02 1.248900271107169665e-05 4.780911861919419721e+02 1.876398367249776493e+04 0.000000000000000000e+00 0.000000000000000000e+00
5.490196078431372429e-04 0.000000000000000000e+00 8.011227743559894634e+02 1.256039352476228123e-05 4.780927269055634952e+02 1.866084020885235077e+04 0.000000000000000000e+00 0.000000000000000000e+00
6.862745098039215808e-04 0.000000000000000000e+00 7.985293171622599857e+02 1.293191097648989825e-05 4.781141032887525739e+02 1.844972942069907003e+04 0.000000000000000000e+00 0.000000000000000000e+00
8.235294117647058102e-04 0.000000000000000000e+00 7.877864432591126160e+02 1.364840723515195405e-05 4.783730144940484479e+02 1.812206016335465756e+04 0.000000000000000000e+00 0.000000000000000000e+00
9.607843137254901481e-04 0.000000000000000000e+00 7.609662913506975883e+02 1.479220894977117159e-05 4.796739873708924620e+02 1.768001580226302758e+04 0.000000000000000000e+00 0.000000000000000000e+00
1.098039215686274486e-03 0.000000000000000000e+00 7.097470601170285818e+02 1.451967864092575248e-05 4.611750473274443607e+02 1.705264092005158454e+04 0.000000000000000000e+00 1.555593340132767707e+03
1.235294117647058824e-03 0.000000000000000000e+00 7.097470601170285818e+02 1.451960956198867478e-05 4.611750473274443607e+02 1.705383444721403066e+04 0.000000000000000000e+00 1.555593340132767707e+03
1.372549019607843162e-03 0.000000000000000000e+00 7.097542968716578571e+02 1.451652980148047081e-05 4.611750296759080356e+02 1.707465294972692936e+04 0.000000000000000000e+00 1.555592851215477140e+03
1.509803921568627499e-03 0.000000000000000000e+00 7.099334479313920383e+02 1.447589169259288802e-05 4.611743698461359031e+02 1.714763387520336255e+04 0.000000000000000000e+00 1.555581175011390997e+03
1.647058823529411620e-03 0.000000000000000000e+00 7.112266473105009936e+02 1.417976092081836159e-05 4.611644298144227037e+02 1.731614975624501676e+04 0.000000000000000000e+00 1.555498377235769567e+03
1.784313725490195958e-03 0.000000000000000000e+00 7.175122909057167817e+02 1.355893189436751804e-05 4.610446696414051075e+02 1.759607229082624690e+04 0.000000000000000000e+00 1.555103719000156616e+03
1.921568627450980296e-03 0.000000000000000000e+00 7.403885195839226299e+02 1.256578805605791409e-05 4.600143787361751606e+02 1.801639768922624717e+04 0.000000000000000000e+00 1.553698286207164756e+03
2.058823529411764851e-03 0.000000000000000000e+00 8.016043284949679446e+02 1.248296649727187013e-05 4.780911210887037441e+02 1.880316701966536493e+04 0.000000000000000000e+00 0.000000000000000000e+00
2.196078431372548972e-03 0.000000000000000000e+00 8.016043284949679446e+02 1.248296649727187013e-05 4.780911210887037441e+02 1.880316701966536493e+04 0.000000000000000000e+00 0.000000000000000000e+00
2.333333333333333093e-03 0.000000000000000000e+00 8.016043284949679446e+02 1.248296649727187013e-05 4.780911210887037441e+02 1.880316701966536493e+04 0.000000000000000000e+00 0.000000000000000000e+00
2.470588235294117647e-03 0.000000000000000000e+00 8.016043284949679446e+02 1.248296649727187013e-05 4.780911210887037441e+02 1.880316701966536493e+04 0.000000000000000000e+00 0.000000000000000000e+00
2.607843137254901768e-03 0.000000000000000000e+00 8.016043284949679446e+02 1.248296649727187690e-05 4.780911210887037441e+02 1.880316701966536493e+04 0.000000000000000000e+00 0.000000000000000000e+00
2.745098039215686323e-03 0.000000000000000000e+00 8.016043284949679446e+02 1.248296649727187690e-05 4.780911210887037441e+02 1.880316701966536493e+04 0.000000000000000000e+00 0.000000000000000000e+00
2.882352941176470444e-03 0.000000000000000000e+00 8.016043284949679446e+02 1.248296649727188368e-05 4.780911210887037441e+02 1.880316701966536493e+04 0.000000000000000000e+00 0.000000000000000000e+00
3.019607843137254999e-03 0.000000000000000000e+00 8.016043284949679446e+02 1.248296649727187013e-05 4.780911210887037441e+02 1.880316701966536493e+04 0.000000000000000000e+00 0.000000000000000000e+00
3.156862745098039120e-03 0.000000000000000000e+00 8.016043284949679446e+02 1.248296649727187013e-05 4.780911210887037441e+02 1.880316701966536493e+04 0.000000000000000000e+00 0.000000000000000000e+00
3.294117647058823241e-03 0.000000000000000000e+00 8.016043284949679446e+02 1.248338002268544653e-05 4.780911210887037441e+02 1.879650687596471835e+04 0.000000000000000000e+00 0.000000000000000000e+00
3.431372549019607796e-03 0.000000000000000000e+00 8.015477646386041215e+02 1.249185807125070210e-05 4.780912291677673807e+02 1.875447269432873145e+04 0.000000000000000000e+00 0.000000000000000000e+00
3.568627450980391917e-03 0.000000000000000000e+00 8.009581917506873197e+02 1.259197092369798773e-05 4.780934920685596694e+02 1.863739980598340117e+04 0.000000000000000000e+00 0.000000000000000000e+00
3.705882352941176471e-03 0.000000000000000000e+00 7.977270034840795461e+02 1.301153767981752386e-05 4.781238629999259615e+02 1.841096843983759391e+04 0.000000000000000000e+00 0.000000000000000000e+00
3.843137254901960592e-03 0.000000000000000000e+00 7.847473313615178085e+02 1.378574153797705526e-05 4.784914333793540777e+02 1.807865198490764305e+04 0.000000000000000000e+00 0.000000000000000000e+00
3.980392156862745147e-03 0.000000000000000000e+00 7.576435760452134218e+02 1.491652465326555393e-05 4.798372344302221677e+02 1.770498533307304024e+04 0.000000000000000000e+00 0.000000000000000000e+00
4.117647058823529702e-03 0.000000000000000000e+00 7.107328512500846500e+02 1.427360557799181229e-05 4.611691430354114800e+02 1.727085879768756058e+04 0.000000000000000000e+00 1.555529916351847760e+03
4.254901960784313389e-03 0.000000000000000000e+00 7.153064365589489171e+02 1.371784854884451102e-05 4.611003871558268656e+02 1.752558288888815514e+04 0.000000000000000000e+00 1.555241548009754752e+03
4.392156862745097944e-03 0.000000000000000000e+00 7.340882548023910203e+02 1.281987413227677780e-05 4.603372894051573212e+02 1.792001438738651632e+04 0.000000000000000000e+00 1.554081817557728982e+03
4.529411764705882498e-03 0.000000000000000000e+00 8.016043284949679446e+02 1.248296649727187352e-05 4.780911210887037441e+02 1.880316701966536493e+04 0.000000000000000000e+00 0.000000000000000000e+00
4.666666666666666186e-03 0.000000000000000000e+00 8.016043284949679446e+02 1.248296649727187860e-05 4.780911210887037441e+02 1.880316701966536493e+04 0.000000000000000000e+00 0.000000000000000000e+00
4.803921568627450740e-03 0.000000000000000000e+00 8.016043284949679446e+02 1.248350265501596063e-05 4.780911210887037441e+02 1.879509482933067920e+04 0.000000000000000000e+00 0.000000000000000000e+00
4.941176470588235295e-03 0.000000000000000000e+00 8.015346364058576683e+02 1.249371915730918932e-05 4.780912572721614424e+02 1.874927779298476526e+04 0.000000000000000000e+00 0.000000000000000000e+00
5.078431372549019850e-03 0.000000000000000000e+00 8.008614517698081272e+02 1.261012147803654943e-05 4.780939733958426814e+02 1.863690964090959824e+04 0.000000000000000000e+00 0.000000000000000000e+00
5.215686274509803537e-03 0.000000000000000000e+00 7.973618680372190965e+02 1.303478325523153820e-05 4.781297333751775227e+02 1.845709142906772831e+04 0.000000000000000000e+00 0.000000000000000000e+00
5.352941176470588092e-03 0.000000000000000000e+00 7.838971277760367684e+02 1.365489784936956433e-05 4.785617536343002598e+02 1.823823186139749305e+04 0.000000000000000000e+00 0.000000000000000000e+00
5.490196078431372646e-03 0.000000000000000000e+00 7.611256280328356070e+02 1.423998136751186867e-05 4.798659096546843443e+02 1.806989075199192303e+04 0.000000000000000000e+00 0.000000000000000000e+00
5.627450980392156334e-03 0.000000000000000000e+00 7.309550555707954800e+02 1.293666083035166495e-05 4.604934529094534810e+02 1.786996413854716593e+04 0.000000000000000000e+00 1.554273077649310380e+03
5.764705882352940888e-03 0.000000000000000000e+00 8.016043284949679446e+02 1.248296649727187860e-05 4.780911210887037441e+02 1.880316701966536493e+04 0.000000000000000000e+00 0.000000000000000000e+00
5.901960784313725443e-03 0.000000000000000000e+00 8.016043284949679446e+02 1.248296649727188199e-05 4.780911210887037441e+02 1.880316701966536493e+04 0.000000000000000000e+00 0.000000000000000000e+00
6.039215686274509998e-03 0.000000000000000000e+00 8.016043284949679446e+02 1.248296649727187013e-05 4.780911210887037441e+02 1.880316701966536493e+04 0.000000000000000000e+00 0.000000000000000000e+00
6.176470588235293685e-03 0.000000000000000000e+00 8.016043284949679446e+02 1.248296649727187013e-05 4.780911210887037441e+02 1.880316701966536493e+04 0.000000000000000000e+00 0.000000000000000000e+00
6.313725490196078240e-03 0.000000000000000000e+00 8.016043284949679446e+02 1.248296649727187013e-05 4.780911210887037441e+02 1.880316701966536493e+04 0.000000000000000000e+00 0.000000000000000000e+00
6.450980392156862794e-03 0.000000000000000000e+00 8.016043284949679446e+02 1.248296649727187013e-05 4.780911210887037441e+02 1.880316701966536493e+04 0.000000000000000000e+00 0.000000000000000000e+00
6.588235294117646482e-03 0.000000000000000000e+00 8.016043284949679446e+02 1.248296649727187521e-05 4.780911210887037441e+02 1.880316701966536493e+04 0.000000000000000000e+00 0.000000000000000000e+00
6.725490196078431036e-03 0.000000000000000000e+00 8.016043284949679446e+02 1.248296649727187860e-05 4.780911210887037441e+02 1.880316701966536493e+04 0.000000000000000000e+00 0.000000000000000000e+00
6.862745098039215591e-03 0.000000000000000000e+00 0.000000000000000000e+00 0.000000000000000000e+00 0.000000000000000000e+00 0.000000000000000000e+00 0.000000000000000000e+00 0.000000000000000000e+00
