0.000000000000000000e+00 1.000000000000000000e+00 6.000000000000000000e+00 7.000000000000000000e+00 8.000000000000000000e+00 1.400000000000000000e+01 2.600000000000000000e+01 2.900000000000000000e+01
0.000000000000000000e+00 0.000000000000000000e+00 8.016043284949679446e+02 1.248296649727187013e-05 4.780911210887037441e+02 1.880316701966536493e+04 0.000000000000000000e+00 0.000000000000000000e+00
1.372549019607843107e-04 0.000000000000000000e+00 8.016043284949679446e+02 1.248296649727188368e-05 4.780911210887037441e+02 1.880316701966536493e+04 0.000000000000000000e+00 0.000000000000000000e+00
2.745098039215686215e-04 0.000000000000000000e+00 8.016043284949679446e+02 1.248296649727188199e-05 4.780911210887037441e+02 1.880316701966536493e+04 0.000000000000000000e+00 0.000000000000000000e+00
4.117647058823529051e-04 0.000000000000000000e+00 8.016043284949679446e+02 1.248296649727187521e-05 4.780911210887037441e+02 1.880316701966536493e+04 0.000000000000000000e+00 0.000000000000000000e+00
5.490196078431372429e-04 0.000000000000000000e+00 8.016043284949679446e+02 1.248296649727187013e-05 4.780911210887037441e+02 1.880316701966536493e+04 0.000000000000000000e+00 0.000000000000000000e+00
6.862745098039215808e-04 0.000000000000000000e+00 8.016043284949679446e+02 1.248296649727187013e-05 4.780911210887037441e+02 1.880316701966536493e+04 0.000000000000000000e+00 0.000000000000000000e+00
8.235294117647058102e-04 0.000000000000000000e+00 8.016043284949679446e+02 1.248296649727187013e-05 4.780911210887037441e+02 1.880316701966536493e+04 0.000000000000000000e+00 0.000000000000000000e+00
9.607843137254901481e-04 0.000000000000000000e+00 8.016043284949679446e+02 1.248296649727187013e-05 4.780911210887037441e+02 1.880316701966536493e+04 0.000000000000000000e+00 0.000000000000000000e+00
1.098039215686274486e-03 0.000000000000000000e+00 7.362268761634293242e+02 1.311016494107163617e-05 4.602285235159919807e+02 1.776628724061927278e+04 0.000000000000000000e+00 1.553951522002173533e+03
1.235294117647058824e-03 0.000000000000000000e+00 7.159628803955754393e+02 1.396643740265599373e-05 4.610854128100129401e+02 1.739486037659244539e+04 0.000000000000000000e+00 1.555200526969446173e+03
1.372549019607843162e-03 0.000000000000000000e+00 7.108771212626094211e+02 1.442667724226090702e-05 4.611678707242116388e+02 1.717615974095831552e+04 0.000000000000000000e+00 1.555520698900733350e+03
1.509803921568627499e-03 0.000000000000000000e+00 7.098774210290265501e+02 1.451493299643549647e-05 4.611746194784743693e+02 1.707921306571507375e+04 0.000000000000000000e+00 1.555584810404346172e+03
1.647058823529411620e-03 0.000000000000000000e+00 7.097500021115713480e+02 1.451960973727186362e-05 4.611750403443014079e+02 1.705380320281568129e+04 0.000000000000000000e+00 1.555593140072329788e+03
1.784313725490195958e-03 0.000000000000000000e+00 7.097470601170285818e+02 1.451967864092575248e-05 4.611750473274443607e+02 1.705264092005158454e+04 0.000000000000000000e+00 1.555593340132767707e+03
1.921568627450980296e-03 0.000000000000000000e+00 7.097470601170285818e+02 1.451967864092575248e-05 4.611750473274443607e+02 1.705264092005158454e+04 0.000000000000000000e+00 1.555593340132767707e+03
2.058823529411764851e-03 0.000000000000000000e+00 7.644353420965121586e+02 1.423918175689254008e-05 4.795007081561150812e+02 1.789971593045882037e+04 0.000000000000000000e+00 0.000000000000000000e+00
2.196078431372548972e-03 0.000000000000000000e+00 7.903310371258278337e+02 1.318747731767269253e-05 4.782872155038068627e+02 1.834657184094293552e+04 0.000000000000000000e+00 0.000000000000000000e+00
2.333333333333333093e-03 0.000000000000000000e+00 7.991863629349345501e+02 1.264877075664305739e-05 4.781070272716799536e+02 1.861614225292333867e+04 0.000000000000000000e+00 0.000000000000000000e+00
2.470588235294117647e-03 0.000000000000000000e+00 8.012517129005481138e+02 1.249306479912965679e-05 4.780921831742925860e+02 1.875466544883728056e+04 0.000000000000000000e+00 0.000000000000000000e+00
2.607843137254901768e-03 0.000000000000000000e+00 8.015838623113412496e+02 1.248323608376713646e-05 4.780911570181328329e+02 1.879853709519367840e+04 0.000000000000000000e+00 0.000000000000000000e+00
2.745098039215686323e-03 0.000000000000000000e+00 8.016043284949679446e+02 1.248296649727187013e-05 4.780911210887037441e+02 1.880316701966536493e+04 0.000000000000000000e+00 0.000000000000000000e+00
2.882352941176470444e-03 0.000000000000000000e+00 8.016043284949679446e+02 1.248296649727187013e-05 4.780911210887037441e+02 1.880316701966536493e+04 0.000000000000000000e+00 0.000000000000000000e+00
3.019607843137254999e-03 0.000000000000000000e+00 8.016043284949679446e+02 1.248296649727187690e-05 4.780911210887037441e+02 1.880316701966536493e+04 0.000000000000000000e+00 0.000000000000000000e+00
3.156862745098039120e-03 0.000000000000000000e+00 8.016043284949679446e+02 1.248296649727188199e-05 4.780911210887037441e+02 1.880316701966536493e+04 0.000000000000000000e+00 0.000000000000000000e+00
3.294117647058823241e-03 0.000000000000000000e+00 8.016043284949679446e+02 1.248296649727187860e-05 4.780911210887037441e+02 1.880316701966536493e+04 0.000000000000000000e+00 0.000000000000000000e+00
3.431372549019607796e-03 0.000000000000000000e+00 8.016043284949679446e+02 1.248296649727187182e-05 4.780911210887037441e+02 1.880316701966536493e+04 0.000000000000000000e+00 0.000000000000000000e+00
3.568627450980391917e-03 0.000000000000000000e+00 8.016043284949679446e+02 1.248296649727187013e-05 4.780911210887037441e+02 1.880316701966536493e+04 0.000000000000000000e+00 0.000000000000000000e+00
3.705882352941176471e-03 0.000000000000000000e+00 8.016043284949679446e+02 1.248296649727187013e-05 4.780911210887037441e+02 1.880316701966536493e+04 0.000000000000000000e+00 0.000000000000000000e+00
3.843137254901960592e-03 0.000000000000000000e+00 8.016043284949679446e+02 1.248296649727187013e-05 4.780911210887037441e+02 1.880316701966536493e+04 0.000000000000000000e+00 0.000000000000000000e+00
3.980392156862745147e-03 0.000000000000000000e+00 8.016043284949679446e+02 1.248296649727187013e-05 4.780911210887037441e+02 1.880316701966536493e+04 0.000000000000000000e+00 0.000000000000000000e+00
4.117647058823529702e-03 0.000000000000000000e+00 7.319828956007646639e+02 1.326524929835375607e-05 4.604427030175158961e+02 1.769938316769172525e+04 0.000000000000000000e+00 1.554210274736544989e+03
4.254901960784313389e-03 0.000000000000000000e+00 7.147185895332390828e+02 1.405461112445480099e-05 4.611125041629946963e+02 1.735563521753517489e+04 0.000000000000000000e+00 1.555278284557612096e+03
4.392156862745097944e-03 0.000000000000000000e+00 7.106062587820728140e+02 1.445731666782678299e-05 4.611701757658940437e+02 1.715539900461316211e+04 0.000000000000000000e+00 1.555538004455196187e+03
4.529411764705882498e-03 0.000000000000000000e+00 7.593358955906606980e+02 1.460253183065710784e-05 4.797557141107704410e+02 1.777155846500921689e+04 0.000000000000000000e+00 0.000000000000000000e+00
4.666666666666666186e-03 0.000000000000000000e+00 7.863329290302024219e+02 1.335762461655972885e-05 4.784275834543543056e+02 1.826981371964006757e+04 0.000000000000000000e+00 0.000000000000000000e+00
4.803921568627450740e-03 0.000000000000000000e+00 7.981473490244588902e+02 1.273250030706385868e-05 4.781186092544382404e+02 1.856935421327360382e+04 0.000000000000000000e+00 0.000000000000000000e+00
4.941176470588235295e-03 0.000000000000000000e+00 8.010453131869172694e+02 1.250230017866560033e-05 4.780930785014763842e+02 1.873535044073848985e+04 0.000000000000000000e+00 0.000000000000000000e+00
5.078431372549019850e-03 0.000000000000000000e+00 8.015591849019729125e+02 1.248364531118112777e-05 4.780912054602497392e+02 1.879400463725517329e+04 0.000000000000000000e+00 0.000000000000000000e+00
5.215686274509803537e-03 0.000000000000000000e+00 8.016043284949679446e+02 1.248296649727187690e-05 4.780911210887037441e+02 1.880316701966536493e+04 0.000000000000000000e+00 0.000000000000000000e+00
5.352941176470588092e-03 0.000000000000000000e+00 8.016043284949679446e+02 1.248296649727187352e-05 4.780911210887037441e+02 1.880316701966536493e+04 0.000000000000000000e+00 0.000000000000000000e+00
5.490196078431372646e-03 0.000000000000000000e+00 8.016043284949679446e+02 1.248296649727187013e-05 4.780911210887037441e+02 1.880316701966536493e+04 0.000000000000000000e+00 0.000000000000000000e+00
5.627450980392156334e-03 0.000000000000000000e+00 7.299477033176007126e+02 1.333640749212288371e-05 4.605426439054822367e+02 1.766827163498563095e+04 0.000000000000000000e+00 1.554334702556537877e+03
5.764705882352940888e-03 0.000000000000000000e+00 7.615069553432989551e+02 1.438973696337792407e-05 4.798282134419773115e+02 1.796492434933085678e+04 0.000000000000000000e+00 0.000000000000000000e+00
5.901960784313725443e-03 0.000000000000000000e+00 7.847300704946542282e+02 1.340159615667515701e-05 4.785232060129766865e+02 1.832605898154300667e+04 0.000000000000000000e+00 0.000000000000000000e+00
6.039215686274509998e-03 0.000000000000000000e+00 7.975901205748123175e+02 1.277840333946931201e-05 4.781265866175908741e+02 1.856197503957973095e+04 0.000000000000000000e+00 0.000000000000000000e+00
6.176470588235293685e-03 0.000000000000000000e+00 8.009114663180113212e+02 1.250949252269994654e-05 4.780937208344718101e+02 1.872409209324454059e+04 0.000000000000000000e+00 0.000000000000000000e+00
6.313725490196078240e-03 0.000000000000000000e+00 8.015415918944396481e+02 1.248399553994691618e-05 4.780912422214013304e+02 1.879092661261106332e+04 0.000000000000000000e+00 0.000000000000000000e+00
6.450980392156862794e-03 0.000000000000000000e+00 8.016043284949679446e+02 1.248296649727187013e-05 4.780911210887037441e+02 1.880316701966536493e+04 0.000000000000000000e+00 0.000000000000000000e+00
6.588235294117646482e-03 0.000000000000000000e+00 8.016043284949679446e+02 1.248296649727187013e-05 4.780911210887037441e+02 1.880316701966536493e+04 0.000000000000000000e+00 0.000000000000000000e+00
6.725490196078431036e-03 0.000000000000000000e+00 8.016043284949679446e+02 1.248296649727187013e-05 4.780911210887037441e+02 1.880316701966536493e+04 0.000000000000000000e+00 0.000000000000000000e+00
6.862745098039215591e-03 0.000000000000000000e+00 0.000000000000000000e+00 0.000000000000000000e+00 0.000000000000000000e+00 0.000000000000000000e+00 0.000000000000000000e+00 0.000000000000000000e+00
