0.000000000000000000e+00 1.000000000000000000e+00 6.000000000000000000e+00 7.000000000000000000e+00 8.000000000000000000e+00 1.400000000000000000e+01 2.600000000000000000e+01 2.900000000000000000e+01
0.000000000000000000e+00 0.000000000000000000e+00 8.016043284949679446e+02 1.248296649727187013e-05 4.780911210887037441e+02 1.880316701966536493e+04 0.000000000000000000e+00 0.000000000000000000e+00
1.372549019607843107e-04 0.000000000000000000e+00 8.016043284949679446e+02 1.248296649727187013e-05 4.780911210887037441e+02 1.880316701966536493e+04 0.000000000000000000e+00 0.000000000000000000e+00
2.745098039215686215e-04 0.000000000000000000e+00 8.016043284949679446e+02 1.248296649727187013e-05 4.780911210887037441e+02 1.880316701966536493e+04 0.000000000000000000e+00 0.000000000000000000e+00
4.117647058823529051e-04 0.000000000000000000e+00 8.015687225817852095e+02 1.248347371901044228e-05 4.780911861919419721e+02 1.879574620939770466e+04 0.000000000000000000e+00 0.000000000000000000e+00
5.490196078431372429e-04 0.000000000000000000e+00 8.011227743559894634e+02 1.249855741816280013e-05 4.780927269055634952e+02 1.874230793553097828e+04 0.000000000000000000e+00 0.000000000000000000e+00
6.862745098039215808e-04 0.000000000000000000e+00 7.985293171622599857e+02 1.270273724636055499e-05 4.781141032887525739e+02 1.858560401124201962e+04 0.000000000000000000e+00 0.000000000000000000e+00
8.235294117647058102e-04 0.000000000000000000e+00 7.877864432591126160e+02 1.329835067078604277e-05 4.783730144940484479e+02 1.829600274035853727e+04 0.000000000000000000e+00 0.000000000000000000e+00
9.607843137254901481e-04 0.000000000000000000e+00 7.609662913506975883e+02 1.446293887883259934e-05 4.796739873708924620e+02 1.780472151621565354e+04 0.000000000000000000e+00 0.000000000000000000e+00
1.098039215686274486e-03 0.000000000000000000e+00 7.097470601170285818e+02 1.451967864092575248e-05 4.611750473274443607e+02 1.705264092005158454e+04 0.000000000000000000e+00 1.555593340132767707e+03
1.235294117647058824e-03 0.000000000000000000e+00 7.097470601170285818e+02 1.451967864092575248e-05 4.611750473274443607e+02 1.705264092005158454e+04 0.000000000000000000e+00 1.555593340132767707e+03
1.372549019607843162e-03 0.000000000000000000e+00 7.097542968716578571e+02 1.451951853615644102e-05 4.611750296759080356e+02 1.705501694443700762e+04 0.000000000000000000e+00 1.555592851215477140e+03
1.509803921568627499e-03 0.000000000000000000e+00 7.099334479313920383e+02 1.451216797378353800e-05 4.611743698461359031e+02 1.708729252459489726e+04 0.000000000000000000e+00 1.555581175011390997e+03
1.647058823529411620e-03 0.000000000000000000e+00 7.112266473105009936e+02 1.438485952001609090e-05 4.611644298144227037e+02 1.719975691910308160e+04 0.000000000000000000e+00 1.555498377235769567e+03
1.784313725490195958e-03 0.000000000000000000e+00 7.175122909057167817e+02 1.387125004050568344e-05 4.610446696414051075e+02 1.743686315300014394e+04 0.000000000000000000e+00 1.555103719000156616e+03
1.921568627450980296e-03 0.000000000000000000e+00 7.403885195839226299e+02 1.294462138435611825e-05 4.600143787361751606e+02 1.783851411575617385e+04 0.000000000000000000e+00 1.553698286207164756e+03
2.058823529411764851e-03 0.000000000000000000e+00 8.016043284949679446e+02 1.248296649727187013e-05 4.780911210887037441e+02 1.880316701966536493e+04 0.000000000000000000e+00 0.000000000000000000e+00
2.196078431372548972e-03 0.000000000000000000e+00 8.016043284949679446e+02 1.248296649727187013e-05 4.780911210887037441e+02 1.880316701966536493e+04 0.000000000000000000e+00 0.000000000000000000e+00
2.333333333333333093e-03 0.000000000000000000e+00 8.016043284949679446e+02 1.248296649727187013e-05 4.780911210887037441e+02 1.880316701966536493e+04 0.000000000000000000e+00 0.000000000000000000e+00
2.470588235294117647e-03 0.000000000000000000e+00 8.016043284949679446e+02 1.248296649727187013e-05 4.780911210887037441e+02 1.880316701966536493e+04 0.000000000000000000e+00 0.000000000000000000e+00
2.607843137254901768e-03 0.000000000000000000e+00 8.016043284949679446e+02 1.248296649727187521e-05 4.780911210887037441e+02 1.880316701966536493e+04 0.000000000000000000e+00 0.000000000000000000e+00
2.745098039215686323e-03 0.000000000000000000e+00 8.016043284949679446e+02 1.248296649727188199e-05 4.780911210887037441e+02 1.880316701966536493e+04 0.000000000000000000e+00 0.000000000000000000e+00
2.882352941176470444e-03 0.000000000000000000e+00 8.016043284949679446e+02 1.248296649727187690e-05 4.780911210887037441e+02 1.880316701966536493e+04 0.000000000000000000e+00 0.000000000000000000e+00
3.019607843137254999e-03 0.000000000000000000e+00 8.016043284949679446e+02 1.248296649727187013e-05 4.780911210887037441e+02 1.880316701966536493e+04 0.000000000000000000e+00 0.000000000000000000e+00
3.156862745098039120e-03 0.000000000000000000e+00 8.016043284949679446e+02 1.248296649727187013e-05 4.780911210887037441e+02 1.880316701966536493e+04 0.000000000000000000e+00 0.000000000000000000e+00
3.294117647058823241e-03 0.000000000000000000e+00 8.016043284949679446e+02 1.248296649727187013e-05 4.780911210887037441e+02 1.880316701966536493e+04 0.000000000000000000e+00 0.000000000000000000e+00
3.431372549019607796e-03 0.000000000000000000e+00 8.015477646386041215e+02 1.248386637195225488e-05 4.780912291677673807e+02 1.879200972686646855e+04 0.000000000000000000e+00 0.000000000000000000e+00
3.568627450980391917e-03 0.000000000000000000e+00 8.009581917506873197e+02 1.250675819634225449e-05 4.780934920685596694e+02 1.872784786400088706e+04 0.000000000000000000e+00 0.000000000000000000e+00
3.705882352941176471e-03 0.000000000000000000e+00 7.977270034840795461e+02 1.276388622478157159e-05 4.781238629999259615e+02 1.855250296007960060e+04 0.000000000000000000e+00 0.000000000000000000e+00
3.843137254901960592e-03 0.000000000000000000e+00 7.847473313615178085e+02 1.341920353643657211e-05 4.784914333793540777e+02 1.824260825973111787e+04 0.000000000000000000e+00 0.000000000000000000e+00
3.980392156862745147e-03 0.000000000000000000e+00 7.576435760452134218e+02 1.474798420687972987e-05 4.798372344302221677e+02 1.772133680342396474e+04 0.000000000000000000e+00 0.000000000000000000e+00
4.117647058823529702e-03 0.000000000000000000e+00 7.107328512500846500e+02 1.444371257138230351e-05 4.611691430354114800e+02 1.716538105732631448e+04 0.000000000000000000e+00 1.555529916351847760e+03
4.254901960784313389e-03 0.000000000000000000e+00 7.153064365589489171e+02 1.401168638481735776e-05 4.611003871558268656e+02 1.737485238157465574e+04 0.000000000000000000e+00 1.555241548009754752e+03
4.392156862745097944e-03 0.000000000000000000e+00 7.340882548023910203e+02 1.318900870578653783e-05 4.603372894051573212e+02 1.773215566252573990e+04 0.000000000000000000e+00 1.554081817557728982e+03
4.529411764705882498e-03 0.000000000000000000e+00 8.016043284949679446e+02 1.248296649727187013e-05 4.780911210887037441e+02 1.880316701966536493e+04 0.000000000000000000e+00 0.000000000000000000e+00
4.666666666666666186e-03 0.000000000000000000e+00 8.016043284949679446e+02 1.248296649727187690e-05 4.780911210887037441e+02 1.880316701966536493e+04 0.000000000000000000e+00 0.000000000000000000e+00
4.803921568627450740e-03 0.000000000000000000e+00 8.016043284949679446e+02 1.248296735091509469e-05 4.780911210887037441e+02 1.880314230731563293e+04 0.000000000000000000e+00 0.000000000000000000e+00
4.941176470588235295e-03 0.000000000000000000e+00 8.015346364058576683e+02 1.248413869751337875e-05 4.780912572721614424e+02 1.878979340224185216e+04 0.000000000000000000e+00 0.000000000000000000e+00
5.078431372549019850e-03 0.000000000000000000e+00 8.008614517698081272e+02 1.251250987321820901e-05 4.780939733958426814e+02 1.871999611849790745e+04 0.000000000000000000e+00 0.000000000000000000e+00
5.215686274509803537e-03 0.000000000000000000e+00 7.973618680372190965e+02 1.279500368762353719e-05 4.781297333751775227e+02 1.855464212201504051e+04 0.000000000000000000e+00 0.000000000000000000e+00
5.352941176470588092e-03 0.000000000000000000e+00 7.838971277760367684e+02 1.342895668155691185e-05 4.785617536343002598e+02 1.831653948626444981e+04 0.000000000000000000e+00 0.000000000000000000e+00
5.490196078431372646e-03 0.000000000000000000e+00 7.611256280328356070e+02 1.444237850344740751e-05 4.798659096546843443e+02 1.794826571295513349e+04 0.000000000000000000e+00 0.000000000000000000e+00
5.627450980392156334e-03 0.000000000000000000e+00 7.309550555707954800e+02 1.330127662760456304e-05 4.604934529094534810e+02 1.768362808885998311e+04 0.000000000000000000e+00 1.554273077649310380e+03
5.764705882352940888e-03 0.000000000000000000e+00 8.016043284949679446e+02 1.248296649727188029e-05 4.780911210887037441e+02 1.880316701966536493e+04 0.000000000000000000e+00 0.000000000000000000e+00
5.901960784313725443e-03 0.000000000000000000e+00 8.016043284949679446e+02 1.248296649727188368e-05 4.780911210887037441e+02 1.880316701966536493e+04 0.000000000000000000e+00 0.000000000000000000e+00
6.039215686274509998e-03 0.000000000000000000e+00 8.016043284949679446e+02 1.248296649727187013e-05 4.780911210887037441e+02 1.880316701966536493e+04 0.000000000000000000e+00 0.000000000000000000e+00
6.176470588235293685e-03 0.000000000000000000e+00 8.016043284949679446e+02 1.248296649727187013e-05 4.780911210887037441e+02 1.880316701966536493e+04 0.000000000000000000e+00 0.000000000000000000e+00
6.313725490196078240e-03 0.000000000000000000e+00 8.016043284949679446e+02 1.248296649727187013e-05 4.780911210887037441e+02 1.880316701966536493e+04 0.000000000000000000e+00 0.000000000000000000e+00
6.450980392156862794e-03 0.000000000000000000e+00 8.016043284949679446e+02 1.248296649727187013e-05 4.780911210887037441e+02 1.880316701966536493e+04 0.000000000000000000e+00 0.000000000000000000e+00
6.588235294117646482e-03 0.000000000000000000e+00 8.016043284949679446e+02 1.248296649727187352e-05 4.780911210887037441e+02 1.880316701966536493e+04 0.000000000000000000e+00 0.000000000000000000e+00
6.725490196078431036e-03 0.000000000000000000e+00 8.016043284949679446e+02 1.248296649727187860e-05 4.780911210887037441e+02 1.880316701966536493e+04 0.000000000000000000e+00 0.000000000000000000e+00
6.862745098039215591e-03 0.000000000000000000e+00 0.000000000000000000e+00 0.000000000000000000e+00 0.000000000000000000e+00 0.000000000000000000e+00 0.000000000000000000e+00 0.000000000000000000e+00
