0.000000000000000000e+00 1.000000000000000000e+00 6.000000000000000000e+00 7.000000000000000000e+00 8.000000000000000000e+00 1.400000000000000000e+01 2.600000000000000000e+01 2.900000000000000000e+01
0.000000000000000000e+00 0.000000000000000000e+00 8.469165198070661518e+02 1.719907492568517822e-24 4.775671869014356616e+02 2.459817764893966341e+03 0.000000000000000000e+00 0.000000000000000000e+00
5.490196078431372429e-04 0.000000000000000000e+00 8.469165198070661518e+02 1.719907492568517822e-24 4.775671869014356616e+02 2.459817764893966341e+03 0.000000000000000000e+00 0.000000000000000000e+00
1.098039215686274486e-03 0.000000000000000000e+00 8.469165198070661518e+02 1.719907492568517822e-24 4.775671869014356616e+02 2.459817764893966341e+03 0.000000000000000000e+00 0.000000000000000000e+00
1.647058823529411620e-03 0.000000000000000000e+00 8.469165091101763210e+02 1.719907510007686956e-24 4.775671869014356616e+02 2.455253875349230384e+03 0.000000000000000000e+00 0.000000000000000000e+00
2.196078431372548972e-03 0.000000000000000000e+00 8.469157876900015935e+02 1.720074284863030284e-24 4.775671869014386175e+02 2.427701634028523131e+03 0.000000000000000000e+00 0.000000000000000000e+00
2.745098039215686323e-03 0.000000000000000000e+00 8.468930637102154151e+02 1.810494177570478774e-24 4.775671869117529695e+02 2.347356609737241342e+03 0.000000000000000000e+00 0.000000000000000000e+00
3.294117647058823241e-03 0.000000000000000000e+00 8.462361552850163662e+02 2.189889233622169313e-24 4.775672332485809193e+02 2.204561348102997272e+03 0.000000000000000000e+00 0.000000000000000000e+00
3.843137254901960592e-03 0.000000000000000000e+00 8.201310784882352891e+02 3.079551847305261562e-24 4.779776515003550230e+02 1.972590151748509925e+03 0.000000000000000000e+00 0.000000000000000000e+00
4.392156862745097944e-03 0.000000000000000000e+00 7.376273492875873217e+02 3.062259487746044274e-24 4.606800993253444290e+02 1.670078151009446856e+03 0.000000000000000000e+00 1.650165751007446715e+03
4.941176470588235295e-03 0.000000000000000000e+00 7.376273492875873217e+02 3.062259487746044274e-24 4.606800993253444290e+02 1.670078151009446856e+03 0.000000000000000000e+00 1.650165751007446715e+03
5.490196078431372646e-03 0.000000000000000000e+00 7.376273497006421849e+02 3.062259485530386563e-24 4.606800993253444290e+02 1.671338644745704414e+03 0.000000000000000000e+00 1.650165751212146688e+03
6.039215686274509998e-03 0.000000000000000000e+00 7.376274217729943530e+02 3.062235035167282506e-24 4.606800993253442584e+02 1.684325257564901904e+03 0.000000000000000000e+00 1.650165770349866762e+03
6.588235294117646482e-03 0.000000000000000000e+00 7.376307980236557569e+02 3.002492931078510981e-24 4.606800993242774780e+02 1.730898221835141612e+03 0.000000000000000000e+00 1.650166069464544307e+03
7.137254901960783833e-03 0.000000000000000000e+00 7.377654419232687815e+02 2.625833688901801283e-24 4.606800951536097841e+02 1.831762450097433430e+03 0.000000000000000000e+00 1.650165076699561951e+03
7.686274509803921184e-03 0.000000000000000000e+00 7.443280769644737802e+02 2.002496568397390558e-24 4.606540789690710085e+02 2.009093482412658204e+03 0.000000000000000000e+00 1.649857383417455367e+03
8.235294117647059403e-03 0.000000000000000000e+00 8.469165198070661518e+02 1.719907492568517822e-24 4.775671869014356616e+02 2.459817764893966341e+03 0.000000000000000000e+00 0.000000000000000000e+00
8.784313725490195887e-03 0.000000000000000000e+00 8.469165198070661518e+02 1.719907492568517822e-24 4.775671869014356616e+02 2.459817764893966341e+03 0.000000000000000000e+00 0.000000000000000000e+00
9.333333333333332371e-03 0.000000000000000000e+00 8.469165198070661518e+02 1.719907492568517822e-24 4.775671869014356616e+02 2.459817764893966341e+03 0.000000000000000000e+00 0.000000000000000000e+00
9.882352941176470590e-03 0.000000000000000000e+00 8.469165198070661518e+02 1.719907492568517822e-24 4.775671869014356616e+02 2.459817764893966341e+03 0.000000000000000000e+00 0.000000000000000000e+00
1.043137254901960707e-02 0.000000000000000000e+00 8.469165198070661518e+02 1.719907492568518189e-24 4.775671869014356616e+02 2.459817764893966341e+03 0.000000000000000000e+00 0.000000000000000000e+00
1.098039215686274529e-02 0.000000000000000000e+00 8.469165198070661518e+02 1.719907492568518556e-24 4.775671869014356616e+02 2.459817764893966341e+03 0.000000000000000000e+00 0.000000000000000000e+00
1.152941176470588178e-02 0.000000000000000000e+00 8.469165198070661518e+02 1.719907492568518924e-24 4.775671869014356616e+02 2.459817764893966341e+03 0.000000000000000000e+00 0.000000000000000000e+00
1.207843137254902000e-02 0.000000000000000000e+00 8.469165198070661518e+02 1.719907492568517822e-24 4.775671869014356616e+02 2.459817764893966341e+03 0.000000000000000000e+00 0.000000000000000000e+00
1.262745098039215648e-02 0.000000000000000000e+00 8.469165198070661518e+02 1.719907492568517822e-24 4.775671869014356616e+02 2.459817764893966341e+03 0.000000000000000000e+00 0.000000000000000000e+00
1.317647058823529296e-02 0.000000000000000000e+00 8.469165198070661518e+02 1.719907492569865232e-24 4.775671869014356616e+02 2.459773901795368147e+03 0.000000000000000000e+00 0.000000000000000000e+00
1.372549019607843118e-02 0.000000000000000000e+00 8.469164977331216733e+02 1.719907559931438967e-24 4.775671869014356616e+02 2.453268323399692235e+03 0.000000000000000000e+00 0.000000000000000000e+00
1.427450980392156767e-02 0.000000000000000000e+00 8.469152940095883650e+02 1.720463699588781524e-24 4.775671869014450408e+02 2.420244937084169123e+03 0.000000000000000000e+00 0.000000000000000000e+00
1.482352941176470588e-02 0.000000000000000000e+00 8.468786567988281604e+02 1.845800578718663315e-24 4.775671869353312786e+02 2.330739306142386340e+03 0.000000000000000000e+00 0.000000000000000000e+00
1.537254901960784237e-02 0.000000000000000000e+00 8.458036704522022546e+02 2.273652337836764687e-24 4.775673460273648061e+02 2.179112713522619288e+03 0.000000000000000000e+00 0.000000000000000000e+00
1.592156862745098059e-02 0.000000000000000000e+00 8.008949182861766758e+02 3.325356664902225326e-24 4.787930810358415670e+02 1.936357294131462595e+03 0.000000000000000000e+00 0.000000000000000000e+00
1.647058823529411881e-02 0.000000000000000000e+00 7.376288993674173753e+02 3.043981394589521432e-24 4.606800993251600289e+02 1.716475302363977335e+03 0.000000000000000000e+00 1.650165941618334273e+03
1.701960784313725356e-02 0.000000000000000000e+00 7.376897350940229217e+02 2.726977519291393838e-24 4.606800986400618854e+02 1.805124377239469368e+03 0.000000000000000000e+00 1.650166397725479783e+03
1.756862745098039177e-02 0.000000000000000000e+00 7.404316630678468982e+02 2.157565733760810289e-24 4.606764054428139730e+02 1.961470344338689983e+03 0.000000000000000000e+00 1.650052187922425901e+03
1.811764705882352999e-02 0.000000000000000000e+00 8.469165198070661518e+02 1.719907492568517822e-24 4.775671869014356616e+02 2.459817764893966341e+03 0.000000000000000000e+00 0.000000000000000000e+00
1.866666666666666474e-02 0.000000000000000000e+00 8.469165198070661518e+02 1.719907492568520026e-24 4.775671869014356616e+02 2.459817764893966341e+03 0.000000000000000000e+00 0.000000000000000000e+00
1.921568627450980296e-02 0.000000000000000000e+00 8.469165198070661518e+02 1.719907492573002333e-24 4.775671869014356616e+02 2.459713909701229568e+03 0.000000000000000000e+00 0.000000000000000000e+00
1.976470588235294118e-02 0.000000000000000000e+00 8.469164888397714321e+02 1.719907624823030911e-24 4.775671869014356616e+02 2.452112764224748844e+03 0.000000000000000000e+00 0.000000000000000000e+00
2.031372549019607940e-02 0.000000000000000000e+00 8.469149380302707186e+02 1.720922749454963448e-24 4.775671869014524873e+02 2.416443060309923112e+03 0.000000000000000000e+00 0.000000000000000000e+00
2.086274509803921415e-02 0.000000000000000000e+00 8.468684373123833211e+02 1.865416373601265489e-24 4.775671869628619675e+02 2.332012810519542199e+03 0.000000000000000000e+00 0.000000000000000000e+00
2.141176470588235237e-02 0.000000000000000000e+00 8.454894373115497501e+02 2.313309953821625261e-24 4.775674867707608087e+02 2.213600733038957969e+03 0.000000000000000000e+00 0.000000000000000000e+00
2.196078431372549059e-02 0.000000000000000000e+00 7.923786294905046361e+02 3.104510586381650514e-24 4.791595440551160436e+02 2.048382687409254686e+03 0.000000000000000000e+00 0.000000000000000000e+00
2.250980392156862533e-02 0.000000000000000000e+00 7.394587297642056001e+02 2.233265446943546807e-24 4.606786843288965656e+02 1.939903795319446317e+03 0.000000000000000000e+00 1.650097745290633156e+03
2.305882352941176355e-02 0.000000000000000000e+00 8.469165198070661518e+02 1.719907492568518924e-24 4.775671869014356616e+02 2.459817764893966341e+03 0.000000000000000000e+00 0.000000000000000000e+00
2.360784313725490177e-02 0.000000000000000000e+00 8.469165198070661518e+02 1.719907492568518924e-24 4.775671869014356616e+02 2.459817764893966341e+03 0.000000000000000000e+00 0.000000000000000000e+00
2.415686274509803999e-02 0.000000000000000000e+00 8.469165198070661518e+02 1.719907492568517822e-24 4.775671869014356616e+02 2.459817764893966341e+03 0.000000000000000000e+00 0.000000000000000000e+00
2.470588235294117474e-02 0.000000000000000000e+00 8.469165198070661518e+02 1.719907492568517822e-24 4.775671869014356616e+02 2.459817764893966341e+03 0.000000000000000000e+00 0.000000000000000000e+00
2.525490196078431296e-02 0.000000000000000000e+00 8.469165198070661518e+02 1.719907492568517822e-24 4.775671869014356616e+02 2.459817764893966341e+03 0.000000000000000000e+00 0.000000000000000000e+00
2.580392156862745118e-02 0.000000000000000000e+00 8.469165198070661518e+02 1.719907492568517822e-24 4.775671869014356616e+02 2.459817764893966341e+03 0.000000000000000000e+00 0.000000000000000000e+00
2.635294117647058593e-02 0.000000000000000000e+00 8.469165198070661518e+02 1.719907492568518189e-24 4.775671869014356616e+02 2.459817764893966341e+03 0.000000000000000000e+00 0.000000000000000000e+00
2.690196078431372415e-02 0.000000000000000000e+00 8.469165198070661518e+02 1.719907492568520393e-24 4.775671869014356616e+02 2.459817764893966341e+03 0.000000000000000000e+00 0.000000000000000000e+00
2.745098039215686236e-02 0.000000000000000000e+00 0.000000000000000000e+00 0.000000000000000000e+00 0.000000000000000000e+00 0.000000000000000000e+00 0.000000000000000000e+00 0.000000000000000000e+00
