0.000000000000000000e+00 1.000000000000000000e+00 6.000000000000000000e+00 7.000000000000000000e+00 8.000000000000000000e+00 1.400000000000000000e+01 2.600000000000000000e+01 2.900000000000000000e+01
0.000000000000000000e+00 0.000000000000000000e+00 8.469165198070661518e+02 1.719907492568517822e-24 4.775671869014356616e+02 2.459817764893966341e+03 0.000000000000000000e+00 0.000000000000000000e+00
5.490196078431372429e-04 0.000000000000000000e+00 8.469165198070661518e+02 1.719907492568517822e-24 4.775671869014356616e+02 2.459817764893966341e+03 0.000000000000000000e+00 0.000000000000000000e+00
1.098039215686274486e-03 0.000000000000000000e+00 8.469165198070661518e+02 1.719907492568517822e-24 4.775671869014356616e+02 2.459817764893966341e+03 0.000000000000000000e+00 0.000000000000000000e+00
1.647058823529411620e-03 0.000000000000000000e+00 8.469165091101763210e+02 1.719907495157196624e-24 4.775671869014356616e+02 2.457318925597094221e+03 0.000000000000000000e+00 0.000000000000000000e+00
2.196078431372548972e-03 0.000000000000000000e+00 8.469157876900015935e+02 1.719951241760050523e-24 4.775671869014386175e+02 2.435286868016709832e+03 0.000000000000000000e+00 0.000000000000000000e+00
2.745098039215686323e-03 0.000000000000000000e+00 8.468930637102154151e+02 1.785155247849813628e-24 4.775671869117529695e+02 2.362706562033458795e+03 0.000000000000000000e+00 0.000000000000000000e+00
3.294117647058823241e-03 0.000000000000000000e+00 8.462361552850163662e+02 2.135658983735485420e-24 4.775672332485809193e+02 2.224410022737148211e+03 0.000000000000000000e+00 0.000000000000000000e+00
3.843137254901960592e-03 0.000000000000000000e+00 8.201310784882352891e+02 2.985133295504586710e-24 4.779776515003550230e+02 1.995439049594629523e+03 0.000000000000000000e+00 0.000000000000000000e+00
4.392156862745097944e-03 0.000000000000000000e+00 7.376273492875873217e+02 3.062259487746044274e-24 4.606800993253444290e+02 1.670078151009446856e+03 0.000000000000000000e+00 1.650165751007446715e+03
4.941176470588235295e-03 0.000000000000000000e+00 7.376273492875873217e+02 3.062259487746044274e-24 4.606800993253444290e+02 1.670078151009446856e+03 0.000000000000000000e+00 1.650165751007446715e+03
5.490196078431372646e-03 0.000000000000000000e+00 7.376273497006421849e+02 3.062259487471867196e-24 4.606800993253444290e+02 1.670589346113112697e+03 0.000000000000000000e+00 1.650165751212146688e+03
6.039215686274509998e-03 0.000000000000000000e+00 7.376274217729943530e+02 3.062254000361328615e-24 4.606800993253442584e+02 1.680272451648993638e+03 0.000000000000000000e+00 1.650165770349866762e+03
6.588235294117646482e-03 0.000000000000000000e+00 7.376307980236557569e+02 3.028755228840337743e-24 4.606800993242774780e+02 1.720486988128966004e+03 0.000000000000000000e+00 1.650166069464544307e+03
7.137254901960783833e-03 0.000000000000000000e+00 7.377654419232687815e+02 2.675485383737600810e-24 4.606800951536097841e+02 1.815697986569839259e+03 0.000000000000000000e+00 1.650165076699561951e+03
7.686274509803921184e-03 0.000000000000000000e+00 7.443280769644737802e+02 2.056226965366301476e-24 4.606540789690710085e+02 1.987289627225950426e+03 0.000000000000000000e+00 1.649857383417455367e+03
8.235294117647059403e-03 0.000000000000000000e+00 8.469165198070661518e+02 1.719907492568517822e-24 4.775671869014356616e+02 2.459817764893966341e+03 0.000000000000000000e+00 0.000000000000000000e+00
8.784313725490195887e-03 0.000000000000000000e+00 8.469165198070661518e+02 1.719907492568517822e-24 4.775671869014356616e+02 2.459817764893966341e+03 0.000000000000000000e+00 0.000000000000000000e+00
9.333333333333332371e-03 0.000000000000000000e+00 8.469165198070661518e+02 1.719907492568517822e-24 4.775671869014356616e+02 2.459817764893966341e+03 0.000000000000000000e+00 0.000000000000000000e+00
9.882352941176470590e-03 0.000000000000000000e+00 8.469165198070661518e+02 1.719907492568517822e-24 4.775671869014356616e+02 2.459817764893966341e+03 0.000000000000000000e+00 0.000000000000000000e+00
1.043137254901960707e-02 0.000000000000000000e+00 8.469165198070661518e+02 1.719907492568517822e-24 4.775671869014356616e+02 2.459817764893966341e+03 0.000000000000000000e+00 0.000000000000000000e+00
1.098039215686274529e-02 0.000000000000000000e+00 8.469165198070661518e+02 1.719907492568521495e-24 4.775671869014356616e+02 2.459817764893966341e+03 0.000000000000000000e+00 0.000000000000000000e+00
1.152941176470588178e-02 0.000000000000000000e+00 8.469165198070661518e+02 1.719907492568521495e-24 4.775671869014356616e+02 2.459817764893966341e+03 0.000000000000000000e+00 0.000000000000000000e+00
1.207843137254902000e-02 0.000000000000000000e+00 8.469165198070661518e+02 1.719907492568517822e-24 4.775671869014356616e+02 2.459817764893966341e+03 0.000000000000000000e+00 0.000000000000000000e+00
1.262745098039215648e-02 0.000000000000000000e+00 8.469165198070661518e+02 1.719907492568517822e-24 4.775671869014356616e+02 2.459817764893966341e+03 0.000000000000000000e+00 0.000000000000000000e+00
1.317647058823529296e-02 0.000000000000000000e+00 8.469165198070661518e+02 1.719907492568517822e-24 4.775671869014356616e+02 2.459817764893966341e+03 0.000000000000000000e+00 0.000000000000000000e+00
1.372549019607843118e-02 0.000000000000000000e+00 8.469164977331216733e+02 1.719907503507286582e-24 4.775671869014356616e+02 2.455930648924863817e+03 0.000000000000000000e+00 0.000000000000000000e+00
1.427450980392156767e-02 0.000000000000000000e+00 8.469152940095883650e+02 1.720069733301762903e-24 4.775671869014450408e+02 2.428934097358294821e+03 0.000000000000000000e+00 0.000000000000000000e+00
1.482352941176470588e-02 0.000000000000000000e+00 8.468786567988281604e+02 1.816563029392654775e-24 4.775671869353312786e+02 2.346835721607851156e+03 0.000000000000000000e+00 0.000000000000000000e+00
1.537254901960784237e-02 0.000000000000000000e+00 8.458036704522022546e+02 2.216120679557511515e-24 4.775673460273648061e+02 2.198908144786095363e+03 0.000000000000000000e+00 0.000000000000000000e+00
1.592156862745098059e-02 0.000000000000000000e+00 8.008949182861766758e+02 3.221450830370310453e-24 4.787930810358415670e+02 1.953472089052604588e+03 0.000000000000000000e+00 0.000000000000000000e+00
1.647058823529411881e-02 0.000000000000000000e+00 7.376288993674173753e+02 3.055785761694192834e-24 4.606800993251600289e+02 1.707559935150820138e+03 0.000000000000000000e+00 1.650165941618334273e+03
1.701960784313725356e-02 0.000000000000000000e+00 7.376897350940229217e+02 2.773838871257467224e-24 4.606800986400618854e+02 1.790197750283966343e+03 0.000000000000000000e+00 1.650166397725479783e+03
1.756862745098039177e-02 0.000000000000000000e+00 7.404316630678468982e+02 2.214063372636431312e-24 4.606764054428139730e+02 1.940871685055919897e+03 0.000000000000000000e+00 1.650052187922425901e+03
1.811764705882352999e-02 0.000000000000000000e+00 8.469165198070661518e+02 1.719907492568517822e-24 4.775671869014356616e+02 2.459817764893966341e+03 0.000000000000000000e+00 0.000000000000000000e+00
1.866666666666666474e-02 0.000000000000000000e+00 8.469165198070661518e+02 1.719907492568519291e-24 4.775671869014356616e+02 2.459817764893966341e+03 0.000000000000000000e+00 0.000000000000000000e+00
1.921568627450980296e-02 0.000000000000000000e+00 8.469165198070661518e+02 1.719907492568519291e-24 4.775671869014356616e+02 2.459817764893966341e+03 0.000000000000000000e+00 0.000000000000000000e+00
1.976470588235294118e-02 0.000000000000000000e+00 8.469164888397714321e+02 1.719907514299369811e-24 4.775671869014356616e+02 2.455054708410186777e+03 0.000000000000000000e+00 0.000000000000000000e+00
2.031372549019607940e-02 0.000000000000000000e+00 8.469149380302707186e+02 1.720209616515699564e-24 4.775671869014524873e+02 2.425408717053971486e+03 0.000000000000000000e+00 0.000000000000000000e+00
2.086274509803921415e-02 0.000000000000000000e+00 8.468684373123833211e+02 1.834614165325706665e-24 4.775671869628619675e+02 2.345041470639892850e+03 0.000000000000000000e+00 0.000000000000000000e+00
2.141176470588235237e-02 0.000000000000000000e+00 8.454894373115497501e+02 2.256786205541752286e-24 4.775674867707608087e+02 2.224709888517350919e+03 0.000000000000000000e+00 0.000000000000000000e+00
2.196078431372549059e-02 0.000000000000000000e+00 7.923786294905046361e+02 3.081478726128206763e-24 4.791595440551160436e+02 2.046168026603097587e+03 0.000000000000000000e+00 0.000000000000000000e+00
2.250980392156862533e-02 0.000000000000000000e+00 7.394587297642056001e+02 2.286328426237467260e-24 4.606786843288965656e+02 1.920021093853084494e+03 0.000000000000000000e+00 1.650097745290633156e+03
2.305882352941176355e-02 0.000000000000000000e+00 8.469165198070661518e+02 1.719907492568520026e-24 4.775671869014356616e+02 2.459817764893966341e+03 0.000000000000000000e+00 0.000000000000000000e+00
2.360784313725490177e-02 0.000000000000000000e+00 8.469165198070661518e+02 1.719907492568520026e-24 4.775671869014356616e+02 2.459817764893966341e+03 0.000000000000000000e+00 0.000000000000000000e+00
2.415686274509803999e-02 0.000000000000000000e+00 8.469165198070661518e+02 1.719907492568517822e-24 4.775671869014356616e+02 2.459817764893966341e+03 0.000000000000000000e+00 0.000000000000000000e+00
2.470588235294117474e-02 0.000000000000000000e+00 8.469165198070661518e+02 1.719907492568517822e-24 4.775671869014356616e+02 2.459817764893966341e+03 0.000000000000000000e+00 0.000000000000000000e+00
2.525490196078431296e-02 0.000000000000000000e+00 8.469165198070661518e+02 1.719907492568517822e-24 4.775671869014356616e+02 2.459817764893966341e+03 0.000000000000000000e+00 0.000000000000000000e+00
2.580392156862745118e-02 0.000000000000000000e+00 8.469165198070661518e+02 1.719907492568517822e-24 4.775671869014356616e+02 2.459817764893966341e+03 0.000000000000000000e+00 0.000000000000000000e+00
2.635294117647058593e-02 0.000000000000000000e+00 8.469165198070661518e+02 1.719907492568517822e-24 4.775671869014356616e+02 2.459817764893966341e+03 0.000000000000000000e+00 0.000000000000000000e+00
2.690196078431372415e-02 0.000000000000000000e+00 8.469165198070661518e+02 1.719907492568519658e-24 4.775671869014356616e+02 2.459817764893966341e+03 0.000000000000000000e+00 0.000000000000000000e+00
2.745098039215686236e-02 0.000000000000000000e+00 0.000000000000000000e+00 0.000000000000000000e+00 0.000000000000000000e+00 0.000000000000000000e+00 0.000000000000000000e+00 0.000000000000000000e+00
