0.000000000000000000e+00 1.000000000000000000e+00 6.000000000000000000e+00 7.000000000000000000e+00 8.000000000000000000e+00 1.400000000000000000e+01 2.600000000000000000e+01 2.900000000000000000e+01
0.000000000000000000e+00 0.000000000000000000e+00 8.469165198070661518e+02 1.719907492568517822e-24 4.775671869014356616e+02 2.459817764893966341e+03 0.000000000000000000e+00 0.000000000000000000e+00
5.490196078431372429e-04 0.000000000000000000e+00 8.469165198070661518e+02 1.719907492568522230e-24 4.775671869014356616e+02 2.459817764893966341e+03 0.000000000000000000e+00 0.000000000000000000e+00
1.098039215686274486e-03 0.000000000000000000e+00 8.469165198070661518e+02 1.719907492568520393e-24 4.775671869014356616e+02 2.459817764893966341e+03 0.000000000000000000e+00 0.000000000000000000e+00
1.647058823529411620e-03 0.000000000000000000e+00 8.469165198070661518e+02 1.719907492568517822e-24 4.775671869014356616e+02 2.459817764893966341e+03 0.000000000000000000e+00 0.000000000000000000e+00
2.196078431372548972e-03 0.000000000000000000e+00 8.469165198070661518e+02 1.719907492568517822e-24 4.775671869014356616e+02 2.459817764893966341e+03 0.000000000000000000e+00 0.000000000000000000e+00
2.745098039215686323e-03 0.000000000000000000e+00 8.469165198070661518e+02 1.719907492568517822e-24 4.775671869014356616e+02 2.459817764893966341e+03 0.000000000000000000e+00 0.000000000000000000e+00
3.294117647058823241e-03 0.000000000000000000e+00 8.469165198070661518e+02 1.719907492568517822e-24 4.775671869014356616e+02 2.459817764893966341e+03 0.000000000000000000e+00 0.000000000000000000e+00
3.843137254901960592e-03 0.000000000000000000e+00 8.469165198070661518e+02 1.719907492568517822e-24 4.775671869014356616e+02 2.459817764893966341e+03 0.000000000000000000e+00 0.000000000000000000e+00
4.392156862745097944e-03 0.000000000000000000e+00 7.413536153756947442e+02 2.159907078849454305e-24 4.606732746306645936e+02 1.955669444769586335e+03 0.000000000000000000e+00 1.650007692321388504e+03
4.941176470588235295e-03 0.000000000000000000e+00 7.377084859618189512e+02 2.742145528666639635e-24 4.606800980990536232e+02 1.798365757825169339e+03 0.000000000000000000e+00 1.650166162210121456e+03
5.490196078431372646e-03 0.000000000000000000e+00 7.376293715036692902e+02 3.050638103503434725e-24 4.606800993250175225e+02 1.711544128037218570e+03 0.000000000000000000e+00 1.650165978534975693e+03
6.039215686274509998e-03 0.000000000000000000e+00 7.376273889301620557e+02 3.062258067396565844e-24 4.606800993253443721e+02 1.677693829615253890e+03 0.000000000000000000e+00 1.650165762825101865e+03
6.588235294117646482e-03 0.000000000000000000e+00 7.376273494169507785e+02 3.062259487690426861e-24 4.606800993253444290e+02 1.670294707859914524e+03 0.000000000000000000e+00 1.650165751075404614e+03
7.137254901960783833e-03 0.000000000000000000e+00 7.376273492875873217e+02 3.062259487746044274e-24 4.606800993253444290e+02 1.670078151009446856e+03 0.000000000000000000e+00 1.650165751007446715e+03
7.686274509803921184e-03 0.000000000000000000e+00 7.376273492875873217e+02 3.062259487746044274e-24 4.606800993253444290e+02 1.670078151009446856e+03 0.000000000000000000e+00 1.650165751007446715e+03
8.235294117647059403e-03 0.000000000000000000e+00 8.319252213248638554e+02 2.810628949322552301e-24 4.776659821734203319e+02 2.038855642567305495e+03 0.000000000000000000e+00 0.000000000000000000e+00
8.784313725490195887e-03 0.000000000000000000e+00 8.464993912687223201e+02 2.065168748613022210e-24 4.775672003887231085e+02 2.248369661313851793e+03 0.000000000000000000e+00 0.000000000000000000e+00
9.333333333333332371e-03 0.000000000000000000e+00 8.469020300347254988e+02 1.759442379682032475e-24 4.775671869046119014e+02 2.377240935390902450e+03 0.000000000000000000e+00 0.000000000000000000e+00
9.882352941176470590e-03 0.000000000000000000e+00 8.469160873978530617e+02 1.719918940109919607e-24 4.775671869014366848e+02 2.440633690584115357e+03 0.000000000000000000e+00 0.000000000000000000e+00
1.043137254901960707e-02 0.000000000000000000e+00 8.469165150588914912e+02 1.719907493129283361e-24 4.775671869014356616e+02 2.458345596899623615e+03 0.000000000000000000e+00 0.000000000000000000e+00
1.098039215686274529e-02 0.000000000000000000e+00 8.469165198070661518e+02 1.719907492568517822e-24 4.775671869014356616e+02 2.459817764893966341e+03 0.000000000000000000e+00 0.000000000000000000e+00
1.152941176470588178e-02 0.000000000000000000e+00 8.469165198070661518e+02 1.719907492568517822e-24 4.775671869014356616e+02 2.459817764893966341e+03 0.000000000000000000e+00 0.000000000000000000e+00
1.207843137254902000e-02 0.000000000000000000e+00 8.469165198070661518e+02 1.719907492568518556e-24 4.775671869014356616e+02 2.459817764893966341e+03 0.000000000000000000e+00 0.000000000000000000e+00
1.262745098039215648e-02 0.000000000000000000e+00 8.469165198070661518e+02 1.719907492568521495e-24 4.775671869014356616e+02 2.459817764893966341e+03 0.000000000000000000e+00 0.000000000000000000e+00
1.317647058823529296e-02 0.000000000000000000e+00 8.469165198070661518e+02 1.719907492568518924e-24 4.775671869014356616e+02 2.459817764893966341e+03 0.000000000000000000e+00 0.000000000000000000e+00
1.372549019607843118e-02 0.000000000000000000e+00 8.469165198070661518e+02 1.719907492568517822e-24 4.775671869014356616e+02 2.459817764893966341e+03 0.000000000000000000e+00 0.000000000000000000e+00
1.427450980392156767e-02 0.000000000000000000e+00 8.469165198070661518e+02 1.719907492568517822e-24 4.775671869014356616e+02 2.459817764893966341e+03 0.000000000000000000e+00 0.000000000000000000e+00
1.482352941176470588e-02 0.000000000000000000e+00 8.469165198070661518e+02 1.719907492568517822e-24 4.775671869014356616e+02 2.459817764893966341e+03 0.000000000000000000e+00 0.000000000000000000e+00
1.537254901960784237e-02 0.000000000000000000e+00 8.469165198070661518e+02 1.719907492568517822e-24 4.775671869014356616e+02 2.459817764893966341e+03 0.000000000000000000e+00 0.000000000000000000e+00
1.592156862745098059e-02 0.000000000000000000e+00 8.469165198070661518e+02 1.719907492568517822e-24 4.775671869014356616e+02 2.459817764893966341e+03 0.000000000000000000e+00 0.000000000000000000e+00
1.647058823529411881e-02 0.000000000000000000e+00 7.397376259427122704e+02 2.263432785176835871e-24 4.606781369916608924e+02 1.926777242638545204e+03 0.000000000000000000e+00 1.650084898280431389e+03
1.701960784313725356e-02 0.000000000000000000e+00 7.376752850908112578e+02 2.803754951875391841e-24 4.606800989437293765e+02 1.782365027282042092e+03 0.000000000000000000e+00 1.650166520929959233e+03
1.756862745098039177e-02 0.000000000000000000e+00 7.376285351721845700e+02 3.058905783732496610e-24 4.606800993252393823e+02 1.703885705620122735e+03 0.000000000000000000e+00 1.650165909815005307e+03
1.811764705882352999e-02 0.000000000000000000e+00 8.109801214671415437e+02 3.098049643536907292e-24 4.783429362106350595e+02 1.976853801827052621e+03 0.000000000000000000e+00 0.000000000000000000e+00
1.866666666666666474e-02 0.000000000000000000e+00 8.460476488299584616e+02 2.175281791006986327e-24 4.775672711484092474e+02 2.211831839202258379e+03 0.000000000000000000e+00 0.000000000000000000e+00
1.921568627450980296e-02 0.000000000000000000e+00 8.468867341768291226e+02 1.800381334297480039e-24 4.775671869198299078e+02 2.354929689221207809e+03 0.000000000000000000e+00 0.000000000000000000e+00
1.976470588235294118e-02 0.000000000000000000e+00 8.469155722824037866e+02 1.719987354393278680e-24 4.775671869014408344e+02 2.432270857296286977e+03 0.000000000000000000e+00 0.000000000000000000e+00
2.031372549019607940e-02 0.000000000000000000e+00 8.469165043997621751e+02 1.719907497902504171e-24 4.775671869014356616e+02 2.456679654803458561e+03 0.000000000000000000e+00 0.000000000000000000e+00
2.086274509803921415e-02 0.000000000000000000e+00 8.469165198070661518e+02 1.719907492568520026e-24 4.775671869014356616e+02 2.459817764893966341e+03 0.000000000000000000e+00 0.000000000000000000e+00
2.141176470588235237e-02 0.000000000000000000e+00 8.469165198070661518e+02 1.719907492568518189e-24 4.775671869014356616e+02 2.459817764893966341e+03 0.000000000000000000e+00 0.000000000000000000e+00
2.196078431372549059e-02 0.000000000000000000e+00 8.469165198070661518e+02 1.719907492568517822e-24 4.775671869014356616e+02 2.459817764893966341e+03 0.000000000000000000e+00 0.000000000000000000e+00
2.250980392156862533e-02 0.000000000000000000e+00 7.392183047135754350e+02 2.309192122664879451e-24 4.606790780329437212e+02 1.913438964561025614e+03 0.000000000000000000e+00 1.650108608640710145e+03
2.305882352941176355e-02 0.000000000000000000e+00 7.964906095996659587e+02 3.032674827867441135e-24 4.789865900299586770e+02 2.054121543163539627e+03 0.000000000000000000e+00 0.000000000000000000e+00
2.360784313725490177e-02 0.000000000000000000e+00 8.456571366031647585e+02 2.235493905537069257e-24 4.775674058699776197e+02 2.229553601719149356e+03 0.000000000000000000e+00 0.000000000000000000e+00
2.415686274509803999e-02 0.000000000000000000e+00 8.468738372103224492e+02 1.825339701102099456e-24 4.775671869472212734e+02 2.348749639496185409e+03 0.000000000000000000e+00 0.000000000000000000e+00
2.470588235294117474e-02 0.000000000000000000e+00 8.469151279234134790e+02 1.720118556279010311e-24 4.775671869014482809e+02 2.427221355417931136e+03 0.000000000000000000e+00 0.000000000000000000e+00
2.525490196078431296e-02 0.000000000000000000e+00 8.469164936868191944e+02 1.719907508405377585e-24 4.775671869014356616e+02 2.455510376087704572e+03 0.000000000000000000e+00 0.000000000000000000e+00
2.580392156862745118e-02 0.000000000000000000e+00 8.469165198070661518e+02 1.719907492568517822e-24 4.775671869014356616e+02 2.459817764893966341e+03 0.000000000000000000e+00 0.000000000000000000e+00
2.635294117647058593e-02 0.000000000000000000e+00 8.469165198070661518e+02 1.719907492568517822e-24 4.775671869014356616e+02 2.459817764893966341e+03 0.000000000000000000e+00 0.000000000000000000e+00
2.690196078431372415e-02 0.000000000000000000e+00 8.469165198070661518e+02 1.719907492568517822e-24 4.775671869014356616e+02 2.459817764893966341e+03 0.000000000000000000e+00 0.000000000000000000e+00
2.745098039215686236e-02 0.000000000000000000e+00 0.000000000000000000e+00 0.000000000000000000e+00 0.000000000000000000e+00 0.000000000000000000e+00 0.000000000000000000e+00 0.000000000000000000e+00
