0.000000000000000000e+00 1.000000000000000000e+00 6.000000000000000000e+00 7.000000000000000000e+00 8.000000000000000000e+00 1.400000000000000000e+01 2.600000000000000000e+01 2.900000000000000000e+01
0.000000000000000000e+00 0.000000000000000000e+00 8.016043284949679446e+02 1.248296649727187013e-05 4.780911210887037441e+02 1.880316701966536493e+04 0.000000000000000000e+00 0.000000000000000000e+00
6.930693069306931428e-05 0.000000000000000000e+00 8.016043284949679446e+02 1.248296649727188368e-05 4.780911210887037441e+02 1.880316701966536493e+04 0.000000000000000000e+00 0.000000000000000000e+00
1.386138613861386286e-04 0.000000000000000000e+00 8.016043284949679446e+02 1.248296649727188029e-05 4.780911210887037441e+02 1.880316701966536493e+04 0.000000000000000000e+00 0.000000000000000000e+00
2.079207920792079428e-04 0.000000000000000000e+00 8.016043284949679446e+02 1.248296649727188199e-05 4.780911210887037441e+02 1.880316701966536493e+04 0.000000000000000000e+00 0.000000000000000000e+00
2.772277227722772571e-04 0.000000000000000000e+00 8.016043284949679446e+02 1.248296649727187690e-05 4.780911210887037441e+02 1.880316701966536493e+04 0.000000000000000000e+00 0.000000000000000000e+00
3.465346534653465714e-04 0.000000000000000000e+00 8.016043284949679446e+02 1.248296649727187521e-05 4.780911210887037441e+02 1.880316701966536493e+04 0.000000000000000000e+00 0.000000000000000000e+00
4.158415841584158857e-04 0.000000000000000000e+00 8.016043284949679446e+02 1.248296649727187182e-05 4.780911210887037441e+02 1.880316701966536493e+04 0.000000000000000000e+00 0.000000000000000000e+00
4.851485148514851999e-04 0.000000000000000000e+00 8.016043284949679446e+02 1.248296649727187013e-05 4.780911210887037441e+02 1.880316701966536493e+04 0.000000000000000000e+00 0.000000000000000000e+00
5.544554455445545142e-04 0.000000000000000000e+00 8.016043284949679446e+02 1.248296649727187013e-05 4.780911210887037441e+02 1.880316701966536493e+04 0.000000000000000000e+00 0.000000000000000000e+00
6.237623762376238827e-04 0.000000000000000000e+00 8.016043284949679446e+02 1.248296649727187013e-05 4.780911210887037441e+02 1.880316701966536493e+04 0.000000000000000000e+00 0.000000000000000000e+00
6.930693069306931428e-04 0.000000000000000000e+00 8.016043284949679446e+02 1.248296649727187013e-05 4.780911210887037441e+02 1.880316701966536493e+04 0.000000000000000000e+00 0.000000000000000000e+00
7.623762376237624028e-04 0.000000000000000000e+00 8.016043284949679446e+02 1.248296649727187013e-05 4.780911210887037441e+02 1.880316701966536493e+04 0.000000000000000000e+00 0.000000000000000000e+00
8.316831683168317713e-04 0.000000000000000000e+00 8.016043284949679446e+02 1.248296649727187013e-05 4.780911210887037441e+02 1.880316701966536493e+04 0.000000000000000000e+00 0.000000000000000000e+00
9.009900990099011398e-04 0.000000000000000000e+00 8.016043284949679446e+02 1.248296649727187013e-05 4.780911210887037441e+02 1.880316701966536493e+04 0.000000000000000000e+00 0.000000000000000000e+00
9.702970297029703999e-04 0.000000000000000000e+00 8.016043284949679446e+02 1.248296649727187013e-05 4.780911210887037441e+02 1.880316701966536493e+04 0.000000000000000000e+00 0.000000000000000000e+00
1.039603960396039660e-03 0.000000000000000000e+00 7.206653910814939081e+02 1.313938731272198173e-05 4.537160679702607240e+02 1.784212198095512213e+04 4.398190280472054496e+02 0.000000000000000000e+00
1.108910891089109028e-03 0.000000000000000000e+00 7.035634843113814441e+02 1.474960089776543357e-05 4.555168774537285685e+02 1.750267438310025682e+04 4.413927921694618703e+02 0.000000000000000000e+00
1.178217821782178397e-03 0.000000000000000000e+00 6.879569206928690619e+02 1.596689064122862754e-05 4.570141284060391058e+02 1.725832680832500409e+04 4.427631539675206795e+02 0.000000000000000000e+00
1.247524752475247765e-03 0.000000000000000000e+00 6.799943155269510271e+02 1.691675004309558652e-05 4.575310233716464836e+02 1.707058899345132886e+04 4.433384940010864170e+02 0.000000000000000000e+00
1.316831683168316917e-03 0.000000000000000000e+00 6.762536582792681656e+02 1.763614487110931579e-05 4.576688144526932547e+02 1.692591316229365475e+04 4.435464382993123991e+02 0.000000000000000000e+00
1.386138613861386286e-03 0.000000000000000000e+00 6.745008164638533117e+02 1.809753446530982509e-05 4.577125121453951806e+02 1.681985948619050396e+04 4.436276982995004232e+02 0.000000000000000000e+00
1.455445544554455654e-03 0.000000000000000000e+00 6.737800259878971474e+02 1.825247822980658613e-05 4.577238682865898909e+02 1.675290887957322411e+04 4.436547280968794666e+02 0.000000000000000000e+00
1.524752475247524806e-03 0.000000000000000000e+00 6.734957613413082527e+02 1.829053969622775747e-05 4.577271494910881984e+02 1.671498433315994407e+04 4.436639344203801443e+02 0.000000000000000000e+00
1.594059405940594174e-03 0.000000000000000000e+00 6.734053361868701586e+02 1.829889621503576403e-05 4.577278539515585862e+02 1.669647688969806404e+04 4.436663739095462233e+02 0.000000000000000000e+00
1.663366336633663543e-03 0.000000000000000000e+00 6.733813871167302523e+02 1.830034572808492501e-05 4.577280081653421462e+02 1.669007102288952228e+04 4.436669707812055208e+02 0.000000000000000000e+00
1.732673267326732911e-03 0.000000000000000000e+00 6.733802275421090826e+02 1.830043415991664728e-05 4.577280149837873751e+02 1.668943268067062672e+04 4.436669987239329203e+02 0.000000000000000000e+00
1.801980198019802280e-03 0.000000000000000000e+00 6.733802275421090826e+02 1.830043415991664728e-05 4.577280149837873751e+02 1.668943268067062672e+04 4.436669987239329203e+02 0.000000000000000000e+00
1.871287128712871431e-03 0.000000000000000000e+00 6.733802275421090826e+02 1.830043415991664728e-05 4.577280149837873751e+02 1.668943268067062672e+04 4.436669987239329203e+02 0.000000000000000000e+00
1.940594059405940800e-03 0.000000000000000000e+00 6.733802275421090826e+02 1.830043415991664728e-05 4.577280149837873751e+02 1.668943268067062672e+04 4.436669987239329203e+02 0.000000000000000000e+00
2.009900990099009951e-03 0.000000000000000000e+00 6.531128746516567389e+02 1.786863418411204025e-05 4.523551690428905658e+02 1.627743721500322317e+04 0.000000000000000000e+00 2.815649868586827779e+03
2.079207920792079320e-03 0.000000000000000000e+00 6.472966581749660691e+02 1.784394364468669118e-05 4.521820702107384022e+02 1.605847302373185266e+04 0.000000000000000000e+00 2.865604163331036943e+03
2.148514851485148688e-03 0.000000000000000000e+00 6.403145895781090076e+02 1.782777631668956261e-05 4.519769488802754154e+02 1.590865172401551717e+04 0.000000000000000000e+00 2.925836697301738695e+03
2.217821782178218057e-03 0.000000000000000000e+00 6.361599689187431750e+02 1.781585990502193529e-05 4.518839548694371615e+02 1.579488928672107613e+04 0.000000000000000000e+00 2.963987799136735703e+03
2.287128712871287425e-03 0.000000000000000000e+00 6.342187320883562052e+02 1.780706647997305726e-05 4.518578548782742814e+02 1.570663602751057988e+04 0.000000000000000000e+00 2.983397923788507796e+03
2.356435643564356794e-03 0.000000000000000000e+00 6.333032845424150992e+02 1.780106570928841782e-05 4.518501291950789209e+02 1.563972341974877236e+04 0.000000000000000000e+00 2.993287228364679322e+03
2.425742574257426162e-03 0.000000000000000000e+00 6.329121375430175931e+02 1.779833808619109043e-05 4.518479535967395577e+02 1.559424012045124255e+04 0.000000000000000000e+00 2.997828260257131205e+03
2.495049504950495531e-03 0.000000000000000000e+00 6.327548690067447978e+02 1.779764071318306611e-05 4.518473557498742252e+02 1.556746612530764833e+04 0.000000000000000000e+00 2.999775983972638642e+03
2.564356435643564466e-03 0.000000000000000000e+00 6.327005235435933628e+02 1.779748044868532470e-05 4.518472085581462352e+02 1.555338946183372354e+04 0.000000000000000000e+00 3.000493116355471102e+03
2.633663366336633834e-03 0.000000000000000000e+00 6.326842985722418007e+02 1.779744873489799386e-05 4.518471765168956722e+02 1.554748049656029070e+04 0.000000000000000000e+00 3.000720198467201953e+03
2.702970297029703203e-03 0.000000000000000000e+00 6.326819296240680615e+02 1.779744505642623462e-05 4.518471723830313067e+02 1.554622235855519284e+04 0.000000000000000000e+00 3.000754737304813261e+03
2.772277227722772571e-03 0.000000000000000000e+00 6.326819296240680615e+02 1.779744505642623462e-05 4.518471723830313067e+02 1.554622235855519284e+04 0.000000000000000000e+00 3.000754737304813261e+03
2.841584158415841940e-03 0.000000000000000000e+00 6.326819296240680615e+02 1.779744505642623462e-05 4.518471723830313067e+02 1.554622235855519284e+04 0.000000000000000000e+00 3.000754737304813261e+03
2.910891089108911308e-03 0.000000000000000000e+00 6.326819296240680615e+02 1.779744505642623462e-05 4.518471723830313067e+02 1.554622235855519284e+04 0.000000000000000000e+00 3.000754737304813261e+03
2.980198019801980677e-03 0.000000000000000000e+00 6.326819296240680615e+02 1.779744505642623462e-05 4.518471723830313067e+02 1.554622235855519284e+04 0.000000000000000000e+00 3.000754737304813261e+03
3.049504950495049611e-03 0.000000000000000000e+00 7.306580429396276486e+02 1.715992826751742783e-05 4.816764240814743516e+02 1.700904014750541319e+04 0.000000000000000000e+00 0.000000000000000000e+00
3.118811881188118980e-03 0.000000000000000000e+00 7.567782738050364060e+02 1.545010684053126407e-05 4.798932377850279636e+02 1.751263084062941198e+04 0.000000000000000000e+00 0.000000000000000000e+00
3.188118811881188348e-03 0.000000000000000000e+00 7.789507278380357320e+02 1.429032914739648105e-05 4.786359024014318493e+02 1.789176429780679246e+04 0.000000000000000000e+00 0.000000000000000000e+00
3.257425742574257717e-03 0.000000000000000000e+00 7.907422272779351715e+02 1.347167809672387464e-05 4.782386319421933649e+02 1.819029707858854090e+04 0.000000000000000000e+00 0.000000000000000000e+00
3.326732673267327085e-03 0.000000000000000000e+00 7.966903016931318007e+02 1.291273135925102582e-05 4.781342247730506756e+02 1.842409782236644241e+04 0.000000000000000000e+00 0.000000000000000000e+00
3.396039603960396454e-03 0.000000000000000000e+00 7.996132962791900809e+02 1.260068364654940471e-05 4.781021062226361096e+02 1.859577595474921327e+04 0.000000000000000000e+00 0.000000000000000000e+00
3.465346534653465822e-03 0.000000000000000000e+00 8.008767013999770370e+02 1.250922277870115170e-05 4.780939572344879025e+02 1.870345663874272577e+04 0.000000000000000000e+00 0.000000000000000000e+00
3.534653465346535191e-03 0.000000000000000000e+00 8.013909769545728068e+02 1.248807796596880783e-05 4.780916846315656699e+02 1.876415700493328768e+04 0.000000000000000000e+00 0.000000000000000000e+00
3.603960396039604559e-03 0.000000000000000000e+00 8.015598692546180928e+02 1.248367643124258448e-05 4.780912181568209007e+02 1.879322112677207770e+04 0.000000000000000000e+00 0.000000000000000000e+00
3.673267326732673494e-03 0.000000000000000000e+00 8.016032239698649846e+02 1.248299249624119988e-05 4.780911231748568184e+02 1.880257548258486349e+04 0.000000000000000000e+00 0.000000000000000000e+00
3.742574257425742863e-03 0.000000000000000000e+00 8.016043284949679446e+02 1.248296649727187013e-05 4.780911210887037441e+02 1.880316701966536493e+04 0.000000000000000000e+00 0.000000000000000000e+00
3.811881188118812231e-03 0.000000000000000000e+00 8.016043284949679446e+02 1.248296649727187013e-05 4.780911210887037441e+02 1.880316701966536493e+04 0.000000000000000000e+00 0.000000000000000000e+00
3.881188118811881600e-03 0.000000000000000000e+00 8.016043284949679446e+02 1.248296649727187013e-05 4.780911210887037441e+02 1.880316701966536493e+04 0.000000000000000000e+00 0.000000000000000000e+00
3.950495049504950534e-03 0.000000000000000000e+00 8.016043284949679446e+02 1.248296649727187013e-05 4.780911210887037441e+02 1.880316701966536493e+04 0.000000000000000000e+00 0.000000000000000000e+00
4.019801980198019903e-03 0.000000000000000000e+00 7.248750964595309370e+02 1.249166098625122819e-05 4.532994591443911077e+02 1.797312160394420061e+04 4.394443790438726296e+02 0.000000000000000000e+00
4.089108910891089271e-03 0.000000000000000000e+00 7.090416029492544112e+02 1.434100066137111156e-05 4.549347683830024494e+02 1.758716174696312737e+04 4.408859792241560172e+02 0.000000000000000000e+00
4.158415841584158640e-03 0.000000000000000000e+00 6.914927620397797909e+02 1.564994370359899513e-05 4.567161189435240090e+02 1.732165104007228001e+04 4.424722008720100348e+02 0.000000000000000000e+00
4.227722772277228008e-03 0.000000000000000000e+00 6.816907297510845183e+02 1.666892388869643644e-05 4.574441931018172340e+02 1.711958559280115514e+04 4.432289972855175506e+02 0.000000000000000000e+00
4.297029702970297377e-03 0.000000000000000000e+00 6.770652415385405902e+02 1.745472828763154581e-05 4.576436750041692676e+02 1.696331579076330672e+04 4.435046629695564775e+02 0.000000000000000000e+00
4.366336633663366745e-03 0.000000000000000000e+00 6.748603295106977384e+02 1.799934187834677387e-05 4.577051134160381025e+02 1.684614207625590279e+04 4.436124444457239520e+02 0.000000000000000000e+00
4.435643564356436114e-03 0.000000000000000000e+00 6.739265336546204708e+02 1.822728182787205790e-05 4.577218696840461121e+02 1.676855296393352546e+04 4.436495802208715986e+02 0.000000000000000000e+00
4.504950495049505482e-03 0.000000000000000000e+00 6.533339748189331431e+02 1.785495255597189078e-05 4.523561722170722419e+02 1.632476524700797381e+04 0.000000000000000000e+00 2.815783744107454822e+03
4.574257425742574851e-03 0.000000000000000000e+00 6.478161826259557756e+02 1.784269374857463229e-05 4.521963246276990844e+02 1.608144840455321355e+04 0.000000000000000000e+00 2.861653558503853219e+03
4.643564356435644219e-03 0.000000000000000000e+00 6.407453087901612889e+02 1.782854249191465385e-05 4.519884504538256351e+02 1.591947160734205863e+04 0.000000000000000000e+00 2.922080118930527988e+03
4.712871287128713588e-03 0.000000000000000000e+00 6.363668704908744758e+02 1.781659354302287730e-05 4.518875856698799112e+02 1.580204591815086496e+04 0.000000000000000000e+00 2.962004377204274078e+03
4.782178217821782956e-03 0.000000000000000000e+00 6.343140984020062660e+02 1.780760061129131345e-05 4.518587945307692735e+02 1.571220377934435783e+04 0.000000000000000000e+00 2.982401167244216140e+03
4.851485148514852325e-03 0.000000000000000000e+00 6.333473085512944181e+02 1.780139536299832939e-05 4.518504311926470223e+02 1.564381301633203475e+04 0.000000000000000000e+00 2.992793202670492519e+03
4.920792079207921693e-03 0.000000000000000000e+00 6.329298019421620438e+02 1.779843811055996426e-05 4.518480297089220699e+02 1.559682129452802474e+04 0.000000000000000000e+00 2.997615355021038340e+03
4.990099009900991062e-03 0.000000000000000000e+00 6.327616085135387038e+02 1.779766484397654632e-05 4.518473773145925065e+02 1.556890637679095380e+04 0.000000000000000000e+00 2.999689734916413272e+03
5.059405940594059563e-03 0.000000000000000000e+00 7.338752819641752012e+02 1.687402385140908637e-05 4.814634408916474513e+02 1.710211963483693398e+04 0.000000000000000000e+00 0.000000000000000000e+00
5.128712871287128931e-03 0.000000000000000000e+00 7.606635243815208014e+02 1.525962711922583613e-05 4.796406009831134725e+02 1.757463328216764785e+04 0.000000000000000000e+00 0.000000000000000000e+00
5.198019801980198300e-03 0.000000000000000000e+00 7.811591936888299870e+02 1.415574509487172581e-05 4.785438024982907450e+02 1.793884411917607576e+04 0.000000000000000000e+00 0.000000000000000000e+00
5.267326732673267668e-03 0.000000000000000000e+00 7.918428879992812881e+02 1.337668941813009973e-05 4.782152553091122513e+02 1.822747141932545856e+04 0.000000000000000000e+00 0.000000000000000000e+00
5.336633663366337037e-03 0.000000000000000000e+00 7.972577096791897020e+02 1.285171868797891327e-05 4.781267774898219614e+02 1.845253870483725041e+04 0.000000000000000000e+00 0.000000000000000000e+00
5.405940594059406405e-03 0.000000000000000000e+00 7.998643819478793375e+02 1.257882038964331465e-05 4.781002143049126403e+02 1.861466400155782321e+04 0.000000000000000000e+00 0.000000000000000000e+00
5.475247524752475774e-03 0.000000000000000000e+00 8.009849076283078375e+02 1.250401015293561696e-05 4.780934078161661205e+02 1.871460784931786111e+04 0.000000000000000000e+00 0.000000000000000000e+00
5.544554455445545142e-03 0.000000000000000000e+00 7.194456358417551201e+02 1.328274301460026289e-05 4.538262262746419538e+02 1.777956474748674009e+04 4.399195433406740676e+02 0.000000000000000000e+00
5.613861386138614511e-03 0.000000000000000000e+00 7.021793323449967374e+02 1.485016238439949595e-05 4.556586923890690741e+02 1.747529137526297200e+04 4.415178261060458453e+02 0.000000000000000000e+00
5.683168316831683879e-03 0.000000000000000000e+00 6.871757735448883295e+02 1.604345530763854805e-05 4.570751076344426451e+02 1.724293653751030070e+04 4.428250411706685554e+02 0.000000000000000000e+00
5.752475247524753248e-03 0.000000000000000000e+00 6.591600922826435180e+02 1.657740018473480078e-05 4.521814552173146353e+02 1.665712101531799635e+04 0.000000000000000000e+00 2.836523282148922590e+03
5.821782178217822616e-03 0.000000000000000000e+00 6.505897736940668210e+02 1.723928832210718868e-05 4.521508612797775299e+02 1.629821631351431097e+04 0.000000000000000000e+00 2.868869453965353841e+03
5.891089108910891985e-03 0.000000000000000000e+00 6.419503836116061848e+02 1.764996511329906231e-05 4.519808767582548512e+02 1.604261597881889065e+04 0.000000000000000000e+00 2.923867515864332745e+03
5.960396039603961353e-03 0.000000000000000000e+00 6.368158142868237519e+02 1.777511451536836076e-05 4.518859301381152704e+02 1.586317156939352935e+04 0.000000000000000000e+00 2.962367106410628367e+03
6.029702970297030722e-03 0.000000000000000000e+00 7.264062472636447865e+02 1.785938549847317311e-05 4.820972236897536050e+02 1.701904271865110422e+04 0.000000000000000000e+00 0.000000000000000000e+00
6.099009900990099223e-03 0.000000000000000000e+00 7.495622389387524436e+02 1.587321381748675887e-05 4.804419069237138160e+02 1.749828224224169753e+04 0.000000000000000000e+00 0.000000000000000000e+00
6.168316831683168591e-03 0.000000000000000000e+00 7.742082821032330457e+02 1.458359531400955724e-05 4.788742018065315165e+02 1.785011191815806160e+04 0.000000000000000000e+00 0.000000000000000000e+00
6.237623762376237960e-03 0.000000000000000000e+00 7.882853772944849879e+02 1.367707389491112481e-05 4.783033278461728628e+02 1.813813221329690714e+04 0.000000000000000000e+00 0.000000000000000000e+00
6.306930693069307328e-03 0.000000000000000000e+00 7.953981106000134105e+02 1.304788466454416478e-05 4.781534603104029770e+02 1.837281173564996789e+04 0.000000000000000000e+00 0.000000000000000000e+00
6.376237623762376697e-03 0.000000000000000000e+00 7.990132872378646880e+02 1.266043973239762741e-05 4.781073450083208058e+02 1.855554726760125050e+04 0.000000000000000000e+00 0.000000000000000000e+00
6.445544554455446065e-03 0.000000000000000000e+00 8.006132133253361189e+02 1.252374072091575988e-05 4.780954083280476539e+02 1.867835864403054075e+04 0.000000000000000000e+00 0.000000000000000000e+00
6.514851485148515434e-03 0.000000000000000000e+00 8.012946645862103878e+02 1.249128292872624526e-05 4.780920282029735517e+02 1.875064314876394201e+04 0.000000000000000000e+00 0.000000000000000000e+00
6.584158415841584802e-03 0.000000000000000000e+00 8.015285859827935155e+02 1.248428951670579670e-05 4.780912942790824900e+02 1.878741383135189244e+04 0.000000000000000000e+00 0.000000000000000000e+00
6.653465346534654171e-03 0.000000000000000000e+00 8.015985884290022341e+02 1.248305994103715703e-05 4.780911323375429447e+02 1.880128786932887670e+04 0.000000000000000000e+00 0.000000000000000000e+00
6.722772277227723539e-03 0.000000000000000000e+00 8.016043284949679446e+02 1.248296649727187013e-05 4.780911210887037441e+02 1.880316701966536493e+04 0.000000000000000000e+00 0.000000000000000000e+00
6.792079207920792908e-03 0.000000000000000000e+00 8.016043284949679446e+02 1.248296649727187013e-05 4.780911210887037441e+02 1.880316701966536493e+04 0.000000000000000000e+00 0.000000000000000000e+00
6.861386138613862276e-03 0.000000000000000000e+00 8.016043284949679446e+02 1.248296649727187013e-05 4.780911210887037441e+02 1.880316701966536493e+04 0.000000000000000000e+00 0.000000000000000000e+00
6.930693069306931645e-03 0.000000000000000000e+00 0.000000000000000000e+00 0.000000000000000000e+00 0.000000000000000000e+00 0.000000000000000000e+00 0.000000000000000000e+00 0.000000000000000000e+00
