0.000000000000000000e+00 1.000000000000000000e+00 6.000000000000000000e+00 7.000000000000000000e+00 8.000000000000000000e+00 1.400000000000000000e+01 2.600000000000000000e+01 2.900000000000000000e+01
0.000000000000000000e+00 0.000000000000000000e+00 8.015911880509730736e+02 1.248296649727186166e-05 4.780987855166957274e+02 1.880316701966536129e+04 0.000000000000000000e+00 0.000000000000000000e+00
1.372549019607843107e-04 0.000000000000000000e+00 8.015911880509730736e+02 1.248296649727186166e-05 4.780987855166957274e+02 1.880316701966536129e+04 0.000000000000000000e+00 0.000000000000000000e+00
2.745098039215686215e-04 0.000000000000000000e+00 8.015911880509730736e+02 1.248296649727186166e-05 4.780987855166957274e+02 1.880316701966536129e+04 0.000000000000000000e+00 0.000000000000000000e+00
4.117647058823529051e-04 0.000000000000000000e+00 8.015693942907353176e+02 1.248414726332417779e-05 4.780988424694617152e+02 1.879409787466874695e+04 0.000000000000000000e+00 0.000000000000000000e+00
5.490196078431372429e-04 0.000000000000000000e+00 8.011849138778527504e+02 1.251958262557706950e-05 4.781008394840317237e+02 1.872886244576681929e+04 0.000000000000000000e+00 0.000000000000000000e+00
6.862745098039215808e-04 0.000000000000000000e+00 7.986360847747783964e+02 1.300481674463273547e-05 4.781326417283888190e+02 1.853782050516741219e+04 0.000000000000000000e+00 0.000000000000000000e+00
8.235294117647058102e-04 0.000000000000000000e+00 7.872976034989934533e+02 1.448072280688471410e-05 4.785385600713950680e+02 1.818553777268794511e+04 0.000000000000000000e+00 0.000000000000000000e+00
9.607843137254901481e-04 0.000000000000000000e+00 7.426414951931681117e+02 1.754871880608390797e-05 4.839553852290957252e+02 1.758970211408458272e+04 0.000000000000000000e+00 0.000000000000000000e+00
1.098039215686274486e-03 0.000000000000000000e+00 6.733704703930756068e+02 1.830043415991667438e-05 4.577350378196651377e+02 1.668943268067063036e+04 4.436685054529506260e+02 0.000000000000000000e+00
1.235294117647058824e-03 0.000000000000000000e+00 6.733704703930756068e+02 1.830043415991667438e-05 4.577350378196651377e+02 1.668943268067063036e+04 4.436685054529506260e+02 0.000000000000000000e+00
1.372549019607843162e-03 0.000000000000000000e+00 6.733689494833741946e+02 1.830042927478867687e-05 4.577350362324206117e+02 1.668776133360007225e+04 4.436685838512041187e+02 0.000000000000000000e+00
1.509803921568627499e-03 0.000000000000000000e+00 6.733135185088123080e+02 1.830020866845802907e-05 4.577349379695680227e+02 1.666522507468217373e+04 4.436721256981091983e+02 0.000000000000000000e+00
1.647058823529411620e-03 0.000000000000000000e+00 6.728478299929895456e+02 1.829647963087726703e-05 4.577332332550289493e+02 1.658738665274275991e+04 4.437116343324648255e+02 0.000000000000000000e+00
1.784313725490195958e-03 0.000000000000000000e+00 6.703786699203432136e+02 1.828120898299166145e-05 4.577116084361489925e+02 1.642562083630722918e+04 4.440045649514468096e+02 0.000000000000000000e+00
1.921568627450980296e-03 0.000000000000000000e+00 6.594190413256034162e+02 1.825254624186549877e-05 4.574300163978059004e+02 1.615744036036794751e+04 4.459704886590222941e+02 0.000000000000000000e+00
2.058823529411764851e-03 0.000000000000000000e+00 6.326733795682640675e+02 1.779744505642623462e-05 4.518541563964157604e+02 1.554622235855519284e+04 0.000000000000000000e+00 3.000704249583216097e+03
2.196078431372548972e-03 0.000000000000000000e+00 6.326733795682640675e+02 1.779744505642623462e-05 4.518541563964157604e+02 1.554622235855519284e+04 0.000000000000000000e+00 3.000704249583216097e+03
2.333333333333333093e-03 0.000000000000000000e+00 6.326737899368447415e+02 1.779737731159611343e-05 4.518541551520042390e+02 1.554699045788055082e+04 0.000000000000000000e+00 3.000704137014409753e+03
2.470588235294117647e-03 0.000000000000000000e+00 6.327418092730446233e+02 1.778895111735750368e-05 4.518538630365293898e+02 1.558138866981777755e+04 0.000000000000000000e+00 3.000687639580179166e+03
2.607843137254901768e-03 0.000000000000000000e+00 6.335076305943375701e+02 1.762424148115401831e-05 4.518477618196863546e+02 1.572949648817335037e+04 0.000000000000000000e+00 3.000526911001142253e+03
2.745098039215686323e-03 0.000000000000000000e+00 6.383455923032846613e+02 1.654830044412264269e-05 4.517651301386896421e+02 1.609086935141484355e+04 0.000000000000000000e+00 2.999659199107865788e+03
2.882352941176470444e-03 0.000000000000000000e+00 6.617899822081353705e+02 1.454142108411361428e-05 4.507393923988389588e+02 1.671870134849753958e+04 0.000000000000000000e+00 2.996159932901914544e+03
3.019607843137254999e-03 0.000000000000000000e+00 8.015911880509730736e+02 1.248296649727186166e-05 4.780987855166957274e+02 1.880316701966536129e+04 0.000000000000000000e+00 0.000000000000000000e+00
3.156862745098039120e-03 0.000000000000000000e+00 8.015911880509730736e+02 1.248296649727186166e-05 4.780987855166957274e+02 1.880316701966536129e+04 0.000000000000000000e+00 0.000000000000000000e+00
3.294117647058823241e-03 0.000000000000000000e+00 8.015911880509730736e+02 1.248296649727186166e-05 4.780987855166957274e+02 1.880316701966536129e+04 0.000000000000000000e+00 0.000000000000000000e+00
3.431372549019607796e-03 0.000000000000000000e+00 8.015536629488101426e+02 1.248506457879815507e-05 4.780988924650462764e+02 1.878953328400826285e+04 0.000000000000000000e+00 0.000000000000000000e+00
3.568627450980391917e-03 0.000000000000000000e+00 8.010322669594364697e+02 1.253890240021088214e-05 4.781019435673212001e+02 1.871122089215992673e+04 0.000000000000000000e+00 0.000000000000000000e+00
3.705882352941176471e-03 0.000000000000000000e+00 7.978128750075469497e+02 1.315248540649080018e-05 4.781481317767953101e+02 1.849750606569449155e+04 0.000000000000000000e+00 0.000000000000000000e+00
3.843137254901960592e-03 0.000000000000000000e+00 7.840130540989384826e+02 1.478917134511976742e-05 4.787348884462033425e+02 1.811919456405011806e+04 0.000000000000000000e+00 0.000000000000000000e+00
3.980392156862745147e-03 0.000000000000000000e+00 7.339470053960860696e+02 1.833598351446175958e-05 4.852756363568014422e+02 1.744312398922660213e+04 0.000000000000000000e+00 0.000000000000000000e+00
4.117647058823529702e-03 0.000000000000000000e+00 6.730296438895584288e+02 1.829819610833119693e-05 4.577340330880970214e+02 1.661110785085289899e+04 4.436949880586578843e+02 0.000000000000000000e+00
4.254901960784313389e-03 0.000000000000000000e+00 6.712549233483958915e+02 1.828543572504529019e-05 4.577213687504707877e+02 1.646763920194951788e+04 4.438897406906963852e+02 0.000000000000000000e+00
4.392156862745097944e-03 0.000000000000000000e+00 6.633690399236674011e+02 1.825925842237400399e-05 4.575638494760185608e+02 1.623545709116258513e+04 4.451738546729216637e+02 0.000000000000000000e+00
4.529411764705882498e-03 0.000000000000000000e+00 6.328970525638380877e+02 1.776426736981889622e-05 4.518529486341615211e+02 1.562498275403475236e+04 0.000000000000000000e+00 3.000652923054275107e+03
4.666666666666666186e-03 0.000000000000000000e+00 6.346687182522956618e+02 1.728909279799090341e-05 4.518336938196365509e+02 1.585615584083661452e+04 0.000000000000000000e+00 3.000304325273985341e+03
4.803921568627450740e-03 0.000000000000000000e+00 6.443120880454707731e+02 1.580610188568062837e-05 4.515933790287534180e+02 1.632031947379129633e+04 0.000000000000000000e+00 2.998701426156721482e+03
4.941176470588235295e-03 0.000000000000000000e+00 6.911589321604435554e+02 1.329537800362962049e-05 4.483272638371553853e+02 1.710587835446607642e+04 0.000000000000000000e+00 2.992123035555876413e+03
5.078431372549019850e-03 0.000000000000000000e+00 8.009395756288162147e+02 1.255248150834169218e-05 4.781026714903303514e+02 1.870098308277766773e+04 0.000000000000000000e+00 0.000000000000000000e+00
5.215686274509803537e-03 0.000000000000000000e+00 7.973015762953288004e+02 1.323388562051865392e-05 4.781581469001411051e+02 1.846222959722157975e+04 0.000000000000000000e+00 0.000000000000000000e+00
5.352941176470588092e-03 0.000000000000000000e+00 7.817909658298142404e+02 1.495324274313736924e-05 4.788629474174837242e+02 1.801514501174461475e+04 0.000000000000000000e+00 0.000000000000000000e+00
5.490196078431372646e-03 0.000000000000000000e+00 7.283618706423309277e+02 1.872840292794522465e-05 4.858724772879523925e+02 1.723713783155965211e+04 0.000000000000000000e+00 0.000000000000000000e+00
5.627450980392156334e-03 0.000000000000000000e+00 6.660698047860661291e+02 1.800026115705347898e-05 4.575960492725171775e+02 1.648841359203667525e+04 4.448276370120546517e+02 0.000000000000000000e+00
5.764705882352940888e-03 0.000000000000000000e+00 6.399195412603452269e+02 1.631839895272230726e-05 4.517262909982954397e+02 1.616207979323529253e+04 0.000000000000000000e+00 2.999398664234091939e+03
5.901960784313725443e-03 0.000000000000000000e+00 6.693329564300864831e+02 1.415816913325361350e-05 4.502200354139138767e+02 1.684171524361675984e+04 0.000000000000000000e+00 2.995128255203605477e+03
6.039215686274509998e-03 0.000000000000000000e+00 8.015911880509730736e+02 1.248296649727186166e-05 4.780987855166957274e+02 1.880316701966536129e+04 0.000000000000000000e+00 0.000000000000000000e+00
6.176470588235293685e-03 0.000000000000000000e+00 8.015911880509730736e+02 1.248296649727186166e-05 4.780987855166957274e+02 1.880316701966536129e+04 0.000000000000000000e+00 0.000000000000000000e+00
6.313725490196078240e-03 0.000000000000000000e+00 8.015911880509730736e+02 1.248296649727186166e-05 4.780987855166957274e+02 1.880316701966536129e+04 0.000000000000000000e+00 0.000000000000000000e+00
6.450980392156862794e-03 0.000000000000000000e+00 8.015911880509730736e+02 1.248296649727186166e-05 4.780987855166957274e+02 1.880316701966536129e+04 0.000000000000000000e+00 0.000000000000000000e+00
6.588235294117646482e-03 0.000000000000000000e+00 8.015911880509730736e+02 1.248296649727186335e-05 4.780987855166957274e+02 1.880316701966536129e+04 0.000000000000000000e+00 0.000000000000000000e+00
6.725490196078431036e-03 0.000000000000000000e+00 8.015911880509730736e+02 1.248296649727186843e-05 4.780987855166957274e+02 1.880316701966536129e+04 0.000000000000000000e+00 0.000000000000000000e+00
6.862745098039215591e-03 0.000000000000000000e+00 0.000000000000000000e+00 0.000000000000000000e+00 0.000000000000000000e+00 0.000000000000000000e+00 0.000000000000000000e+00 0.000000000000000000e+00
