0.000000000000000000e+00 1.000000000000000000e+00 6.000000000000000000e+00 7.000000000000000000e+00 8.000000000000000000e+00 1.400000000000000000e+01 2.600000000000000000e+01 2.900000000000000000e+01
0.000000000000000000e+00 0.000000000000000000e+00 8.016043284949679446e+02 1.248296649727187013e-05 4.780911210887037441e+02 1.880316701966536493e+04 0.000000000000000000e+00 0.000000000000000000e+00
6.930693069306931428e-05 0.000000000000000000e+00 8.016043284949679446e+02 1.248296649727187013e-05 4.780911210887037441e+02 1.880316701966536493e+04 0.000000000000000000e+00 0.000000000000000000e+00
1.386138613861386286e-04 0.000000000000000000e+00 8.016043284949679446e+02 1.248296649727187013e-05 4.780911210887037441e+02 1.880316701966536493e+04 0.000000000000000000e+00 0.000000000000000000e+00
2.079207920792079428e-04 0.000000000000000000e+00 8.016043284949679446e+02 1.248296649727187013e-05 4.780911210887037441e+02 1.880316701966536493e+04 0.000000000000000000e+00 0.000000000000000000e+00
2.772277227722772571e-04 0.000000000000000000e+00 8.016043284949679446e+02 1.248296649727187013e-05 4.780911210887037441e+02 1.880316701966536493e+04 0.000000000000000000e+00 0.000000000000000000e+00
3.465346534653465714e-04 0.000000000000000000e+00 8.016003741592994629e+02 1.248306087766109082e-05 4.780911337070060654e+02 1.880198485491160318e+04 0.000000000000000000e+00 0.000000000000000000e+00
4.158415841584158857e-04 0.000000000000000000e+00 8.015518182985294970e+02 1.248430293344398630e-05 4.780913155015653615e+02 1.879324104642161547e+04 0.000000000000000000e+00 0.000000000000000000e+00
4.851485148514851999e-04 0.000000000000000000e+00 8.013884782737310388e+02 1.249136800464839772e-05 4.780921398591412412e+02 1.877001940678895335e+04 0.000000000000000000e+00 0.000000000000000000e+00
5.544554455445545142e-04 0.000000000000000000e+00 8.009108085841678530e+02 1.252416057166653753e-05 4.780959372515378050e+02 1.872426188490278219e+04 0.000000000000000000e+00 0.000000000000000000e+00
6.237623762376238827e-04 0.000000000000000000e+00 7.997804024360336825e+02 1.266227408851075145e-05 4.781093456180101953e+02 1.864520935490099146e+04 0.000000000000000000e+00 0.000000000000000000e+00
6.930693069306931428e-04 0.000000000000000000e+00 7.972060069197684697e+02 1.305378552431757284e-05 4.781611318763657437e+02 1.852424353538219293e+04 0.000000000000000000e+00 0.000000000000000000e+00
7.623762376237624028e-04 0.000000000000000000e+00 7.920931605688786021e+02 1.368973209235395679e-05 4.783294136094370401e+02 1.836360089570016135e+04 0.000000000000000000e+00 0.000000000000000000e+00
8.316831683168317713e-04 0.000000000000000000e+00 7.818999397333333263e+02 1.460597093571242133e-05 4.789703728225280202e+02 1.815865575873469788e+04 0.000000000000000000e+00 0.000000000000000000e+00
9.009900990099011398e-04 0.000000000000000000e+00 7.638492496906534370e+02 1.590925166848721408e-05 4.807308825067457860e+02 1.789517403601573096e+04 0.000000000000000000e+00 0.000000000000000000e+00
9.702970297029703999e-04 0.000000000000000000e+00 7.462990173354877470e+02 1.792138458718982617e-05 4.825837044717484332e+02 1.752658013432599546e+04 0.000000000000000000e+00 0.000000000000000000e+00
1.039603960396039660e-03 0.000000000000000000e+00 6.733802275421090826e+02 1.830043415991664728e-05 4.577280149837873751e+02 1.668943268067062672e+04 4.436669987239329203e+02 0.000000000000000000e+00
1.108910891089109028e-03 0.000000000000000000e+00 6.733802275421090826e+02 1.830043415991664728e-05 4.577280149837873751e+02 1.668943268067062672e+04 4.436669987239329203e+02 0.000000000000000000e+00
1.178217821782178397e-03 0.000000000000000000e+00 6.733802275421090826e+02 1.830043415991664728e-05 4.577280149837873751e+02 1.668943268067062672e+04 4.436669987239329203e+02 0.000000000000000000e+00
1.247524752475247765e-03 0.000000000000000000e+00 6.733802275421090826e+02 1.830043415991664728e-05 4.577280149837873751e+02 1.668943268067062672e+04 4.436669987239329203e+02 0.000000000000000000e+00
1.316831683168316917e-03 0.000000000000000000e+00 6.733801824053858809e+02 1.830043398057508303e-05 4.577280149212812148e+02 1.668934591687747525e+04 4.436670012584430083e+02 0.000000000000000000e+00
1.386138613861386286e-03 0.000000000000000000e+00 6.733740660017622304e+02 1.830042607966427161e-05 4.577280056061788400e+02 1.668692271448528481e+04 4.436673636954697599e+02 0.000000000000000000e+00
1.455445544554455654e-03 0.000000000000000000e+00 6.733460502537866432e+02 1.830037311944234660e-05 4.577279553626486859e+02 1.667854226374558493e+04 4.436691623886383127e+02 0.000000000000000000e+00
1.524752475247524806e-03 0.000000000000000000e+00 6.732563989653078806e+02 1.830011911050754002e-05 4.577277159235960653e+02 1.666020322918065722e+04 4.436758424251514725e+02 0.000000000000000000e+00
1.594059405940594174e-03 0.000000000000000000e+00 6.730205311048375734e+02 1.829904478307570778e-05 4.577268443000140223e+02 1.662691527515691268e+04 4.436959579894187868e+02 0.000000000000000000e+00
1.663366336633663543e-03 0.000000000000000000e+00 6.724473351004654660e+02 1.829525763216891153e-05 4.577235115818139661e+02 1.657256601287078229e+04 4.437537652310916769e+02 0.000000000000000000e+00
1.732673267326732911e-03 0.000000000000000000e+00 6.712002200724100476e+02 1.828827181232517903e-05 4.577126195011065874e+02 1.649658466016911916e+04 4.439020469787083698e+02 0.000000000000000000e+00
1.801980198019802280e-03 0.000000000000000000e+00 6.686031405301388304e+02 1.827839170263080064e-05 4.576731040761697500e+02 1.639840195559465792e+04 4.442807654570921159e+02 0.000000000000000000e+00
1.871287128712871431e-03 0.000000000000000000e+00 6.633406291863723254e+02 1.826509525130887360e-05 4.575438233981577696e+02 1.627294848482883026e+04 4.452157990805270060e+02 0.000000000000000000e+00
1.940594059405940800e-03 0.000000000000000000e+00 6.562463887843750854e+02 1.824672189238582895e-05 4.573316085961915860e+02 1.610706043173680882e+04 4.466056762475744790e+02 0.000000000000000000e+00
2.009900990099009951e-03 0.000000000000000000e+00 6.326819296240680615e+02 1.779744505642623462e-05 4.518471723830313067e+02 1.554622235855519284e+04 0.000000000000000000e+00 3.000754737304813261e+03
2.079207920792079320e-03 0.000000000000000000e+00 6.326819296240680615e+02 1.779744505642623462e-05 4.518471723830313067e+02 1.554622235855519284e+04 0.000000000000000000e+00 3.000754737304813261e+03
2.148514851485148688e-03 0.000000000000000000e+00 6.326819296240680615e+02 1.779744505642623462e-05 4.518471723830313067e+02 1.554622235855519284e+04 0.000000000000000000e+00 3.000754737304813261e+03
2.217821782178218057e-03 0.000000000000000000e+00 6.326819296240680615e+02 1.779744505642623462e-05 4.518471723830313067e+02 1.554622235855519284e+04 0.000000000000000000e+00 3.000754737304813261e+03
2.287128712871287425e-03 0.000000000000000000e+00 6.326819296240680615e+02 1.779744505642623462e-05 4.518471723830313067e+02 1.554622235855519284e+04 0.000000000000000000e+00 3.000754737304813261e+03
2.356435643564356794e-03 0.000000000000000000e+00 6.326866708004353086e+02 1.779720590147144642e-05 4.518471516199908820e+02 1.554857815872644096e+04 0.000000000000000000e+00 3.000753522528098074e+03
2.425742574257426162e-03 0.000000000000000000e+00 6.327305940760809335e+02 1.779480415884832247e-05 4.518469398784325790e+02 1.556216811110638446e+04 0.000000000000000000e+00 3.000742950622208355e+03
2.495049504950495531e-03 0.000000000000000000e+00 6.328824630407152654e+02 1.778217724339627707e-05 4.518459933754321582e+02 1.559663455508979496e+04 0.000000000000000000e+00 3.000709055060060564e+03
2.564356435643564466e-03 0.000000000000000000e+00 6.333431441439290666e+02 1.772700997767632356e-05 4.518419239011940931e+02 1.566374931364594886e+04 0.000000000000000000e+00 3.000613770249909976e+03
2.633663366336633834e-03 0.000000000000000000e+00 6.345030990298650977e+02 1.750744581401483476e-05 4.518275463749174037e+02 1.577968827156187581e+04 0.000000000000000000e+00 3.000391387058923556e+03
2.702970297029703203e-03 0.000000000000000000e+00 6.373021713924160849e+02 1.698265597586909065e-05 4.517745835331504622e+02 1.595548409835468738e+04 0.000000000000000000e+00 2.999896713078944231e+03
2.772277227722772571e-03 0.000000000000000000e+00 6.433108604533636026e+02 1.622512681545959019e-05 4.516017590829707729e+02 1.619097731704692524e+04 0.000000000000000000e+00 2.998926734240074893e+03
2.841584158415841940e-03 0.000000000000000000e+00 6.563839592878417761e+02 1.524236062316445732e-05 4.509673197870980061e+02 1.649692814066030405e+04 0.000000000000000000e+00 2.997004475505539631e+03
2.910891089108911308e-03 0.000000000000000000e+00 6.802949535740334568e+02 1.397931864445446834e-05 4.494099929648047009e+02 1.690101422898694000e+04 0.000000000000000000e+00 2.993775846988834019e+03
2.980198019801980677e-03 0.000000000000000000e+00 7.019153948026480521e+02 1.219381347807217400e-05 4.479798222124497329e+02 1.749219782473094165e+04 0.000000000000000000e+00 2.990886474560706120e+03
3.049504950495049611e-03 0.000000000000000000e+00 8.016043284949679446e+02 1.248296649727187013e-05 4.780911210887037441e+02 1.880316701966536493e+04 0.000000000000000000e+00 0.000000000000000000e+00
3.118811881188118980e-03 0.000000000000000000e+00 8.016043284949679446e+02 1.248296649727187013e-05 4.780911210887037441e+02 1.880316701966536493e+04 0.000000000000000000e+00 0.000000000000000000e+00
3.188118811881188348e-03 0.000000000000000000e+00 8.016043284949679446e+02 1.248296649727187013e-05 4.780911210887037441e+02 1.880316701966536493e+04 0.000000000000000000e+00 0.000000000000000000e+00
3.257425742574257717e-03 0.000000000000000000e+00 8.016043284949679446e+02 1.248296649727187013e-05 4.780911210887037441e+02 1.880316701966536493e+04 0.000000000000000000e+00 0.000000000000000000e+00
3.326732673267327085e-03 0.000000000000000000e+00 8.016035690452445124e+02 1.248299275584678459e-05 4.780911234283158251e+02 1.880279505146881638e+04 0.000000000000000000e+00 0.000000000000000000e+00
3.396039603960396454e-03 0.000000000000000000e+00 8.015735603881317957e+02 1.248368360906943611e-05 4.780912300301824303e+02 1.879690302640055597e+04 0.000000000000000000e+00 0.000000000000000000e+00
3.465346534653465822e-03 0.000000000000000000e+00 8.014557954706255032e+02 1.248813013558405089e-05 4.780917539554895370e+02 1.877855920566737768e+04 0.000000000000000000e+00 0.000000000000000000e+00
3.534653465346535191e-03 0.000000000000000000e+00 8.010957498343829002e+02 1.250949269436669603e-05 4.780943068390686790e+02 1.874016797032120303e+04 0.000000000000000000e+00 0.000000000000000000e+00
3.603960396039604559e-03 0.000000000000000000e+00 8.002069301078141734e+02 1.260190092157267374e-05 4.781034647705081397e+02 1.867191904140034239e+04 0.000000000000000000e+00 0.000000000000000000e+00
3.673267326732673494e-03 0.000000000000000000e+00 7.981433377223384014e+02 1.291722194079072912e-05 4.781395611265840557e+02 1.856284948678244473e+04 0.000000000000000000e+00 0.000000000000000000e+00
3.742574257425742863e-03 0.000000000000000000e+00 7.939222431893990688e+02 1.348224850940373482e-05 4.782569426867153766e+02 1.841377774544285785e+04 0.000000000000000000e+00 0.000000000000000000e+00
3.811881188118812231e-03 0.000000000000000000e+00 7.855206447238010696e+02 1.431019566550802713e-05 4.787035382592425776e+02 1.822256971453432561e+04 0.000000000000000000e+00 0.000000000000000000e+00
3.881188118811881600e-03 0.000000000000000000e+00 7.696346498554145228e+02 1.548374241259885292e-05 4.801175828107874963e+02 1.797643605680324617e+04 0.000000000000000000e+00 0.000000000000000000e+00
3.950495049504950534e-03 0.000000000000000000e+00 7.508162193969052396e+02 1.721484395901524386e-05 4.821242348516158813e+02 1.764253442643929156e+04 0.000000000000000000e+00 0.000000000000000000e+00
4.019801980198019903e-03 0.000000000000000000e+00 6.732664399727576665e+02 1.830015269018801235e-05 4.577277466047733583e+02 1.666194623962794140e+04 4.436750521134135852e+02 0.000000000000000000e+00
4.089108910891089271e-03 0.000000000000000000e+00 6.730445624428355131e+02 1.829918223419457426e-05 4.577269450165307489e+02 1.662992688921590161e+04 4.436937978139492316e+02 0.000000000000000000e+00
4.158415841584158640e-03 0.000000000000000000e+00 6.725060502104724947e+02 1.829564111425440091e-05 4.577239167659050736e+02 1.657716409129015301e+04 4.437474275039652980e+02 0.000000000000000000e+00
4.227722772277228008e-03 0.000000000000000000e+00 6.713206400759735288e+02 1.828886810567002271e-05 4.577138534509699070e+02 1.650270047692005392e+04 4.438867518846728331e+02 0.000000000000000000e+00
4.297029702970297377e-03 0.000000000000000000e+00 6.688594186095710938e+02 1.827919687792163182e-05 4.576779442018098507e+02 1.640619786809625293e+04 4.442400179035946621e+02 0.000000000000000000e+00
4.366336633663366745e-03 0.000000000000000000e+00 6.638406236340247233e+02 1.826579783558779637e-05 4.575577000726319170e+02 1.628647882111232320e+04 4.451220207033591123e+02 0.000000000000000000e+00
4.435643564356436114e-03 0.000000000000000000e+00 6.567489523636229478e+02 1.824468642899080016e-05 4.573442703003136671e+02 1.614073657343709965e+04 4.465172273866359092e+02 0.000000000000000000e+00
4.504950495049505482e-03 0.000000000000000000e+00 6.329233757786568049e+02 1.777835220488232601e-05 4.518456832443546887e+02 1.560385492594055177e+04 0.000000000000000000e+00 3.000700256761764194e+03
4.574257425742574851e-03 0.000000000000000000e+00 6.334511493639524815e+02 1.771082421497160764e-05 4.518408463272967879e+02 1.567685422604553423e+04 0.000000000000000000e+00 3.000592256830042061e+03
4.643564356435644219e-03 0.000000000000000000e+00 6.347769805967978982e+02 1.744846102956495052e-05 4.518232733673940515e+02 1.580132575188922783e+04 0.000000000000000000e+00 3.000340855961303987e+03
4.712871287128713588e-03 0.000000000000000000e+00 6.379102187533728738e+02 1.688714169949799039e-05 4.517609967419571149e+02 1.598541022095217704e+04 0.000000000000000000e+00 2.999793935136247455e+03
4.782178217821782956e-03 0.000000000000000000e+00 6.446327961479337318e+02 1.609967763913650453e-05 4.515508311816292348e+02 1.622990150982742671e+04 0.000000000000000000e+00 2.998723176792078903e+03
4.851485148514852325e-03 0.000000000000000000e+00 6.591523370579801622e+02 1.508202447519855101e-05 4.508028909569077882e+02 1.654615989436186283e+04 0.000000000000000000e+00 2.996600817228508276e+03
4.920792079207921693e-03 0.000000000000000000e+00 6.838519283290543171e+02 1.377244286622172857e-05 4.491637000913936504e+02 1.695921475640116842e+04 0.000000000000000000e+00 2.993125678424186844e+03
4.990099009900991062e-03 0.000000000000000000e+00 7.043531028082454668e+02 1.191037525673788212e-05 4.477831985204068701e+02 1.756016008203203819e+04 0.000000000000000000e+00 2.989850036211872521e+03
5.059405940594059563e-03 0.000000000000000000e+00 8.008581365034117425e+02 1.252900194262800068e-05 4.780964276726733146e+02 1.871980739383023320e+04 0.000000000000000000e+00 0.000000000000000000e+00
5.128712871287128931e-03 0.000000000000000000e+00 7.996481679859330143e+02 1.268157018581860017e-05 4.781112625639994462e+02 1.863571097733883653e+04 0.000000000000000000e+00 0.000000000000000000e+00
5.198019801980198300e-03 0.000000000000000000e+00 7.969048282396064451e+02 1.309123057419469165e-05 4.781675800786233594e+02 1.850357732569694781e+04 0.000000000000000000e+00 0.000000000000000000e+00
5.267326732673267668e-03 0.000000000000000000e+00 7.914395089162399017e+02 1.374486707911416227e-05 4.783524824198223087e+02 1.832182693826088143e+04 0.000000000000000000e+00 0.000000000000000000e+00
5.336633663366337037e-03 0.000000000000000000e+00 7.805098832647869358e+02 1.468285496206394882e-05 4.790506075423057837e+02 1.808124287245815503e+04 0.000000000000000000e+00 0.000000000000000000e+00
5.405940594059406405e-03 0.000000000000000000e+00 7.614750810733215758e+02 1.601553972695485571e-05 4.808845012557397354e+02 1.776881968998612501e+04 0.000000000000000000e+00 0.000000000000000000e+00
5.475247524752475774e-03 0.000000000000000000e+00 7.430794933538564919e+02 1.810091849459352970e-05 4.826795530074938938e+02 1.734349945829900389e+04 0.000000000000000000e+00 0.000000000000000000e+00
5.544554455445545142e-03 0.000000000000000000e+00 6.695040918960637555e+02 1.823223642111374931e-05 4.576765594239323605e+02 1.650825796892432481e+04 4.441944968831690517e+02 0.000000000000000000e+00
5.613861386138614511e-03 0.000000000000000000e+00 6.655229760659410658e+02 1.806636425294944756e-05 4.575508219159057717e+02 1.648909899387573387e+04 4.449943097052241683e+02 0.000000000000000000e+00
5.683168316831683879e-03 0.000000000000000000e+00 6.606530559126058506e+02 1.759330264475059870e-05 4.572990836155941565e+02 1.649108269602930523e+04 4.462292886741889220e+02 0.000000000000000000e+00
5.752475247524753248e-03 0.000000000000000000e+00 6.410897285333425089e+02 1.646407150035545484e-05 4.516771252083215131e+02 1.611703034811620273e+04 0.000000000000000000e+00 2.999275360337180246e+03
5.821782178217822616e-03 0.000000000000000000e+00 6.516314941669700147e+02 1.554809233514303516e-05 4.512273285458739451e+02 1.640089584392454344e+04 0.000000000000000000e+00 2.997682879212277840e+03
5.891089108910891985e-03 0.000000000000000000e+00 6.727974849564152464e+02 1.437366367816399477e-05 4.499191912537146436e+02 1.677220631422786391e+04 0.000000000000000000e+00 2.994768446579727879e+03
5.960396039603961353e-03 0.000000000000000000e+00 6.961842267018239454e+02 1.281927798811966755e-05 4.483440349479843690e+02 1.729093938065394832e+04 0.000000000000000000e+00 2.991661301035629094e+03
6.029702970297030722e-03 0.000000000000000000e+00 8.016043284949679446e+02 1.248296649727187013e-05 4.780911210887037441e+02 1.880316701966536493e+04 0.000000000000000000e+00 0.000000000000000000e+00
6.099009900990099223e-03 0.000000000000000000e+00 8.016043284949679446e+02 1.248296649727187013e-05 4.780911210887037441e+02 1.880316701966536493e+04 0.000000000000000000e+00 0.000000000000000000e+00
6.168316831683168591e-03 0.000000000000000000e+00 8.016043284949679446e+02 1.248296649727187013e-05 4.780911210887037441e+02 1.880316701966536493e+04 0.000000000000000000e+00 0.000000000000000000e+00
6.237623762376237960e-03 0.000000000000000000e+00 8.016043284949679446e+02 1.248296649727187013e-05 4.780911210887037441e+02 1.880316701966536493e+04 0.000000000000000000e+00 0.000000000000000000e+00
6.306930693069307328e-03 0.000000000000000000e+00 8.016043284949679446e+02 1.248296649727187013e-05 4.780911210887037441e+02 1.880316701966536493e+04 0.000000000000000000e+00 0.000000000000000000e+00
6.376237623762376697e-03 0.000000000000000000e+00 8.016043284949679446e+02 1.248296649727187013e-05 4.780911210887037441e+02 1.880316701966536493e+04 0.000000000000000000e+00 0.000000000000000000e+00
6.445544554455446065e-03 0.000000000000000000e+00 8.016043284949679446e+02 1.248296649727187013e-05 4.780911210887037441e+02 1.880316701966536493e+04 0.000000000000000000e+00 0.000000000000000000e+00
6.514851485148515434e-03 0.000000000000000000e+00 8.016043284949679446e+02 1.248296649727187013e-05 4.780911210887037441e+02 1.880316701966536493e+04 0.000000000000000000e+00 0.000000000000000000e+00
6.584158415841584802e-03 0.000000000000000000e+00 8.016043284949679446e+02 1.248296649727187690e-05 4.780911210887037441e+02 1.880316701966536493e+04 0.000000000000000000e+00 0.000000000000000000e+00
6.653465346534654171e-03 0.000000000000000000e+00 8.016043284949679446e+02 1.248296649727187521e-05 4.780911210887037441e+02 1.880316701966536493e+04 0.000000000000000000e+00 0.000000000000000000e+00
6.722772277227723539e-03 0.000000000000000000e+00 8.016043284949679446e+02 1.248296649727188029e-05 4.780911210887037441e+02 1.880316701966536493e+04 0.000000000000000000e+00 0.000000000000000000e+00
6.792079207920792908e-03 0.000000000000000000e+00 8.016043284949679446e+02 1.248296649727188368e-05 4.780911210887037441e+02 1.880316701966536493e+04 0.000000000000000000e+00 0.000000000000000000e+00
6.861386138613862276e-03 0.000000000000000000e+00 8.016043284949679446e+02 1.248296649727188029e-05 4.780911210887037441e+02 1.880316701966536493e+04 0.000000000000000000e+00 0.000000000000000000e+00
6.930693069306931645e-03 0.000000000000000000e+00 0.000000000000000000e+00 0.000000000000000000e+00 0.000000000000000000e+00 0.000000000000000000e+00 0.000000000000000000e+00 0.000000000000000000e+00
