0.000000000000000000e+00 1.000000000000000000e+00 6.000000000000000000e+00 7.000000000000000000e+00 8.000000000000000000e+00 1.400000000000000000e+01 2.600000000000000000e+01 2.900000000000000000e+01
0.000000000000000000e+00 0.000000000000000000e+00 8.015911880509730736e+02 1.248296649727186166e-05 4.780987855166957274e+02 1.880316701966536129e+04 0.000000000000000000e+00 0.000000000000000000e+00
1.372549019607843107e-04 0.000000000000000000e+00 8.015911880509729599e+02 1.248296649727187690e-05 4.780987855166957274e+02 1.880316701966536129e+04 0.000000000000000000e+00 0.000000000000000000e+00
2.745098039215686215e-04 0.000000000000000000e+00 8.015911880509730736e+02 1.248296649727186674e-05 4.780987855166957274e+02 1.880316701966536129e+04 0.000000000000000000e+00 0.000000000000000000e+00
4.117647058823529051e-04 0.000000000000000000e+00 8.015911880509730736e+02 1.248296649727186335e-05 4.780987855166957274e+02 1.880316701966536129e+04 0.000000000000000000e+00 0.000000000000000000e+00
5.490196078431372429e-04 0.000000000000000000e+00 8.015911880509730736e+02 1.248296649727186166e-05 4.780987855166957274e+02 1.880316701966536129e+04 0.000000000000000000e+00 0.000000000000000000e+00
6.862745098039215808e-04 0.000000000000000000e+00 8.015911880509730736e+02 1.248296649727186166e-05 4.780987855166957274e+02 1.880316701966536129e+04 0.000000000000000000e+00 0.000000000000000000e+00
8.235294117647058102e-04 0.000000000000000000e+00 8.015911880509730736e+02 1.248296649727186166e-05 4.780987855166957274e+02 1.880316701966536129e+04 0.000000000000000000e+00 0.000000000000000000e+00
9.607843137254901481e-04 0.000000000000000000e+00 8.015911880509730736e+02 1.248296649727186166e-05 4.780987855166957274e+02 1.880316701966536129e+04 0.000000000000000000e+00 0.000000000000000000e+00
1.098039215686274486e-03 0.000000000000000000e+00 7.010957588169122801e+02 1.452630290253596591e-05 4.558591279479911123e+02 1.754829023060936743e+04 4.416592531693178785e+02 0.000000000000000000e+00
1.235294117647058824e-03 0.000000000000000000e+00 6.791084534079896002e+02 1.676565881290915046e-05 4.575866293111179175e+02 1.710044660827814732e+04 4.434002496030354337e+02 0.000000000000000000e+00
1.372549019607843162e-03 0.000000000000000000e+00 6.742970921905608748e+02 1.803359308511519714e-05 4.577239012537166900e+02 1.683750793640670599e+04 4.436379888507185569e+02 0.000000000000000000e+00
1.509803921568627499e-03 0.000000000000000000e+00 6.734593182899453723e+02 1.828632174476612843e-05 4.577344672803652657e+02 1.672123141356849374e+04 4.436663160517020970e+02 0.000000000000000000e+00
1.647058823529411620e-03 0.000000000000000000e+00 6.733718462955041559e+02 1.830022235040544641e-05 4.577350320593649258e+02 1.669082127509905695e+04 4.436684774654658554e+02 0.000000000000000000e+00
1.784313725490195958e-03 0.000000000000000000e+00 6.733704703930756068e+02 1.830043415991667438e-05 4.577350378196651377e+02 1.668943268067063036e+04 4.436685054529506260e+02 0.000000000000000000e+00
1.921568627450980296e-03 0.000000000000000000e+00 6.733704703930756068e+02 1.830043415991667438e-05 4.577350378196651377e+02 1.668943268067063036e+04 4.436685054529506260e+02 0.000000000000000000e+00
2.058823529411764851e-03 0.000000000000000000e+00 6.493933930404969033e+02 1.785002981324612726e-05 4.522927541883041158e+02 1.611196351217151823e+04 0.000000000000000000e+00 2.848005777620783192e+03
2.196078431372548972e-03 0.000000000000000000e+00 6.360638686213123947e+02 1.781923590350991204e-05 4.518865249601864207e+02 1.582737578882928028e+04 0.000000000000000000e+00 2.964455396551473314e+03
2.333333333333333093e-03 0.000000000000000000e+00 6.332657194973661490e+02 1.780274437367648091e-05 4.518566874289087423e+02 1.565969800189913622e+04 0.000000000000000000e+00 2.993488179891413438e+03
2.470588235294117647e-03 0.000000000000000000e+00 6.327409555420230163e+02 1.779778577451737232e-05 4.518543051011516809e+02 1.557522593215640518e+04 0.000000000000000000e+00 2.999781338548276835e+03
2.607843137254901768e-03 0.000000000000000000e+00 6.326758397155007287e+02 1.779745463029026487e-05 4.518541596200474260e+02 1.554895340663230672e+04 0.000000000000000000e+00 3.000667068181901413e+03
2.745098039215686323e-03 0.000000000000000000e+00 6.326733795682640675e+02 1.779744505642623462e-05 4.518541563964157604e+02 1.554622235855519284e+04 0.000000000000000000e+00 3.000704249583216097e+03
2.882352941176470444e-03 0.000000000000000000e+00 6.326733795682640675e+02 1.779744505642623462e-05 4.518541563964157604e+02 1.554622235855519284e+04 0.000000000000000000e+00 3.000704249583216097e+03
3.019607843137254999e-03 0.000000000000000000e+00 7.071135591667853078e+02 1.826684028385489159e-05 4.844810370475947252e+02 1.671186311131172261e+04 0.000000000000000000e+00 0.000000000000000000e+00
3.156862745098039120e-03 0.000000000000000000e+00 7.768426005312896905e+02 1.476376010414685107e-05 4.786646078691285879e+02 1.773159791008098910e+04 0.000000000000000000e+00 0.000000000000000000e+00
3.294117647058823241e-03 0.000000000000000000e+00 7.962280558323682271e+02 1.314549359344516803e-05 4.781426944087282322e+02 1.832149614461429155e+04 0.000000000000000000e+00 0.000000000000000000e+00
3.431372549019607796e-03 0.000000000000000000e+00 8.007919592054953455e+02 1.253833151768577795e-05 4.781015969031584518e+02 1.865775743227084604e+04 0.000000000000000000e+00 0.000000000000000000e+00
3.568627450980391917e-03 0.000000000000000000e+00 8.015370783929599838e+02 1.248504347130046941e-05 4.780988807923984041e+02 1.878153693989085514e+04 0.000000000000000000e+00 0.000000000000000000e+00
3.705882352941176471e-03 0.000000000000000000e+00 8.015911880509730736e+02 1.248296649727186166e-05 4.780987855166957274e+02 1.880316701966536129e+04 0.000000000000000000e+00 0.000000000000000000e+00
3.843137254901960592e-03 0.000000000000000000e+00 8.015911880509730736e+02 1.248296649727186166e-05 4.780987855166957274e+02 1.880316701966536129e+04 0.000000000000000000e+00 0.000000000000000000e+00
3.980392156862745147e-03 0.000000000000000000e+00 8.015911880509730736e+02 1.248296649727186166e-05 4.780987855166957274e+02 1.880316701966536129e+04 0.000000000000000000e+00 0.000000000000000000e+00
4.117647058823529702e-03 0.000000000000000000e+00 6.955516896060197496e+02 1.492344989730820583e-05 4.564530373778920875e+02 1.746752972764730657e+04 4.421735608407421410e+02 0.000000000000000000e+00
4.254901960784313389e-03 0.000000000000000000e+00 6.778885460673371881e+02 1.700411743215893227e-05 4.576315631909197350e+02 1.705323884778443244e+04 4.434685126398586021e+02 0.000000000000000000e+00
4.392156862745097944e-03 0.000000000000000000e+00 6.740600211918686000e+02 1.812058420320828981e-05 4.577275455481589574e+02 1.681258796907895157e+04 4.436468321728661408e+02 0.000000000000000000e+00
4.529411764705882498e-03 0.000000000000000000e+00 6.548670270798703541e+02 1.785185101269891133e-05 4.525223736681366518e+02 1.623115289724188005e+04 0.000000000000000000e+00 2.803862161026586364e+03
4.666666666666666186e-03 0.000000000000000000e+00 6.374517182944679234e+02 1.782425501104356304e-05 4.519098838592154266e+02 1.587650137855540197e+04 0.000000000000000000e+00 2.951185172525900271e+03
4.803921568627450740e-03 0.000000000000000000e+00 6.335594048447552495e+02 1.780535649271583004e-05 4.518586021114362552e+02 1.568852986736209277e+04 0.000000000000000000e+00 2.990191587878663995e+03
4.941176470588235295e-03 0.000000000000000000e+00 6.327867583743914111e+02 1.779808956603732065e-05 4.518544417271590987e+02 1.558690014212471397e+04 0.000000000000000000e+00 2.999192008942847224e+03
5.078431372549019850e-03 0.000000000000000000e+00 7.456964557680020107e+02 1.635299953235419822e-05 4.806808239752585337e+02 1.724451252759587078e+04 0.000000000000000000e+00 0.000000000000000000e+00
5.215686274509803537e-03 0.000000000000000000e+00 7.883452190339650087e+02 1.392977081337678220e-05 4.782884775449135191e+02 1.801861497966110983e+04 0.000000000000000000e+00 0.000000000000000000e+00
5.352941176470588092e-03 0.000000000000000000e+00 7.990800177754899778e+02 1.276260065454007545e-05 4.781128386466604638e+02 1.849664202923778794e+04 0.000000000000000000e+00 0.000000000000000000e+00
5.490196078431372646e-03 0.000000000000000000e+00 8.012974225973787270e+02 1.249792457683145476e-05 4.780995368985581990e+02 1.872974845563607596e+04 0.000000000000000000e+00 0.000000000000000000e+00
5.627450980392156334e-03 0.000000000000000000e+00 6.932284548432197653e+02 1.510677936538442457e-05 4.566682421689196758e+02 1.742514720287517412e+04 4.423742696016125819e+02 0.000000000000000000e+00
5.764705882352940888e-03 0.000000000000000000e+00 6.610027833145064733e+02 1.671028527873640545e-05 4.525332114418245055e+02 1.659389803375511474e+04 0.000000000000000000e+00 2.798107921815876580e+03
5.901960784313725443e-03 0.000000000000000000e+00 6.388867338308024273e+02 1.768370936925071771e-05 4.519214395412166141e+02 1.601018653814166464e+04 0.000000000000000000e+00 2.945168214984716997e+03
6.039215686274509998e-03 0.000000000000000000e+00 7.204466542880134057e+02 1.749214930530993805e-05 4.833133650669599319e+02 1.710192532350967304e+04 0.000000000000000000e+00 0.000000000000000000e+00
6.176470588235293685e-03 0.000000000000000000e+00 7.816357237321408320e+02 1.445966769798842122e-05 4.784904014150473586e+02 1.788714088033915687e+04 0.000000000000000000e+00 0.000000000000000000e+00
6.313725490196078240e-03 0.000000000000000000e+00 7.974061905426221983e+02 1.299943033708664622e-05 4.781289275195028381e+02 1.839305373399874225e+04 0.000000000000000000e+00 0.000000000000000000e+00
6.450980392156862794e-03 0.000000000000000000e+00 8.010096123780790549e+02 1.251920960539420017e-05 4.781006141530292552e+02 1.868560262311113183e+04 0.000000000000000000e+00 0.000000000000000000e+00
6.588235294117646482e-03 0.000000000000000000e+00 8.015597211122455974e+02 1.248413541621617146e-05 4.780988362598404251e+02 1.878877239067555274e+04 0.000000000000000000e+00 0.000000000000000000e+00
6.725490196078431036e-03 0.000000000000000000e+00 8.015911880509730736e+02 1.248296649727186166e-05 4.780987855166957274e+02 1.880316701966536129e+04 0.000000000000000000e+00 0.000000000000000000e+00
6.862745098039215591e-03 0.000000000000000000e+00 0.000000000000000000e+00 0.000000000000000000e+00 0.000000000000000000e+00 0.000000000000000000e+00 0.000000000000000000e+00 0.000000000000000000e+00
