0.000000000000000000e+00 1.000000000000000000e+00 6.000000000000000000e+00 7.000000000000000000e+00 8.000000000000000000e+00 1.400000000000000000e+01 2.600000000000000000e+01 2.900000000000000000e+01
0.000000000000000000e+00 0.000000000000000000e+00 8.015911880509730736e+02 1.248296649727186166e-05 4.780987855166957274e+02 1.880316701966536129e+04 0.000000000000000000e+00 0.000000000000000000e+00
6.930693069306931428e-05 0.000000000000000000e+00 8.015911880509729599e+02 1.248296649727187013e-05 4.780987855166957274e+02 1.880316701966536129e+04 0.000000000000000000e+00 0.000000000000000000e+00
1.386138613861386286e-04 0.000000000000000000e+00 8.015911880509729599e+02 1.248296649727187182e-05 4.780987855166957274e+02 1.880316701966536129e+04 0.000000000000000000e+00 0.000000000000000000e+00
2.079207920792079428e-04 0.000000000000000000e+00 8.015911880509729599e+02 1.248296649727187013e-05 4.780987855166957274e+02 1.880316701966536129e+04 0.000000000000000000e+00 0.000000000000000000e+00
2.772277227722772571e-04 0.000000000000000000e+00 8.015911880509730736e+02 1.248296649727186674e-05 4.780987855166957274e+02 1.880316701966536129e+04 0.000000000000000000e+00 0.000000000000000000e+00
3.465346534653465714e-04 0.000000000000000000e+00 8.015911880509730736e+02 1.248296649727186335e-05 4.780987855166957274e+02 1.880316701966536129e+04 0.000000000000000000e+00 0.000000000000000000e+00
4.158415841584158857e-04 0.000000000000000000e+00 8.015911880509730736e+02 1.248296649727186335e-05 4.780987855166957274e+02 1.880316701966536129e+04 0.000000000000000000e+00 0.000000000000000000e+00
4.851485148514851999e-04 0.000000000000000000e+00 8.015911880509730736e+02 1.248296649727186166e-05 4.780987855166957274e+02 1.880316701966536129e+04 0.000000000000000000e+00 0.000000000000000000e+00
5.544554455445545142e-04 0.000000000000000000e+00 8.015911880509730736e+02 1.248296649727186166e-05 4.780987855166957274e+02 1.880316701966536129e+04 0.000000000000000000e+00 0.000000000000000000e+00
6.237623762376238827e-04 0.000000000000000000e+00 8.015911880509730736e+02 1.248296649727186166e-05 4.780987855166957274e+02 1.880316701966536129e+04 0.000000000000000000e+00 0.000000000000000000e+00
6.930693069306931428e-04 0.000000000000000000e+00 8.015911880509730736e+02 1.248296649727186166e-05 4.780987855166957274e+02 1.880316701966536129e+04 0.000000000000000000e+00 0.000000000000000000e+00
7.623762376237624028e-04 0.000000000000000000e+00 8.015911880509730736e+02 1.248296649727186166e-05 4.780987855166957274e+02 1.880316701966536129e+04 0.000000000000000000e+00 0.000000000000000000e+00
8.316831683168317713e-04 0.000000000000000000e+00 8.015911880509730736e+02 1.248296649727186166e-05 4.780987855166957274e+02 1.880316701966536129e+04 0.000000000000000000e+00 0.000000000000000000e+00
9.009900990099011398e-04 0.000000000000000000e+00 8.015911880509730736e+02 1.248296649727186166e-05 4.780987855166957274e+02 1.880316701966536129e+04 0.000000000000000000e+00 0.000000000000000000e+00
9.702970297029703999e-04 0.000000000000000000e+00 8.015911880509730736e+02 1.248296649727186166e-05 4.780987855166957274e+02 1.880316701966536129e+04 0.000000000000000000e+00 0.000000000000000000e+00
1.039603960396039660e-03 0.000000000000000000e+00 7.263461816075367778e+02 1.313938731272198512e-05 4.522651161009345628e+02 1.784212198095512576e+04 4.389599884045564977e+02 0.000000000000000000e+00
1.108910891089109028e-03 0.000000000000000000e+00 6.978596771140416877e+02 1.474960089776544034e-05 4.562185351350549354e+02 1.750267438310026409e+04 4.419648823832073958e+02 0.000000000000000000e+00
1.178217821782178397e-03 0.000000000000000000e+00 6.845533369381799957e+02 1.596689064122864109e-05 4.573165339919268035e+02 1.725832680832501137e+04 4.430506892280988609e+02 0.000000000000000000e+00
1.247524752475247765e-03 0.000000000000000000e+00 6.783174949195685031e+02 1.691675004309559668e-05 4.576164667815513099e+02 1.707058899345133250e+04 4.434449998594446356e+02 0.000000000000000000e+00
1.316831683168316917e-03 0.000000000000000000e+00 6.754067617386934899e+02 1.763614487110933273e-05 4.577022586275509752e+02 1.692591316229366203e+04 4.435917302709661385e+02 0.000000000000000000e+00
1.386138613861386286e-03 0.000000000000000000e+00 6.741263201332358221e+02 1.809753446530984204e-05 4.577265694144981012e+02 1.681985948619050760e+04 4.436444076351949093e+02 0.000000000000000000e+00
1.455445544554455654e-03 0.000000000000000000e+00 6.736171572384635056e+02 1.825247822980661323e-05 4.577330467936226910e+02 1.675290887957322775e+04 4.436617499824016591e+02 0.000000000000000000e+00
1.524752475247524806e-03 0.000000000000000000e+00 6.734352508198753640e+02 1.829053969622778457e-05 4.577346467110815524e+02 1.671498433315995135e+04 4.436669536674793335e+02 0.000000000000000000e+00
1.594059405940594174e-03 0.000000000000000000e+00 6.733813821831299720e+02 1.829889621503579114e-05 4.577349863920044868e+02 1.669647688969806768e+04 4.436682720909988689e+02 0.000000000000000000e+00
1.663366336633663543e-03 0.000000000000000000e+00 6.733709352403689081e+02 1.830034572808495212e-05 4.577350359096317902e+02 1.669007102288952592e+04 4.436684960586604234e+02 0.000000000000000000e+00
1.732673267326732911e-03 0.000000000000000000e+00 6.733704703930756068e+02 1.830043415991667438e-05 4.577350378196651377e+02 1.668943268067063036e+04 4.436685054529506260e+02 0.000000000000000000e+00
1.801980198019802280e-03 0.000000000000000000e+00 6.733704703930756068e+02 1.830043415991667438e-05 4.577350378196651377e+02 1.668943268067063036e+04 4.436685054529506260e+02 0.000000000000000000e+00
1.871287128712871431e-03 0.000000000000000000e+00 6.733704703930756068e+02 1.830043415991667438e-05 4.577350378196651377e+02 1.668943268067063036e+04 4.436685054529506260e+02 0.000000000000000000e+00
1.940594059405940800e-03 0.000000000000000000e+00 6.733704703930756068e+02 1.830043415991667438e-05 4.577350378196651377e+02 1.668943268067063036e+04 4.436685054529506260e+02 0.000000000000000000e+00
2.009900990099009951e-03 0.000000000000000000e+00 6.578248615192360376e+02 1.786863418411204364e-05 4.526476187464375016e+02 1.627743721500322317e+04 0.000000000000000000e+00 2.779003881151085352e+03
2.079207920792079320e-03 0.000000000000000000e+00 6.458156092637045731e+02 1.784394364468669796e-05 4.521488430557512288e+02 1.605847302373185812e+04 0.000000000000000000e+00 2.877580880505929144e+03
2.148514851485148688e-03 0.000000000000000000e+00 6.385646352632019216e+02 1.782777631668956600e-05 4.519322359209792808e+02 1.590865172401551717e+04 0.000000000000000000e+00 2.940843281277991991e+03
2.217821782178218057e-03 0.000000000000000000e+00 6.352956319423816467e+02 1.781585990502193868e-05 4.518760098239149556e+02 1.579488928672107977e+04 0.000000000000000000e+00 2.972046404382289438e+03
2.287128712871287425e-03 0.000000000000000000e+00 6.337797529449344438e+02 1.780706647997305726e-05 4.518602574331552546e+02 1.570663602751058170e+04 0.000000000000000000e+00 2.987778428138089566e+03
2.356435643564356794e-03 0.000000000000000000e+00 6.330998704427061057e+02 1.780106570928841782e-05 4.518557768663827687e+02 1.563972341974877600e+04 0.000000000000000000e+00 2.995403832437772053e+03
2.425742574257426162e-03 0.000000000000000000e+00 6.328200282880592340e+02 1.779833808619109043e-05 4.518545527150479302e+02 1.559424012045124255e+04 0.000000000000000000e+00 2.998772620573918630e+03
2.495049504950495531e-03 0.000000000000000000e+00 6.327161099239286841e+02 1.779764071318306611e-05 4.518542415403565542e+02 1.556746612530764833e+04 0.000000000000000000e+00 3.000109628186322425e+03
2.564356435643564466e-03 0.000000000000000000e+00 6.326824641503188786e+02 1.779748044868532470e-05 4.518541702557101871e+02 1.555338946183372718e+04 0.000000000000000000e+00 3.000571137408053801e+03
2.633663366336633834e-03 0.000000000000000000e+00 6.326743172411158866e+02 1.779744873489799386e-05 4.518541575575436582e+02 1.554748049656029070e+04 0.000000000000000000e+00 3.000689862820881444e+03
2.702970297029703203e-03 0.000000000000000000e+00 6.326733795682640675e+02 1.779744505642623462e-05 4.518541563964157604e+02 1.554622235855519284e+04 0.000000000000000000e+00 3.000704249583216097e+03
2.772277227722772571e-03 0.000000000000000000e+00 6.326733795682640675e+02 1.779744505642623462e-05 4.518541563964157604e+02 1.554622235855519284e+04 0.000000000000000000e+00 3.000704249583216097e+03
2.841584158415841940e-03 0.000000000000000000e+00 6.326733795682640675e+02 1.779744505642623462e-05 4.518541563964157604e+02 1.554622235855519284e+04 0.000000000000000000e+00 3.000704249583216097e+03
2.910891089108911308e-03 0.000000000000000000e+00 6.326733795682640675e+02 1.779744505642623462e-05 4.518541563964157604e+02 1.554622235855519284e+04 0.000000000000000000e+00 3.000704249583216097e+03
2.980198019801980677e-03 0.000000000000000000e+00 6.326733795682640675e+02 1.779744505642623462e-05 4.518541563964157604e+02 1.554622235855519284e+04 0.000000000000000000e+00 3.000704249583216097e+03
3.049504950495049611e-03 0.000000000000000000e+00 7.262789372554005922e+02 1.715992826751742105e-05 4.825730227690021934e+02 1.700904014750540955e+04 0.000000000000000000e+00 0.000000000000000000e+00
3.118811881188118980e-03 0.000000000000000000e+00 7.649369810127400342e+02 1.545010684053125391e-05 4.792560446792822972e+02 1.751263084062940106e+04 0.000000000000000000e+00 0.000000000000000000e+00
3.188118811881188348e-03 0.000000000000000000e+00 7.837860815254373392e+02 1.429032914739647088e-05 4.784131635451742000e+02 1.789176429780677790e+04 0.000000000000000000e+00 0.000000000000000000e+00
3.257425742574257717e-03 0.000000000000000000e+00 7.933034216532392975e+02 1.347167809672386448e-05 4.781858922394624756e+02 1.819029707858853362e+04 0.000000000000000000e+00 0.000000000000000000e+00
3.326732673267327085e-03 0.000000000000000000e+00 7.980379902263867962e+02 1.291273135925101566e-05 4.781221896965524820e+02 1.842409782236643878e+04 0.000000000000000000e+00 0.000000000000000000e+00
3.396039603960396454e-03 0.000000000000000000e+00 8.002268252231225460e+02 1.260068364654939455e-05 4.781046434518562478e+02 1.859577595474920599e+04 0.000000000000000000e+00 0.000000000000000000e+00
3.465346534653465822e-03 0.000000000000000000e+00 8.011348554543568525e+02 1.250922277870114323e-05 4.781001108410737288e+02 1.870345663874271850e+04 0.000000000000000000e+00 0.000000000000000000e+00
3.534653465346535191e-03 0.000000000000000000e+00 8.014711903717811765e+02 1.248807796596879936e-05 4.780990306701643817e+02 1.876415700493328040e+04 0.000000000000000000e+00 0.000000000000000000e+00
3.603960396039604559e-03 0.000000000000000000e+00 8.015719765027763515e+02 1.248367643124257601e-05 4.780988143750243466e+02 1.879322112677207406e+04 0.000000000000000000e+00 0.000000000000000000e+00
3.673267326732673494e-03 0.000000000000000000e+00 8.015907315804664677e+02 1.248299249624119141e-05 4.780987860906112132e+02 1.880257548258485986e+04 0.000000000000000000e+00 0.000000000000000000e+00
3.742574257425742863e-03 0.000000000000000000e+00 8.015911880509730736e+02 1.248296649727186166e-05 4.780987855166957274e+02 1.880316701966536129e+04 0.000000000000000000e+00 0.000000000000000000e+00
3.811881188118812231e-03 0.000000000000000000e+00 8.015911880509730736e+02 1.248296649727186166e-05 4.780987855166957274e+02 1.880316701966536129e+04 0.000000000000000000e+00 0.000000000000000000e+00
3.881188118811881600e-03 0.000000000000000000e+00 8.015911880509730736e+02 1.248296649727186166e-05 4.780987855166957274e+02 1.880316701966536129e+04 0.000000000000000000e+00 0.000000000000000000e+00
3.950495049504950534e-03 0.000000000000000000e+00 8.015911880509730736e+02 1.248296649727186166e-05 4.780987855166957274e+02 1.880316701966536129e+04 0.000000000000000000e+00 0.000000000000000000e+00
4.019801980198019903e-03 0.000000000000000000e+00 7.347814783925996380e+02 1.249166098625123157e-05 4.510267270609448360e+02 1.797312160394420425e+04 4.380453855878674290e+02 0.000000000000000000e+00
4.089108910891089271e-03 0.000000000000000000e+00 7.040901277178503506e+02 1.434100066137111665e-05 4.554989896224889776e+02 1.758716174696313101e+04 4.413651713334741089e+02 0.000000000000000000e+00
4.158415841584158640e-03 0.000000000000000000e+00 6.873863511062667158e+02 1.564994370359900529e-05 4.571314320431093847e+02 1.732165104007228729e+04 4.428434105965149001e+02 0.000000000000000000e+00
4.227722772277228008e-03 0.000000000000000000e+00 6.796539612896414155e+02 1.666892388869645338e-05 4.575645461295903829e+02 1.711958559280115878e+04 4.433683494784746699e+02 0.000000000000000000e+00
4.297029702970297377e-03 0.000000000000000000e+00 6.760204150802935601e+02 1.745472828763155936e-05 4.576873494622438443e+02 1.696331579076331400e+04 4.435633889264490222e+02 0.000000000000000000e+00
4.366336633663366745e-03 0.000000000000000000e+00 6.743858198776451900e+02 1.799934187834679420e-05 4.577224364206395535e+02 1.684614207625590643e+04 4.436345656032578404e+02 0.000000000000000000e+00
4.435643564356436114e-03 0.000000000000000000e+00 6.737162790489841200e+02 1.822728182787208161e-05 4.577319757337783699e+02 1.676855296393352910e+04 4.436586214016806480e+02 0.000000000000000000e+00
4.504950495049505482e-03 0.000000000000000000e+00 6.584747932775117079e+02 1.785495255597189078e-05 4.526753214187513095e+02 1.632476524700797745e+04 0.000000000000000000e+00 2.775038144565545281e+03
4.574257425742574851e-03 0.000000000000000000e+00 6.466294681462807148e+02 1.784269374857463567e-05 4.521791837228968802e+02 1.608144840455321355e+04 0.000000000000000000e+00 2.871013792263191135e+03
4.643564356435644219e-03 0.000000000000000000e+00 6.389109003988409086e+02 1.782854249191465724e-05 4.519397297137488749e+02 1.591947160734206227e+04 0.000000000000000000e+00 2.937692206228308805e+03
4.712871287128713588e-03 0.000000000000000000e+00 6.354552132963762006e+02 1.781659354302288068e-05 4.518780661928848872e+02 1.580204591815086496e+04 0.000000000000000000e+00 2.970453049312408893e+03
4.782178217821782956e-03 0.000000000000000000e+00 6.338531102638262382e+02 1.780760061129131684e-05 4.518608428348743473e+02 1.571220377934435783e+04 0.000000000000000000e+00 2.986984132142566978e+03
4.851485148514852325e-03 0.000000000000000000e+00 6.331313883346531384e+02 1.780139536299833278e-05 4.518559401743355011e+02 1.564381301633203657e+04 0.000000000000000000e+00 2.995036168868614368e+03
4.920792079207921693e-03 0.000000000000000000e+00 6.328324128016779468e+02 1.779843811055996426e-05 4.518545963029253016e+02 1.559682129452802474e+04 0.000000000000000000e+00 2.998617978657695858e+03
4.990099009900991062e-03 0.000000000000000000e+00 6.327203734773636370e+02 1.779766484397654632e-05 4.518542518778402837e+02 1.556890637679095562e+04 0.000000000000000000e+00 3.000052758595010346e+03
5.059405940594059563e-03 0.000000000000000000e+00 7.332792563911907564e+02 1.687402385140907620e-05 4.818605130333701254e+02 1.710211963483692671e+04 0.000000000000000000e+00 0.000000000000000000e+00
5.128712871287128931e-03 0.000000000000000000e+00 7.684876486265638960e+02 1.525962711922582935e-05 4.790574015441639517e+02 1.757463328216763330e+04 0.000000000000000000e+00 0.000000000000000000e+00
5.198019801980198300e-03 0.000000000000000000e+00 7.855646967343488996e+02 1.415574509487171395e-05 4.783607605375617027e+02 1.793884411917607213e+04 0.000000000000000000e+00 0.000000000000000000e+00
5.267326732673267668e-03 0.000000000000000000e+00 7.942028866908069631e+02 1.337668941813009126e-05 4.781712304302447478e+02 1.822747141932545856e+04 0.000000000000000000e+00 0.000000000000000000e+00
5.336633663366337037e-03 0.000000000000000000e+00 7.984695503128308474e+02 1.285171868797890311e-05 4.781180888635350925e+02 1.845253870483724313e+04 0.000000000000000000e+00 0.000000000000000000e+00
5.405940594059406405e-03 0.000000000000000000e+00 8.004126043878553673e+02 1.257882038964330618e-05 4.781035603948926678e+02 1.861466400155781594e+04 0.000000000000000000e+00 0.000000000000000000e+00
5.475247524752475774e-03 0.000000000000000000e+00 8.012068115041550982e+02 1.250401015293560849e-05 4.780998450934424113e+02 1.871460784931785747e+04 0.000000000000000000e+00 0.000000000000000000e+00
5.544554455445545142e-03 0.000000000000000000e+00 7.239025176838731568e+02 1.328274301460026967e-05 4.526265969011917605e+02 1.777956474748674736e+04 4.392238347623656978e+02 0.000000000000000000e+00
5.613861386138614511e-03 0.000000000000000000e+00 6.965096659511849566e+02 1.485016238439950272e-05 4.563569423147033604e+02 1.747529137526297927e+04 4.420871525121981449e+02 0.000000000000000000e+00
5.683168316831683879e-03 0.000000000000000000e+00 6.839345773668419497e+02 1.604345530763856499e-05 4.573531331042593138e+02 1.724293653751030797e+04 4.430939030712713702e+02 0.000000000000000000e+00
5.752475247524753248e-03 0.000000000000000000e+00 6.629188896225588223e+02 1.657740018473480417e-05 4.525727363435348707e+02 1.665712101531799635e+04 0.000000000000000000e+00 2.790157849707501100e+03
5.821782178217822616e-03 0.000000000000000000e+00 6.488509272075061745e+02 1.723928832210719207e-05 4.521667036370973847e+02 1.629821631351431097e+04 0.000000000000000000e+00 2.874119375225360272e+03
5.891089108910891985e-03 0.000000000000000000e+00 6.397427734895186404e+02 1.764996511329906231e-05 4.519363199223802212e+02 1.604261597881889429e+04 0.000000000000000000e+00 2.938642065354485567e+03
5.960396039603961353e-03 0.000000000000000000e+00 6.357444909841403842e+02 1.777511451536836754e-05 4.518774424950409525e+02 1.586317156939353117e+04 0.000000000000000000e+00 2.970509628007791434e+03
6.029702970297030722e-03 0.000000000000000000e+00 7.145839310998825340e+02 1.785938549847316295e-05 4.839111464661303899e+02 1.701904271865109695e+04 0.000000000000000000e+00 0.000000000000000000e+00
6.099009900990099223e-03 0.000000000000000000e+00 7.571443804487951184e+02 1.587321381748674871e-05 4.798110660400135998e+02 1.749828224224169026e+04 0.000000000000000000e+00 0.000000000000000000e+00
6.168316831683168591e-03 0.000000000000000000e+00 7.798542278512896928e+02 1.458359531400954708e-05 4.785553774655816710e+02 1.785011191815805432e+04 0.000000000000000000e+00 0.000000000000000000e+00
6.237623762376237960e-03 0.000000000000000000e+00 7.912741250172700802e+02 1.367707389491111464e-05 4.782250888406492777e+02 1.813813221329689986e+04 0.000000000000000000e+00 0.000000000000000000e+00
6.306930693069307328e-03 0.000000000000000000e+00 7.970323286447644477e+02 1.304788466454415122e-05 4.781331627556326112e+02 1.837281173564996061e+04 0.000000000000000000e+00 0.000000000000000000e+00
6.376237623762376697e-03 0.000000000000000000e+00 7.997778768782897032e+02 1.266043973239761725e-05 4.781075844012045764e+02 1.855554726760124686e+04 0.000000000000000000e+00 0.000000000000000000e+00
6.445544554455446065e-03 0.000000000000000000e+00 8.009545068617411516e+02 1.252374072091575141e-05 4.781008521234433601e+02 1.867835864403053711e+04 0.000000000000000000e+00 0.000000000000000000e+00
6.514851485148515434e-03 0.000000000000000000e+00 8.014088360963121431e+02 1.249128292872623679e-05 4.780991970642239721e+02 1.875064314876393837e+04 0.000000000000000000e+00 0.000000000000000000e+00
6.584158415841584802e-03 0.000000000000000000e+00 8.015557068561859069e+02 1.248428951670578823e-05 4.780988438654493962e+02 1.878741383135188880e+04 0.000000000000000000e+00 0.000000000000000000e+00
6.653465346534654171e-03 0.000000000000000000e+00 8.015888109342517964e+02 1.248305994103714856e-05 4.780987886255687727e+02 1.880128786932887306e+04 0.000000000000000000e+00 0.000000000000000000e+00
6.722772277227723539e-03 0.000000000000000000e+00 8.015911880509730736e+02 1.248296649727186166e-05 4.780987855166957274e+02 1.880316701966536129e+04 0.000000000000000000e+00 0.000000000000000000e+00
6.792079207920792908e-03 0.000000000000000000e+00 8.015911880509730736e+02 1.248296649727186166e-05 4.780987855166957274e+02 1.880316701966536129e+04 0.000000000000000000e+00 0.000000000000000000e+00
6.861386138613862276e-03 0.000000000000000000e+00 8.015911880509730736e+02 1.248296649727186166e-05 4.780987855166957274e+02 1.880316701966536129e+04 0.000000000000000000e+00 0.000000000000000000e+00
6.930693069306931645e-03 0.000000000000000000e+00 0.000000000000000000e+00 0.000000000000000000e+00 0.000000000000000000e+00 0.000000000000000000e+00 0.000000000000000000e+00 0.000000000000000000e+00
