0.000000000000000000e+00 1.000000000000000000e+00 6.000000000000000000e+00 7.000000000000000000e+00 8.000000000000000000e+00 1.400000000000000000e+01 2.600000000000000000e+01 2.900000000000000000e+01
0.000000000000000000e+00 0.000000000000000000e+00 8.015911880509730736e+02 1.248296649727186166e-05 4.780987855166957274e+02 1.880316701966536129e+04 0.000000000000000000e+00 0.000000000000000000e+00
6.930693069306931428e-05 0.000000000000000000e+00 8.015911880509730736e+02 1.248296649727186166e-05 4.780987855166957274e+02 1.880316701966536129e+04 0.000000000000000000e+00 0.000000000000000000e+00
1.386138613861386286e-04 0.000000000000000000e+00 8.015911880509730736e+02 1.248296649727186166e-05 4.780987855166957274e+02 1.880316701966536129e+04 0.000000000000000000e+00 0.000000000000000000e+00
2.079207920792079428e-04 0.000000000000000000e+00 8.015911880509730736e+02 1.248296649727186166e-05 4.780987855166957274e+02 1.880316701966536129e+04 0.000000000000000000e+00 0.000000000000000000e+00
2.772277227722772571e-04 0.000000000000000000e+00 8.015911880509730736e+02 1.248296649727186166e-05 4.780987855166957274e+02 1.880316701966536129e+04 0.000000000000000000e+00 0.000000000000000000e+00
3.465346534653465714e-04 0.000000000000000000e+00 8.015895504588565927e+02 1.248306087766108235e-05 4.780987890040482853e+02 1.880198485491160318e+04 0.000000000000000000e+00 0.000000000000000000e+00
4.158415841584158857e-04 0.000000000000000000e+00 8.015666075819867729e+02 1.248430293344397783e-05 4.780988510073427165e+02 1.879324104642161183e+04 0.000000000000000000e+00 0.000000000000000000e+00
4.851485148514851999e-04 0.000000000000000000e+00 8.014642831260339335e+02 1.249136800464838925e-05 4.780992476331244916e+02 1.877001940678895335e+04 0.000000000000000000e+00 0.000000000000000000e+00
5.544554455445545142e-04 0.000000000000000000e+00 8.011462919033144772e+02 1.252416057166652906e-05 4.781011068190539959e+02 1.872426188490277491e+04 0.000000000000000000e+00 0.000000000000000000e+00
6.237623762376238827e-04 0.000000000000000000e+00 8.003178503838936422e+02 1.266227408851074129e-05 4.781086696068217634e+02 1.864520935490098782e+04 0.000000000000000000e+00 0.000000000000000000e+00
6.930693069306931428e-04 0.000000000000000000e+00 7.983699813206012550e+02 1.305378552431756437e-05 4.781373982611057727e+02 1.852424353538218929e+04 0.000000000000000000e+00 0.000000000000000000e+00
7.623762376237624028e-04 0.000000000000000000e+00 7.942494826291696199e+02 1.368973209235395001e-05 4.782406324931608879e+02 1.836360089570015043e+04 0.000000000000000000e+00 0.000000000000000000e+00
8.316831683168317713e-04 0.000000000000000000e+00 7.860081664421704772e+02 1.460597093571240947e-05 4.786115227111313857e+02 1.815865575873469061e+04 0.000000000000000000e+00 0.000000000000000000e+00
9.009900990099011398e-04 0.000000000000000000e+00 7.694957734315007656e+02 1.590925166848720053e-05 4.800216387297192568e+02 1.789517403601572369e+04 0.000000000000000000e+00 0.000000000000000000e+00
9.702970297029703999e-04 0.000000000000000000e+00 7.383050271433365879e+02 1.792138458718981939e-05 4.846263976012332364e+02 1.752658013432599182e+04 0.000000000000000000e+00 0.000000000000000000e+00
1.039603960396039660e-03 0.000000000000000000e+00 6.733704703930756068e+02 1.830043415991667438e-05 4.577350378196651377e+02 1.668943268067063036e+04 4.436685054529506260e+02 0.000000000000000000e+00
1.108910891089109028e-03 0.000000000000000000e+00 6.733704703930756068e+02 1.830043415991667438e-05 4.577350378196651377e+02 1.668943268067063036e+04 4.436685054529506260e+02 0.000000000000000000e+00
1.178217821782178397e-03 0.000000000000000000e+00 6.733704703930756068e+02 1.830043415991667438e-05 4.577350378196651377e+02 1.668943268067063036e+04 4.436685054529506260e+02 0.000000000000000000e+00
1.247524752475247765e-03 0.000000000000000000e+00 6.733704703930756068e+02 1.830043415991667438e-05 4.577350378196651377e+02 1.668943268067063036e+04 4.436685054529506260e+02 0.000000000000000000e+00
1.316831683168316917e-03 0.000000000000000000e+00 6.733704523963375550e+02 1.830043398057511013e-05 4.577350378022727000e+02 1.668934591687747888e+04 4.436685063414527121e+02 0.000000000000000000e+00
1.386138613861386286e-03 0.000000000000000000e+00 6.733679588429431533e+02 1.830042607966429871e-05 4.577350351117119658e+02 1.668692271448528845e+04 4.436686368539179739e+02 0.000000000000000000e+00
1.455445544554455654e-03 0.000000000000000000e+00 6.733522587498617895e+02 1.830037311944237370e-05 4.577350125244196875e+02 1.667854226374558857e+04 4.436695617882954821e+02 0.000000000000000000e+00
1.524752475247524806e-03 0.000000000000000000e+00 6.732954118195331148e+02 1.830011911050756713e-05 4.577348974998954532e+02 1.666020322918066086e+04 4.436733996912888074e+02 0.000000000000000000e+00
1.594059405940594174e-03 0.000000000000000000e+00 6.731320517979843316e+02 1.829904478307573150e-05 4.577344161827763855e+02 1.662691527515691996e+04 4.436861840383465392e+02 0.000000000000000000e+00
1.663366336633663543e-03 0.000000000000000000e+00 6.727149598943564115e+02 1.829525763216892847e-05 4.577325695589420889e+02 1.657256601287078593e+04 4.437244365143623668e+02 0.000000000000000000e+00
1.732673267326732911e-03 0.000000000000000000e+00 6.717552207836724847e+02 1.828827181232519597e-05 4.577259510711029975e+02 1.649658466016912280e+04 4.438289086114988891e+02 0.000000000000000000e+00
1.801980198019802280e-03 0.000000000000000000e+00 6.697085548057757478e+02 1.827839170263081080e-05 4.577028513741565803e+02 1.639840195559466520e+04 4.440981374541166815e+02 0.000000000000000000e+00
1.871287128712871431e-03 0.000000000000000000e+00 6.654281207812973662e+02 1.826509525130888377e-05 4.576198342118136679e+02 1.627294848482883390e+04 4.447919499530973440e+02 0.000000000000000000e+00
1.940594059405940800e-03 0.000000000000000000e+00 6.560491905616681834e+02 1.824672189238583234e-05 4.572934392847460003e+02 1.610706043173681428e+04 4.467043016975034107e+02 0.000000000000000000e+00
2.009900990099009951e-03 0.000000000000000000e+00 6.326733795682640675e+02 1.779744505642623462e-05 4.518541563964157604e+02 1.554622235855519284e+04 0.000000000000000000e+00 3.000704249583216097e+03
2.079207920792079320e-03 0.000000000000000000e+00 6.326733795682640675e+02 1.779744505642623462e-05 4.518541563964157604e+02 1.554622235855519284e+04 0.000000000000000000e+00 3.000704249583216097e+03
2.148514851485148688e-03 0.000000000000000000e+00 6.326733795682640675e+02 1.779744505642623462e-05 4.518541563964157604e+02 1.554622235855519284e+04 0.000000000000000000e+00 3.000704249583216097e+03
2.217821782178218057e-03 0.000000000000000000e+00 6.326733795682640675e+02 1.779744505642623462e-05 4.518541563964157604e+02 1.554622235855519284e+04 0.000000000000000000e+00 3.000704249583216097e+03
2.287128712871287425e-03 0.000000000000000000e+00 6.326733795682640675e+02 1.779744505642623462e-05 4.518541563964157604e+02 1.554622235855519284e+04 0.000000000000000000e+00 3.000704249583216097e+03
2.356435643564356794e-03 0.000000000000000000e+00 6.326752543063511212e+02 1.779720590147144642e-05 4.518541505786930088e+02 1.554857815872644278e+04 0.000000000000000000e+00 3.000703745196553427e+03
2.425742574257426162e-03 0.000000000000000000e+00 6.326961014994467405e+02 1.779480415884832247e-05 4.518540724497646579e+02 1.556216811110638446e+04 0.000000000000000000e+00 3.000698500317627804e+03
2.495049504950495531e-03 0.000000000000000000e+00 6.327888741702029165e+02 1.778217724339627707e-05 4.518536107216088453e+02 1.559663455508979496e+04 0.000000000000000000e+00 3.000676863601697733e+03
2.564356435643564466e-03 0.000000000000000000e+00 6.330873293171332534e+02 1.772700997767632356e-05 4.518515483840664615e+02 1.566374931364595068e+04 0.000000000000000000e+00 3.000612433718401462e+03
2.633663366336633834e-03 0.000000000000000000e+00 6.339099036515958687e+02 1.750744581401483476e-05 4.518433864266274327e+02 1.577968827156187581e+04 0.000000000000000000e+00 3.000448047449687238e+03
2.702970297029703203e-03 0.000000000000000000e+00 6.359605837155734207e+02 1.698265597586909065e-05 4.518132372618941304e+02 1.595548409835468919e+04 0.000000000000000000e+00 3.000070002269818360e+03
2.772277227722772571e-03 0.000000000000000000e+00 6.406267875304357631e+02 1.622512681545959019e-05 4.517071833535381415e+02 1.619097731704692706e+04 0.000000000000000000e+00 2.999283716824224030e+03
2.841584158415841940e-03 0.000000000000000000e+00 6.508130434168914462e+02 1.524236062316446241e-05 4.513310389416458293e+02 1.649692814066030769e+04 0.000000000000000000e+00 2.997722893209767335e+03
2.910891089108911308e-03 0.000000000000000000e+00 6.734306407269003785e+02 1.397931864445447003e-05 4.499047201043678683e+02 1.690101422898694000e+04 0.000000000000000000e+00 2.994578678334470624e+03
2.980198019801980677e-03 0.000000000000000000e+00 7.158879729777140710e+02 1.219381347807217739e-05 4.459810269334624877e+02 1.749219782473094165e+04 0.000000000000000000e+00 2.989100204481221226e+03
3.049504950495049611e-03 0.000000000000000000e+00 8.015911880509730736e+02 1.248296649727186166e-05 4.780987855166957274e+02 1.880316701966536129e+04 0.000000000000000000e+00 0.000000000000000000e+00
3.118811881188118980e-03 0.000000000000000000e+00 8.015911880509730736e+02 1.248296649727186166e-05 4.780987855166957274e+02 1.880316701966536129e+04 0.000000000000000000e+00 0.000000000000000000e+00
3.188118811881188348e-03 0.000000000000000000e+00 8.015911880509730736e+02 1.248296649727186166e-05 4.780987855166957274e+02 1.880316701966536129e+04 0.000000000000000000e+00 0.000000000000000000e+00
3.257425742574257717e-03 0.000000000000000000e+00 8.015911880509730736e+02 1.248296649727186166e-05 4.780987855166957274e+02 1.880316701966536129e+04 0.000000000000000000e+00 0.000000000000000000e+00
3.326732673267327085e-03 0.000000000000000000e+00 8.015908741917573934e+02 1.248299275584677612e-05 4.780987861603394435e+02 1.880279505146880911e+04 0.000000000000000000e+00 0.000000000000000000e+00
3.396039603960396454e-03 0.000000000000000000e+00 8.015778960394346768e+02 1.248368360906942764e-05 4.780988179034470704e+02 1.879690302640055597e+04 0.000000000000000000e+00 0.000000000000000000e+00
3.465346534653465822e-03 0.000000000000000000e+00 8.015077767981258603e+02 1.248813013558404242e-05 4.780990607662030811e+02 1.877855920566737768e+04 0.000000000000000000e+00 0.000000000000000000e+00
3.534653465346535191e-03 0.000000000000000000e+00 8.012726641165002093e+02 1.250949269436668756e-05 4.781002740642296089e+02 1.874016797032119939e+04 0.000000000000000000e+00 0.000000000000000000e+00
3.603960396039604559e-03 0.000000000000000000e+00 8.006351857878339615e+02 1.260190092157266527e-05 4.781053667388569011e+02 1.867191904140033512e+04 0.000000000000000000e+00 0.000000000000000000e+00
3.673267326732673494e-03 0.000000000000000000e+00 7.990924176194462234e+02 1.291722194079071557e-05 4.781250854316485288e+02 1.856284948678243381e+04 0.000000000000000000e+00 0.000000000000000000e+00
3.742574257425742863e-03 0.000000000000000000e+00 7.957400051690079863e+02 1.348224850940372804e-05 4.781966905053021151e+02 1.841377774544285421e+04 0.000000000000000000e+00 0.000000000000000000e+00
3.811881188118812231e-03 0.000000000000000000e+00 7.889684364960443190e+02 1.431019566550801866e-05 4.784521967363057797e+02 1.822256971453431834e+04 0.000000000000000000e+00 0.000000000000000000e+00
3.881188118811881600e-03 0.000000000000000000e+00 7.754950340075605482e+02 1.548374241259884275e-05 4.793998792117173480e+02 1.797643605680323890e+04 0.000000000000000000e+00 0.000000000000000000e+00
3.950495049504950534e-03 0.000000000000000000e+00 7.477393342996518868e+02 1.721484395901523370e-05 4.831296825941977886e+02 1.764253442643928793e+04 0.000000000000000000e+00 0.000000000000000000e+00
4.019801980198019903e-03 0.000000000000000000e+00 6.733019173522873189e+02 1.830015269018803946e-05 4.577349124239262323e+02 1.666194623962794503e+04 4.436729374299936239e+02 0.000000000000000000e+00
4.089108910891089271e-03 0.000000000000000000e+00 6.731494536106858959e+02 1.829918223419459459e-05 4.577344751241856784e+02 1.662992688921590525e+04 4.436847421841612231e+02 0.000000000000000000e+00
4.158415841584158640e-03 0.000000000000000000e+00 6.727580605937001792e+02 1.829564111425441785e-05 4.577327921551660666e+02 1.657716409129016029e+04 4.437202296419364984e+02 0.000000000000000000e+00
4.227722772277228008e-03 0.000000000000000000e+00 6.718507583316942373e+02 1.828886810567003626e-05 4.577267356031260874e+02 1.650270047692005392e+04 4.438177526727762938e+02 0.000000000000000000e+00
4.297029702970297377e-03 0.000000000000000000e+00 6.699088617736326796e+02 1.827919687792164537e-05 4.577055940673446344e+02 1.640619786809626021e+04 4.440696575280510956e+02 0.000000000000000000e+00
4.366336633663366745e-03 0.000000000000000000e+00 6.658516653216652230e+02 1.826579783558781331e-05 4.576298360896258259e+02 1.628647882111233048e+04 4.447177197452158453e+02 0.000000000000000000e+00
4.435643564356436114e-03 0.000000000000000000e+00 6.570114741522746726e+02 1.824468642899080355e-05 4.573324564771642144e+02 1.614073657343710693e+04 4.464966803676728091e+02 0.000000000000000000e+00
4.504950495049505482e-03 0.000000000000000000e+00 6.328143239694570639e+02 1.777835220488232601e-05 4.518534640588496814e+02 1.560385492594055177e+04 0.000000000000000000e+00 3.000671143089802626e+03
4.574257425742574851e-03 0.000000000000000000e+00 6.331616484381282817e+02 1.771082421497160764e-05 4.518509428584520151e+02 1.567685422604553605e+04 0.000000000000000000e+00 3.000596987383493797e+03
4.643564356435644219e-03 0.000000000000000000e+00 6.341058015792634706e+02 1.744846102956495052e-05 4.518410455864602113e+02 1.580132575188922965e+04 0.000000000000000000e+00 3.000410366421396702e+03
4.712871287128713588e-03 0.000000000000000000e+00 6.364227147505959010e+02 1.688714169949799039e-05 4.518048921254969628e+02 1.598541022095217886e+04 0.000000000000000000e+00 2.999988497784323499e+03
4.782178217821782956e-03 0.000000000000000000e+00 6.416463604832874807e+02 1.609967763913650791e-05 4.516779977040827134e+02 1.622990150982743035e+04 0.000000000000000000e+00 2.999119991295787258e+03
4.851485148514852325e-03 0.000000000000000000e+00 6.530317880838963447e+02 1.508202447519855271e-05 4.512255328513787163e+02 1.654615989436186283e+04 0.000000000000000000e+00 2.997392481723973106e+03
4.920792079207921693e-03 0.000000000000000000e+00 6.785150857377811917e+02 1.377244286622173026e-05 4.494833958898629476e+02 1.695921475640117205e+04 0.000000000000000000e+00 2.993819677783881616e+03
4.990099009900991062e-03 0.000000000000000000e+00 7.209869382620931901e+02 1.191037525673788381e-05 4.454814946847865258e+02 1.756016008203204183e+04 0.000000000000000000e+00 2.988024782876949757e+03
5.059405940594059563e-03 0.000000000000000000e+00 8.011094040259218900e+02 1.252900194262799052e-05 4.781013684840256701e+02 1.871980739383022592e+04 0.000000000000000000e+00 0.000000000000000000e+00
5.128712871287128931e-03 0.000000000000000000e+00 8.002216653639295600e+02 1.268157018581859001e-05 4.781097244675136153e+02 1.863571097733882925e+04 0.000000000000000000e+00 0.000000000000000000e+00
5.198019801980198300e-03 0.000000000000000000e+00 7.981433110113350722e+02 1.309123057419467979e-05 4.781412345693583461e+02 1.850357732569694053e+04 0.000000000000000000e+00 0.000000000000000000e+00
5.267326732673267668e-03 0.000000000000000000e+00 7.937452149196856226e+02 1.374486707911415041e-05 4.782542222330919230e+02 1.832182693826086688e+04 0.000000000000000000e+00 0.000000000000000000e+00
5.336633663366337037e-03 0.000000000000000000e+00 7.849165014642017013e+02 1.468285496206394035e-05 4.786610665739935371e+02 1.808124287245815140e+04 0.000000000000000000e+00 0.000000000000000000e+00
5.405940594059406405e-03 0.000000000000000000e+00 7.671172761557724016e+02 1.601553972695484893e-05 4.802190490174306774e+02 1.776881968998611774e+04 0.000000000000000000e+00 0.000000000000000000e+00
5.475247524752475774e-03 0.000000000000000000e+00 7.346277992916928952e+02 1.810091849459352292e-05 4.849383530909884712e+02 1.734349945829899661e+04 0.000000000000000000e+00 0.000000000000000000e+00
5.544554455445545142e-03 0.000000000000000000e+00 6.703270235956326815e+02 1.823223642111375948e-05 4.577051100770603966e+02 1.650825796892432845e+04 4.440416104733186557e+02 0.000000000000000000e+00
5.613861386138614511e-03 0.000000000000000000e+00 6.670305724566391063e+02 1.806636425294945772e-05 4.576270539311157108e+02 1.648909899387574114e+04 4.446314739369620384e+02 0.000000000000000000e+00
5.683168316831683879e-03 0.000000000000000000e+00 6.600549565401751124e+02 1.759330264475060209e-05 4.573225179267433305e+02 1.649108269602931250e+04 4.462377882810519623e+02 0.000000000000000000e+00
5.752475247524753248e-03 0.000000000000000000e+00 6.388977395143394915e+02 1.646407150035545484e-05 4.517520883524267106e+02 1.611703034811620637e+04 0.000000000000000000e+00 2.999566978480323542e+03
5.821782178217822616e-03 0.000000000000000000e+00 6.470510184294458895e+02 1.554809233514303516e-05 4.514920476189985266e+02 1.640089584392454708e+04 0.000000000000000000e+00 2.998282871026186058e+03
5.891089108910891985e-03 0.000000000000000000e+00 6.649225493104139559e+02 1.437366367816399477e-05 4.505344416008877602e+02 1.677220631422786755e+04 0.000000000000000000e+00 2.995728123715777656e+03
5.960396039603961353e-03 0.000000000000000000e+00 7.042173739597232043e+02 1.281927798811967094e-05 4.470676960724857167e+02 1.729093938065395196e+04 0.000000000000000000e+00 2.990605790363124470e+03
6.029702970297030722e-03 0.000000000000000000e+00 8.015911880509730736e+02 1.248296649727186166e-05 4.780987855166957274e+02 1.880316701966536129e+04 0.000000000000000000e+00 0.000000000000000000e+00
6.099009900990099223e-03 0.000000000000000000e+00 8.015911880509730736e+02 1.248296649727186166e-05 4.780987855166957274e+02 1.880316701966536129e+04 0.000000000000000000e+00 0.000000000000000000e+00
6.168316831683168591e-03 0.000000000000000000e+00 8.015911880509730736e+02 1.248296649727186166e-05 4.780987855166957274e+02 1.880316701966536129e+04 0.000000000000000000e+00 0.000000000000000000e+00
6.237623762376237960e-03 0.000000000000000000e+00 8.015911880509730736e+02 1.248296649727186166e-05 4.780987855166957274e+02 1.880316701966536129e+04 0.000000000000000000e+00 0.000000000000000000e+00
6.306930693069307328e-03 0.000000000000000000e+00 8.015911880509730736e+02 1.248296649727186166e-05 4.780987855166957274e+02 1.880316701966536129e+04 0.000000000000000000e+00 0.000000000000000000e+00
6.376237623762376697e-03 0.000000000000000000e+00 8.015911880509730736e+02 1.248296649727186166e-05 4.780987855166957274e+02 1.880316701966536129e+04 0.000000000000000000e+00 0.000000000000000000e+00
6.445544554455446065e-03 0.000000000000000000e+00 8.015911880509730736e+02 1.248296649727186166e-05 4.780987855166957274e+02 1.880316701966536129e+04 0.000000000000000000e+00 0.000000000000000000e+00
6.514851485148515434e-03 0.000000000000000000e+00 8.015911880509730736e+02 1.248296649727186166e-05 4.780987855166957274e+02 1.880316701966536129e+04 0.000000000000000000e+00 0.000000000000000000e+00
6.584158415841584802e-03 0.000000000000000000e+00 8.015911880509730736e+02 1.248296649727186674e-05 4.780987855166957274e+02 1.880316701966536129e+04 0.000000000000000000e+00 0.000000000000000000e+00
6.653465346534654171e-03 0.000000000000000000e+00 8.015911880509730736e+02 1.248296649727186505e-05 4.780987855166957274e+02 1.880316701966536129e+04 0.000000000000000000e+00 0.000000000000000000e+00
6.722772277227723539e-03 0.000000000000000000e+00 8.015911880509730736e+02 1.248296649727186843e-05 4.780987855166957274e+02 1.880316701966536129e+04 0.000000000000000000e+00 0.000000000000000000e+00
6.792079207920792908e-03 0.000000000000000000e+00 8.015911880509729599e+02 1.248296649727187352e-05 4.780987855166957274e+02 1.880316701966536129e+04 0.000000000000000000e+00 0.000000000000000000e+00
6.861386138613862276e-03 0.000000000000000000e+00 8.015911880509729599e+02 1.248296649727187182e-05 4.780987855166957274e+02 1.880316701966536129e+04 0.000000000000000000e+00 0.000000000000000000e+00
6.930693069306931645e-03 0.000000000000000000e+00 0.000000000000000000e+00 0.000000000000000000e+00 0.000000000000000000e+00 0.000000000000000000e+00 0.000000000000000000e+00 0.000000000000000000e+00
