0.000000000000000000e+00 1.000000000000000000e+00 6.000000000000000000e+00 7.000000000000000000e+00 8.000000000000000000e+00 1.400000000000000000e+01 2.600000000000000000e+01 2.900000000000000000e+01
0.000000000000000000e+00 0.000000000000000000e+00 8.015911880509730736e+02 1.248296649727186166e-05 4.780987855166957274e+02 1.880316701966536129e+04 0.000000000000000000e+00 0.000000000000000000e+00
1.372549019607843107e-04 0.000000000000000000e+00 8.015911880509730736e+02 1.248296649727186166e-05 4.780987855166957274e+02 1.880316701966536129e+04 0.000000000000000000e+00 0.000000000000000000e+00
2.745098039215686215e-04 0.000000000000000000e+00 8.015911880509730736e+02 1.248299629699809944e-05 4.780987855166957274e+02 1.880274657364686936e+04 0.000000000000000000e+00 0.000000000000000000e+00
4.117647058823529051e-04 0.000000000000000000e+00 8.015693942907353176e+02 1.248718373718765109e-05 4.780988424694617152e+02 1.878095859777619262e+04 0.000000000000000000e+00 0.000000000000000000e+00
5.490196078431372429e-04 0.000000000000000000e+00 8.011849138778527504e+02 1.256357574121400993e-05 4.781008394840317237e+02 1.868950647938164548e+04 0.000000000000000000e+00 0.000000000000000000e+00
6.862745098039215808e-04 0.000000000000000000e+00 7.986360847747783964e+02 1.323743172750612684e-05 4.781326417283888190e+02 1.846651169230750020e+04 0.000000000000000000e+00 0.000000000000000000e+00
8.235294117647058102e-04 0.000000000000000000e+00 7.872976034989934533e+02 1.487468750454499673e-05 4.785385600713950680e+02 1.809251967690356469e+04 0.000000000000000000e+00 0.000000000000000000e+00
9.607843137254901481e-04 0.000000000000000000e+00 7.426414951931681117e+02 1.813331825857569658e-05 4.839553852290957252e+02 1.748933364027292191e+04 0.000000000000000000e+00 0.000000000000000000e+00
1.098039215686274486e-03 0.000000000000000000e+00 6.733704703930756068e+02 1.830043415991667438e-05 4.577350378196651377e+02 1.668943268067063036e+04 4.436685054529506260e+02 0.000000000000000000e+00
1.235294117647058824e-03 0.000000000000000000e+00 6.733704703930756068e+02 1.830043415991667438e-05 4.577350378196651377e+02 1.668943268067063036e+04 4.436685054529506260e+02 0.000000000000000000e+00
1.372549019607843162e-03 0.000000000000000000e+00 6.733689494833741946e+02 1.830041011880998691e-05 4.577350362324206117e+02 1.668357839407251231e+04 4.436685838512041187e+02 0.000000000000000000e+00
1.509803921568627499e-03 0.000000000000000000e+00 6.733135185088123080e+02 1.829989729591026813e-05 4.577349379695680227e+02 1.664917526867867127e+04 4.436721256981091983e+02 0.000000000000000000e+00
1.647058823529411620e-03 0.000000000000000000e+00 6.728478299929895456e+02 1.829400683979109449e-05 4.577332332550289493e+02 1.655374764763141138e+04 4.437116343324648255e+02 0.000000000000000000e+00
1.784313725490195958e-03 0.000000000000000000e+00 6.703786699203432136e+02 1.827701243979842639e-05 4.577116084361489925e+02 1.637928391989637748e+04 4.440045649514468096e+02 0.000000000000000000e+00
1.921568627450980296e-03 0.000000000000000000e+00 6.594190413256034162e+02 1.824695053836074445e-05 4.574300163978059004e+02 1.610083563215158938e+04 4.459704886590222941e+02 0.000000000000000000e+00
2.058823529411764851e-03 0.000000000000000000e+00 6.326733795682640675e+02 1.779744505642623462e-05 4.518541563964157604e+02 1.554622235855519284e+04 0.000000000000000000e+00 3.000704249583216097e+03
2.196078431372548972e-03 0.000000000000000000e+00 6.326733795682640675e+02 1.779744505642623462e-05 4.518541563964157604e+02 1.554622235855519284e+04 0.000000000000000000e+00 3.000704249583216097e+03
2.333333333333333093e-03 0.000000000000000000e+00 6.326737899368447415e+02 1.779672974152606718e-05 4.518541551520042390e+02 1.555220284306307258e+04 0.000000000000000000e+00 3.000704137014409753e+03
2.470588235294117647e-03 0.000000000000000000e+00 6.327418092730446233e+02 1.777481978698575835e-05 4.518538630365293898e+02 1.561196631142373735e+04 0.000000000000000000e+00 3.000687639580179166e+03
2.607843137254901768e-03 0.000000000000000000e+00 6.335076305943375701e+02 1.746880156340396885e-05 4.518477618196863546e+02 1.580468200598898147e+04 0.000000000000000000e+00 3.000526911001142253e+03
2.745098039215686323e-03 0.000000000000000000e+00 6.383455923032846613e+02 1.622641203270833025e-05 4.517651301386896421e+02 1.620773590744260946e+04 0.000000000000000000e+00 2.999659199107865788e+03
2.882352941176470444e-03 0.000000000000000000e+00 6.617899822081353705e+02 1.414714973999925636e-05 4.507393923988389588e+02 1.687208143449905765e+04 0.000000000000000000e+00 2.996159932901914544e+03
3.019607843137254999e-03 0.000000000000000000e+00 8.015911880509730736e+02 1.248296649727186166e-05 4.780987855166957274e+02 1.880316701966536129e+04 0.000000000000000000e+00 0.000000000000000000e+00
3.156862745098039120e-03 0.000000000000000000e+00 8.015911880509730736e+02 1.248296649727186166e-05 4.780987855166957274e+02 1.880316701966536129e+04 0.000000000000000000e+00 0.000000000000000000e+00
3.294117647058823241e-03 0.000000000000000000e+00 8.015911880509730736e+02 1.248306264579307429e-05 4.780987855166957274e+02 1.880195531867703176e+04 0.000000000000000000e+00 0.000000000000000000e+00
3.431372549019607796e-03 0.000000000000000000e+00 8.015536629488101426e+02 1.248966340670240764e-05 4.780988924650462764e+02 1.877344192819261298e+04 0.000000000000000000e+00 0.000000000000000000e+00
3.568627450980391917e-03 0.000000000000000000e+00 8.010322669594364697e+02 1.260115242257069453e-05 4.781019435673212001e+02 1.866708088055720873e+04 0.000000000000000000e+00 0.000000000000000000e+00
3.705882352941176471e-03 0.000000000000000000e+00 7.978128750075469497e+02 1.340814857306672451e-05 4.781481317767953101e+02 1.842291824128490771e+04 0.000000000000000000e+00 0.000000000000000000e+00
3.843137254901960592e-03 0.000000000000000000e+00 7.840130540989384826e+02 1.520746883071043479e-05 4.787348884462033425e+02 1.802114259872021285e+04 0.000000000000000000e+00 0.000000000000000000e+00
3.980392156862745147e-03 0.000000000000000000e+00 7.339470053960860696e+02 1.873757717326122164e-05 4.852756363568014422e+02 1.736874112443498962e+04 0.000000000000000000e+00 0.000000000000000000e+00
4.117647058823529702e-03 0.000000000000000000e+00 6.730296438895584288e+02 1.829628886809398118e-05 4.577340330880970214e+02 1.658096239369413161e+04 4.436949880586578843e+02 0.000000000000000000e+00
4.254901960784313389e-03 0.000000000000000000e+00 6.712549233483958915e+02 1.828155225235165719e-05 4.577213687504707877e+02 1.642362496678612297e+04 4.438897406906963852e+02 0.000000000000000000e+00
4.392156862745097944e-03 0.000000000000000000e+00 6.633690399236674011e+02 1.825104411566212087e-05 4.575638494760185608e+02 1.619467175052919811e+04 4.451738546729216637e+02 0.000000000000000000e+00
4.529411764705882498e-03 0.000000000000000000e+00 6.328970525638380877e+02 1.772280881952915152e-05 4.518529486341615211e+02 1.567214780835161400e+04 0.000000000000000000e+00 3.000652923054275107e+03
4.666666666666666186e-03 0.000000000000000000e+00 6.346687182522956618e+02 1.703912269291248466e-05 4.518336938196365509e+02 1.595090196493103031e+04 0.000000000000000000e+00 3.000304325273985341e+03
4.803921568627450740e-03 0.000000000000000000e+00 6.443120880454707731e+02 1.544914764407747944e-05 4.515933790287534180e+02 1.645094492680806434e+04 0.000000000000000000e+00 2.998701426156721482e+03
4.941176470588235295e-03 0.000000000000000000e+00 6.911589321604435554e+02 1.290167837985004510e-05 4.483272638371553853e+02 1.725684958610096510e+04 0.000000000000000000e+00 2.992123035555876413e+03
5.078431372549019850e-03 0.000000000000000000e+00 8.009395756288162147e+02 1.262641898091243804e-05 4.781026714903303514e+02 1.865243768511898088e+04 0.000000000000000000e+00 0.000000000000000000e+00
5.215686274509803537e-03 0.000000000000000000e+00 7.973015762953288004e+02 1.350101049229652373e-05 4.781581469001411051e+02 1.837380953872685132e+04 0.000000000000000000e+00 0.000000000000000000e+00
5.352941176470588092e-03 0.000000000000000000e+00 7.817909658298142404e+02 1.538352066874954812e-05 4.788629474174837242e+02 1.789803630393758795e+04 0.000000000000000000e+00 0.000000000000000000e+00
5.490196078431372646e-03 0.000000000000000000e+00 7.283618706423309277e+02 1.890211116770484259e-05 4.858724772879523925e+02 1.720364729434233232e+04 0.000000000000000000e+00 0.000000000000000000e+00
5.627450980392156334e-03 0.000000000000000000e+00 6.660698047860661291e+02 1.779465057472197925e-05 4.575960492725171775e+02 1.651875576898250802e+04 4.448276370120546517e+02 0.000000000000000000e+00
5.764705882352940888e-03 0.000000000000000000e+00 6.399195412603452269e+02 1.598402766660801292e-05 4.517262909982954397e+02 1.628397549743850141e+04 0.000000000000000000e+00 2.999398664234091939e+03
5.901960784313725443e-03 0.000000000000000000e+00 6.693329564300864831e+02 1.376395080771311769e-05 4.502200354139138767e+02 1.699989312636505565e+04 0.000000000000000000e+00 2.995128255203605477e+03
6.039215686274509998e-03 0.000000000000000000e+00 8.015911880509730736e+02 1.248296649727186166e-05 4.780987855166957274e+02 1.880316701966536129e+04 0.000000000000000000e+00 0.000000000000000000e+00
6.176470588235293685e-03 0.000000000000000000e+00 8.015911880509730736e+02 1.248296649727186166e-05 4.780987855166957274e+02 1.880316701966536129e+04 0.000000000000000000e+00 0.000000000000000000e+00
6.313725490196078240e-03 0.000000000000000000e+00 8.015911880509730736e+02 1.248296649727186166e-05 4.780987855166957274e+02 1.880316701966536129e+04 0.000000000000000000e+00 0.000000000000000000e+00
6.450980392156862794e-03 0.000000000000000000e+00 8.015911880509730736e+02 1.248296649727186166e-05 4.780987855166957274e+02 1.880316701966536129e+04 0.000000000000000000e+00 0.000000000000000000e+00
6.588235294117646482e-03 0.000000000000000000e+00 8.015911880509730736e+02 1.248296649727186505e-05 4.780987855166957274e+02 1.880316701966536129e+04 0.000000000000000000e+00 0.000000000000000000e+00
6.725490196078431036e-03 0.000000000000000000e+00 8.015911880509730736e+02 1.248296649727186843e-05 4.780987855166957274e+02 1.880316701966536129e+04 0.000000000000000000e+00 0.000000000000000000e+00
6.862745098039215591e-03 0.000000000000000000e+00 0.000000000000000000e+00 0.000000000000000000e+00 0.000000000000000000e+00 0.000000000000000000e+00 0.000000000000000000e+00 0.000000000000000000e+00
