0.000000000000000000e+00 1.000000000000000000e+00 6.000000000000000000e+00 7.000000000000000000e+00 8.000000000000000000e+00 1.400000000000000000e+01 2.600000000000000000e+01 2.900000000000000000e+01
0.000000000000000000e+00 0.000000000000000000e+00 8.016043284949679446e+02 1.248296649727187013e-05 4.780911210887037441e+02 1.880316701966536493e+04 0.000000000000000000e+00 0.000000000000000000e+00
1.372549019607843107e-04 0.000000000000000000e+00 8.016043284949679446e+02 1.248296649727187013e-05 4.780911210887037441e+02 1.880316701966536493e+04 0.000000000000000000e+00 0.000000000000000000e+00
2.745098039215686215e-04 0.000000000000000000e+00 8.016043284949679446e+02 1.248351056999132046e-05 4.780911210887037441e+02 1.879793125168984989e+04 0.000000000000000000e+00 0.000000000000000000e+00
4.117647058823529051e-04 0.000000000000000000e+00 8.015569357361409857e+02 1.249715480737924083e-05 4.780912948363741179e+02 1.875532257380291412e+04 0.000000000000000000e+00 0.000000000000000000e+00
5.490196078431372429e-04 0.000000000000000000e+00 8.009667211561269369e+02 1.266626490204532740e-05 4.780954253017166025e+02 1.862955341144643171e+04 0.000000000000000000e+00 0.000000000000000000e+00
6.862745098039215808e-04 0.000000000000000000e+00 7.975501801430689284e+02 1.356737040921340362e-05 4.781528811327780772e+02 1.837255654382974535e+04 0.000000000000000000e+00 0.000000000000000000e+00
8.235294117647058102e-04 0.000000000000000000e+00 7.834694953583925781e+02 1.539711360041790968e-05 4.788499146288148722e+02 1.797467301221960224e+04 0.000000000000000000e+00 0.000000000000000000e+00
9.607843137254901481e-04 0.000000000000000000e+00 7.484854229874347311e+02 1.847165734354596573e-05 4.823683148351711907e+02 1.743901569748331531e+04 0.000000000000000000e+00 0.000000000000000000e+00
1.098039215686274486e-03 0.000000000000000000e+00 6.733802275421090826e+02 1.830043415991664728e-05 4.577280149837873751e+02 1.668943268067062672e+04 4.436669987239329203e+02 0.000000000000000000e+00
1.235294117647058824e-03 0.000000000000000000e+00 6.733802275421090826e+02 1.830043204780528189e-05 4.577280149837873751e+02 1.668859267474330773e+04 4.436669987239329203e+02 0.000000000000000000e+00
1.372549019607843162e-03 0.000000000000000000e+00 6.733764443720556301e+02 1.830033877497948876e-05 4.577280093599385964e+02 1.667404790820623384e+04 4.436672201035185594e+02 0.000000000000000000e+00
1.509803921568627499e-03 0.000000000000000000e+00 6.732848591046489446e+02 1.829913218698018179e-05 4.577278012784668135e+02 1.662350794712871357e+04 4.436736208741485257e+02 0.000000000000000000e+00
1.647058823529411620e-03 0.000000000000000000e+00 6.726293300249457161e+02 1.829041275100928732e-05 4.577247287464160763e+02 1.650802883556975576e+04 4.437343702796599132e+02 0.000000000000000000e+00
1.784313725490195958e-03 0.000000000000000000e+00 6.694627056829987168e+02 1.827157672451432133e-05 4.576886431296459250e+02 1.631961593016839834e+04 4.441464995520848333e+02 0.000000000000000000e+00
1.921568627450980296e-03 0.000000000000000000e+00 6.580153038881477414e+02 1.824020491172294347e-05 4.573844724268394657e+02 1.604242550573749395e+04 4.462589948023261854e+02 0.000000000000000000e+00
2.058823529411764851e-03 0.000000000000000000e+00 6.326819296240680615e+02 1.779744505642623462e-05 4.518471723830313067e+02 1.554622235855519284e+04 0.000000000000000000e+00 3.000754737304813261e+03
2.196078431372548972e-03 0.000000000000000000e+00 6.326819296240680615e+02 1.779742493800879781e-05 4.518471723830313067e+02 1.554647175203340703e+04 0.000000000000000000e+00 3.000754737304813261e+03
2.333333333333333093e-03 0.000000000000000000e+00 6.326829697648970523e+02 1.779361816560830510e-05 4.518471679197245408e+02 1.556808945022721491e+04 0.000000000000000000e+00 3.000754465693502880e+03
2.470588235294117647e-03 0.000000000000000000e+00 6.328066433916047799e+02 1.773697833463583559e-05 4.518465155503954520e+02 1.566444404127902089e+04 0.000000000000000000e+00 3.000725663440982771e+03
2.607843137254901768e-03 0.000000000000000000e+00 6.339397171235735868e+02 1.720456424359300733e-05 4.518353649140379957e+02 1.591241489584954070e+04 0.000000000000000000e+00 3.000497350462188479e+03
2.745098039215686323e-03 0.000000000000000000e+00 6.403841230107274214e+02 1.581354734984862114e-05 4.516982381551619028e+02 1.636101740719135705e+04 0.000000000000000000e+00 2.999388182933315875e+03
2.882352941176470444e-03 0.000000000000000000e+00 6.695446379300623221e+02 1.366248741019352069e-05 4.501364153735942750e+02 1.706634726052002588e+04 0.000000000000000000e+00 2.995202507532599611e+03
3.019607843137254999e-03 0.000000000000000000e+00 8.016043284949679446e+02 1.248296649727187013e-05 4.780911210887037441e+02 1.880316701966536493e+04 0.000000000000000000e+00 0.000000000000000000e+00
3.156862745098039120e-03 0.000000000000000000e+00 8.016043284949679446e+02 1.248296649727187013e-05 4.780911210887037441e+02 1.880316701966536493e+04 0.000000000000000000e+00 0.000000000000000000e+00
3.294117647058823241e-03 0.000000000000000000e+00 8.016043284949679446e+02 1.248393021675974741e-05 4.780911210887037441e+02 1.879502790772123626e+04 0.000000000000000000e+00 0.000000000000000000e+00
3.431372549019607796e-03 0.000000000000000000e+00 8.015291132142848483e+02 1.250388954305454439e-05 4.780914098457254795e+02 1.874371756372617165e+04 0.000000000000000000e+00 0.000000000000000000e+00
3.568627450980391917e-03 0.000000000000000000e+00 8.007493636100243748e+02 1.274127544167906679e-05 4.780974800468960098e+02 1.860098955786736042e+04 0.000000000000000000e+00 0.000000000000000000e+00
3.705882352941176471e-03 0.000000000000000000e+00 7.964956575607359355e+02 1.376539201440406139e-05 4.781791484776234711e+02 1.832485523721886420e+04 0.000000000000000000e+00 0.000000000000000000e+00
3.843137254901960592e-03 0.000000000000000000e+00 7.794925590000310649e+02 1.576289990175443515e-05 4.791690817873760011e+02 1.789338705450405905e+04 0.000000000000000000e+00 0.000000000000000000e+00
3.980392156862745147e-03 0.000000000000000000e+00 7.439355732025106818e+02 1.887959137801524607e-05 4.828110586541046700e+02 1.732545475660395095e+04 0.000000000000000000e+00 0.000000000000000000e+00
4.117647058823529702e-03 0.000000000000000000e+00 6.728795831467679136e+02 1.829319299895338963e-05 4.577261772153375432e+02 1.653890496193436411e+04 4.437091618605673489e+02 0.000000000000000000e+00
4.254901960784313389e-03 0.000000000000000000e+00 6.705738935670918863e+02 1.827601949975071399e-05 4.577053067462721287e+02 1.637088757858258941e+04 4.439851903993404107e+02 0.000000000000000000e+00
4.392156862745097944e-03 0.000000000000000000e+00 6.611682732644937914e+02 1.823449512907588746e-05 4.574795600745057982e+02 1.615713752847720934e+04 4.456390972377767525e+02 0.000000000000000000e+00
4.529411764705882498e-03 0.000000000000000000e+00 6.330551271077284810e+02 1.762558985839100451e-05 4.518446002706169793e+02 1.574666441277741069e+04 0.000000000000000000e+00 3.000672488017869910e+03
4.666666666666666186e-03 0.000000000000000000e+00 6.355608851585301409e+02 1.669523906715843941e-05 4.518097599762653545e+02 1.607939994653587019e+04 0.000000000000000000e+00 3.000199291745458595e+03
4.803921568627450740e-03 0.000000000000000000e+00 6.481054918922087609e+02 1.499839619990882625e-05 4.514003053244148873e+02 1.661519471903003068e+04 0.000000000000000000e+00 2.998200012008151134e+03
4.941176470588235295e-03 0.000000000000000000e+00 6.904551113445936608e+02 1.254039345217697377e-05 4.487182906504435209e+02 1.735522456112194050e+04 0.000000000000000000e+00 2.992144486409439196e+03
5.078431372549019850e-03 0.000000000000000000e+00 8.006205716394008505e+02 1.278705751301436004e-05 4.780987761200013324e+02 1.857687645700984649e+04 0.000000000000000000e+00 0.000000000000000000e+00
5.215686274509803537e-03 0.000000000000000000e+00 7.958346513088289385e+02 1.387039943832616960e-05 4.781955465247907000e+02 1.825416604364541854e+04 0.000000000000000000e+00 0.000000000000000000e+00
5.352941176470588092e-03 0.000000000000000000e+00 7.767497368910011346e+02 1.594377186103945567e-05 4.793698437436057702e+02 1.775618509359929158e+04 0.000000000000000000e+00 0.000000000000000000e+00
5.490196078431372646e-03 0.000000000000000000e+00 7.396200798719862632e+02 1.890219577479246134e-05 4.830320686951234848e+02 1.720143866042688023e+04 0.000000000000000000e+00 0.000000000000000000e+00
5.627450980392156334e-03 0.000000000000000000e+00 6.644633058383270736e+02 1.748636570666403645e-05 4.575078579608063478e+02 1.656740340564222424e+04 4.452336114365035655e+02 0.000000000000000000e+00
5.764705882352940888e-03 0.000000000000000000e+00 6.423991042627430943e+02 1.555604064769075407e-05 4.516343423850100862e+02 1.644289190033248451e+04 0.000000000000000000e+00 2.999068772004848597e+03
5.901960784313725443e-03 0.000000000000000000e+00 6.769216511106977805e+02 1.328345533634835303e-05 4.496403241809388192e+02 1.718941774508880553e+04 0.000000000000000000e+00 2.994221441622297789e+03
6.039215686274509998e-03 0.000000000000000000e+00 8.016043284949679446e+02 1.248296649727187013e-05 4.780911210887037441e+02 1.880316701966536493e+04 0.000000000000000000e+00 0.000000000000000000e+00
6.176470588235293685e-03 0.000000000000000000e+00 8.016043284949679446e+02 1.248296649727187013e-05 4.780911210887037441e+02 1.880316701966536493e+04 0.000000000000000000e+00 0.000000000000000000e+00
6.313725490196078240e-03 0.000000000000000000e+00 8.016043284949679446e+02 1.248296649727187013e-05 4.780911210887037441e+02 1.880316701966536493e+04 0.000000000000000000e+00 0.000000000000000000e+00
6.450980392156862794e-03 0.000000000000000000e+00 8.016043284949679446e+02 1.248296649727187013e-05 4.780911210887037441e+02 1.880316701966536493e+04 0.000000000000000000e+00 0.000000000000000000e+00
6.588235294117646482e-03 0.000000000000000000e+00 8.016043284949679446e+02 1.248296649727187521e-05 4.780911210887037441e+02 1.880316701966536493e+04 0.000000000000000000e+00 0.000000000000000000e+00
6.725490196078431036e-03 0.000000000000000000e+00 8.016043284949679446e+02 1.248296649727187860e-05 4.780911210887037441e+02 1.880316701966536493e+04 0.000000000000000000e+00 0.000000000000000000e+00
6.862745098039215591e-03 0.000000000000000000e+00 0.000000000000000000e+00 0.000000000000000000e+00 0.000000000000000000e+00 0.000000000000000000e+00 0.000000000000000000e+00 0.000000000000000000e+00
