0.000000000000000000e+00 1.000000000000000000e+00 6.000000000000000000e+00 7.000000000000000000e+00 8.000000000000000000e+00 1.400000000000000000e+01 2.600000000000000000e+01 2.900000000000000000e+01
0.000000000000000000e+00 0.000000000000000000e+00 8.015911880509730736e+02 1.248296649727186166e-05 4.780987855166957274e+02 1.880316701966536129e+04 0.000000000000000000e+00 0.000000000000000000e+00
6.930693069306931428e-05 0.000000000000000000e+00 8.015911880509730736e+02 1.248296649727186166e-05 4.780987855166957274e+02 1.880316701966536129e+04 0.000000000000000000e+00 0.000000000000000000e+00
1.386138613861386286e-04 0.000000000000000000e+00 8.015911880509730736e+02 1.248296649727186166e-05 4.780987855166957274e+02 1.880316701966536129e+04 0.000000000000000000e+00 0.000000000000000000e+00
2.079207920792079428e-04 0.000000000000000000e+00 8.015911880509730736e+02 1.248296649727186166e-05 4.780987855166957274e+02 1.880316701966536129e+04 0.000000000000000000e+00 0.000000000000000000e+00
2.772277227722772571e-04 0.000000000000000000e+00 8.015911880509730736e+02 1.248300312317693265e-05 4.780987855166957274e+02 1.880265650395760167e+04 0.000000000000000000e+00 0.000000000000000000e+00
3.465346534653465714e-04 0.000000000000000000e+00 8.015895504588565927e+02 1.248369058676807927e-05 4.780987890040482853e+02 1.879675264908847748e+04 0.000000000000000000e+00 0.000000000000000000e+00
4.158415841584158857e-04 0.000000000000000000e+00 8.015666075819867729e+02 1.248761342954686310e-05 4.780988510073427165e+02 1.877951743918893771e+04 0.000000000000000000e+00 0.000000000000000000e+00
4.851485148514851999e-04 0.000000000000000000e+00 8.014642831260339335e+02 1.250485045873655865e-05 4.780992476331244916e+02 1.874445523310742647e+04 0.000000000000000000e+00 0.000000000000000000e+00
5.544554455445545142e-04 0.000000000000000000e+00 8.011462919033144772e+02 1.257259859716619169e-05 4.781011068190539959e+02 1.868359884775250248e+04 0.000000000000000000e+00 0.000000000000000000e+00
6.237623762376238827e-04 0.000000000000000000e+00 8.003178503838936422e+02 1.281205714171084442e-05 4.781086696068217634e+02 1.858663999098314162e+04 0.000000000000000000e+00 0.000000000000000000e+00
6.930693069306931428e-04 0.000000000000000000e+00 7.983699813206012550e+02 1.329453198987149720e-05 4.781373982611057727e+02 1.845172189284476917e+04 0.000000000000000000e+00 0.000000000000000000e+00
7.623762376237624028e-04 0.000000000000000000e+00 7.942494826291696199e+02 1.401044320131388675e-05 4.782406324931608879e+02 1.827969780829058800e+04 0.000000000000000000e+00 0.000000000000000000e+00
8.316831683168317713e-04 0.000000000000000000e+00 7.860081664421704772e+02 1.500870466784660188e-05 4.786115227111313857e+02 1.806468595806115991e+04 0.000000000000000000e+00 0.000000000000000000e+00
9.009900990099011398e-04 0.000000000000000000e+00 7.694957734315007656e+02 1.640356237187265054e-05 4.800216387297192568e+02 1.779198071276632618e+04 0.000000000000000000e+00 0.000000000000000000e+00
9.702970297029703999e-04 0.000000000000000000e+00 7.383050271433365879e+02 1.845117803491767315e-05 4.846263976012332364e+02 1.744126737072363539e+04 0.000000000000000000e+00 0.000000000000000000e+00
1.039603960396039660e-03 0.000000000000000000e+00 6.733704703930756068e+02 1.830043415991667438e-05 4.577350378196651377e+02 1.668943268067063036e+04 4.436685054529506260e+02 0.000000000000000000e+00
1.108910891089109028e-03 0.000000000000000000e+00 6.733704703930756068e+02 1.830043415991667438e-05 4.577350378196651377e+02 1.668943268067063036e+04 4.436685054529506260e+02 0.000000000000000000e+00
1.178217821782178397e-03 0.000000000000000000e+00 6.733704703930756068e+02 1.830043415991667438e-05 4.577350378196651377e+02 1.668943268067063036e+04 4.436685054529506260e+02 0.000000000000000000e+00
1.247524752475247765e-03 0.000000000000000000e+00 6.733704703930756068e+02 1.830043413771553087e-05 4.577350378196651377e+02 1.668942180896525679e+04 4.436685054529506260e+02 0.000000000000000000e+00
1.316831683168316917e-03 0.000000000000000000e+00 6.733704523963375550e+02 1.830043004541107333e-05 4.577350378022727000e+02 1.668796048528421306e+04 4.436685063414527121e+02 0.000000000000000000e+00
1.386138613861386286e-03 0.000000000000000000e+00 6.733679588429431533e+02 1.830039973469203718e-05 4.577350351117119658e+02 1.668187152336896906e+04 4.436686368539179739e+02 0.000000000000000000e+00
1.455445544554455654e-03 0.000000000000000000e+00 6.733522587498617895e+02 1.830026083653961394e-05 4.577350125244196875e+02 1.666799855816673880e+04 4.436695617882954821e+02 0.000000000000000000e+00
1.524752475247524806e-03 0.000000000000000000e+00 6.732954118195331148e+02 1.829971172148266812e-05 4.577348974998954532e+02 1.664247541186778471e+04 4.436733996912888074e+02 0.000000000000000000e+00
1.594059405940594174e-03 0.000000000000000000e+00 6.731320517979843316e+02 1.829770792426075115e-05 4.577344161827763855e+02 1.660021394684827828e+04 4.436861840383465392e+02 0.000000000000000000e+00
1.663366336633663543e-03 0.000000000000000000e+00 6.727149598943564115e+02 1.829253585223757561e-05 4.577325695589420889e+02 1.653712306090662241e+04 4.437244365143623668e+02 0.000000000000000000e+00
1.732673267326732911e-03 0.000000000000000000e+00 6.717552207836724847e+02 1.828465728697199814e-05 4.577259510711029975e+02 1.645449185002461672e+04 4.438289086114988891e+02 0.000000000000000000e+00
1.801980198019802280e-03 0.000000000000000000e+00 6.697085548057757478e+02 1.827403248497474049e-05 4.577028513741565803e+02 1.635048750672688948e+04 4.440981374541166815e+02 0.000000000000000000e+00
1.871287128712871431e-03 0.000000000000000000e+00 6.654281207812973662e+02 1.826006384197076699e-05 4.576198342118136679e+02 1.621972004131905305e+04 4.447919499530973440e+02 0.000000000000000000e+00
1.940594059405940800e-03 0.000000000000000000e+00 6.560491905616681834e+02 1.824106936990489112e-05 4.572934392847460003e+02 1.604921729713529749e+04 4.467043016975034107e+02 0.000000000000000000e+00
2.009900990099009951e-03 0.000000000000000000e+00 6.326733795682640675e+02 1.779744505642623462e-05 4.518541563964157604e+02 1.554622235855519284e+04 0.000000000000000000e+00 3.000704249583216097e+03
2.079207920792079320e-03 0.000000000000000000e+00 6.326733795682640675e+02 1.779744505642623462e-05 4.518541563964157604e+02 1.554622235855519284e+04 0.000000000000000000e+00 3.000704249583216097e+03
2.148514851485148688e-03 0.000000000000000000e+00 6.326733795682640675e+02 1.779744505642623462e-05 4.518541563964157604e+02 1.554622235855519284e+04 0.000000000000000000e+00 3.000704249583216097e+03
2.217821782178218057e-03 0.000000000000000000e+00 6.326733795682640675e+02 1.779744505642623462e-05 4.518541563964157604e+02 1.554622235855519284e+04 0.000000000000000000e+00 3.000704249583216097e+03
2.287128712871287425e-03 0.000000000000000000e+00 6.326733795682640675e+02 1.779734018136976017e-05 4.518541563964157604e+02 1.554736733057007586e+04 0.000000000000000000e+00 3.000704249583216097e+03
2.356435643564356794e-03 0.000000000000000000e+00 6.326752543063511212e+02 1.779597450316692129e-05 4.518541505786930088e+02 1.555677211551807886e+04 0.000000000000000000e+00 3.000703745196553427e+03
2.425742574257426162e-03 0.000000000000000000e+00 6.326961014994467405e+02 1.778897038317208077e-05 4.518540724497646579e+02 1.558239430130541223e+04 0.000000000000000000e+00 3.000698500317627804e+03
2.495049504950495531e-03 0.000000000000000000e+00 6.327888741702029165e+02 1.775990339210439302e-05 4.518536107216088453e+02 1.563372544513502180e+04 0.000000000000000000e+00 3.000676863601697733e+03
2.564356435643564466e-03 0.000000000000000000e+00 6.330873293171332534e+02 1.765104446885512975e-05 4.518515483840664615e+02 1.572261124217958968e+04 0.000000000000000000e+00 3.000612433718401462e+03
2.633663366336633834e-03 0.000000000000000000e+00 6.339099036515958687e+02 1.730144498027081355e-05 4.518433864266274327e+02 1.586414678380934492e+04 0.000000000000000000e+00 3.000448047449687238e+03
2.702970297029703203e-03 0.000000000000000000e+00 6.359605837155734207e+02 1.669503836707721402e-05 4.518132372618941304e+02 1.606064440494561313e+04 0.000000000000000000e+00 3.000070002269818360e+03
2.772277227722772571e-03 0.000000000000000000e+00 6.406267875304357631e+02 1.588594894516668572e-05 4.517071833535381415e+02 1.631470179485404697e+04 0.000000000000000000e+00 2.999283716824224030e+03
2.841584158415841940e-03 0.000000000000000000e+00 6.508130434168914462e+02 1.486677469082884545e-05 4.513310389416458293e+02 1.663877831499042077e+04 0.000000000000000000e+00 2.997722893209767335e+03
2.910891089108911308e-03 0.000000000000000000e+00 6.734306407269003785e+02 1.358314408098607790e-05 4.499047201043678683e+02 1.706125618626077994e+04 0.000000000000000000e+00 2.994578678334470624e+03
2.980198019801980677e-03 0.000000000000000000e+00 7.158879729777140710e+02 1.192704446842538445e-05 4.459810269334624877e+02 1.759013033905124030e+04 0.000000000000000000e+00 2.989100204481221226e+03
3.049504950495049611e-03 0.000000000000000000e+00 8.015911880509730736e+02 1.248296649727186166e-05 4.780987855166957274e+02 1.880316701966536129e+04 0.000000000000000000e+00 0.000000000000000000e+00
3.118811881188118980e-03 0.000000000000000000e+00 8.015911880509730736e+02 1.248296649727186166e-05 4.780987855166957274e+02 1.880316701966536129e+04 0.000000000000000000e+00 0.000000000000000000e+00
3.188118811881188348e-03 0.000000000000000000e+00 8.015911880509730736e+02 1.248296649727186166e-05 4.780987855166957274e+02 1.880316701966536129e+04 0.000000000000000000e+00 0.000000000000000000e+00
3.257425742574257717e-03 0.000000000000000000e+00 8.015911880509730736e+02 1.248297297449889919e-05 4.780987855166957274e+02 1.880306763958187366e+04 0.000000000000000000e+00 0.000000000000000000e+00
3.326732673267327085e-03 0.000000000000000000e+00 8.015908741917573934e+02 1.248333963784464863e-05 4.780987861603394435e+02 1.879935376489325427e+04 0.000000000000000000e+00 0.000000000000000000e+00
3.396039603960396454e-03 0.000000000000000000e+00 8.015778960394346768e+02 1.248582778729871385e-05 4.780988179034470704e+02 1.878593294064133806e+04 0.000000000000000000e+00 0.000000000000000000e+00
3.465346534653465822e-03 0.000000000000000000e+00 8.015077767981258603e+02 1.249726794723141836e-05 4.780990607662030811e+02 1.875673429980057699e+04 0.000000000000000000e+00 0.000000000000000000e+00
3.534653465346535191e-03 0.000000000000000000e+00 8.012726641165002093e+02 1.254330336202659340e-05 4.781002740642296089e+02 1.870423012979073610e+04 0.000000000000000000e+00 0.000000000000000000e+00
3.603960396039604559e-03 0.000000000000000000e+00 8.006351857878339615e+02 1.271593803881785669e-05 4.781053667388569011e+02 1.861854184133360468e+04 0.000000000000000000e+00 0.000000000000000000e+00
3.673267326732673494e-03 0.000000000000000000e+00 7.990924176194462234e+02 1.313405424368093772e-05 4.781250854316485288e+02 1.849394210357974953e+04 0.000000000000000000e+00 0.000000000000000000e+00
3.742574257425742863e-03 0.000000000000000000e+00 7.957400051690079863e+02 1.378029843497133085e-05 4.781966905053021151e+02 1.833291026546596549e+04 0.000000000000000000e+00 0.000000000000000000e+00
3.811881188118812231e-03 0.000000000000000000e+00 7.889684364960443190e+02 1.469072872476623640e-05 4.784521967363057797e+02 1.812988526556216311e+04 0.000000000000000000e+00 0.000000000000000000e+00
3.881188118811881600e-03 0.000000000000000000e+00 7.754950340075605482e+02 1.595311313924685346e-05 4.793998792117173480e+02 1.787052704959150287e+04 0.000000000000000000e+00 0.000000000000000000e+00
3.950495049504950534e-03 0.000000000000000000e+00 7.477393342996518868e+02 1.778139962422021166e-05 4.831296825941977886e+02 1.752573582940233609e+04 0.000000000000000000e+00 0.000000000000000000e+00
4.019801980198019903e-03 0.000000000000000000e+00 6.733019173522873189e+02 1.829978102876763960e-05 4.577349124239262323e+02 1.664479690178426972e+04 4.436729374299936239e+02 0.000000000000000000e+00
4.089108910891089271e-03 0.000000000000000000e+00 6.731494536106858959e+02 1.829795187309792907e-05 4.577344751241856784e+02 1.660393544027648750e+04 4.436847421841612231e+02 0.000000000000000000e+00
4.158415841584158640e-03 0.000000000000000000e+00 6.727580605937001792e+02 1.829300188978078776e-05 4.577327921551660666e+02 1.654231759229401723e+04 4.437202296419364984e+02 0.000000000000000000e+00
4.227722772277228008e-03 0.000000000000000000e+00 6.718507583316942373e+02 1.828530832362983664e-05 4.577267356031260874e+02 1.646109962839918444e+04 4.438177526727762938e+02 0.000000000000000000e+00
4.297029702970297377e-03 0.000000000000000000e+00 6.699088617736326796e+02 1.827471680604265139e-05 4.577055940673446344e+02 1.636059062096038360e+04 4.440696575280510956e+02 0.000000000000000000e+00
4.366336633663366745e-03 0.000000000000000000e+00 6.658516653216652230e+02 1.825919872620270542e-05 4.576298360896258259e+02 1.624357933224784574e+04 4.447177197452158453e+02 0.000000000000000000e+00
4.435643564356436114e-03 0.000000000000000000e+00 6.570114741522746726e+02 1.823171634210880526e-05 4.573324564771642144e+02 1.610598715574627568e+04 4.464966803676728091e+02 0.000000000000000000e+00
4.504950495049505482e-03 0.000000000000000000e+00 6.328143239694570639e+02 1.775166917957324132e-05 4.518534640588496814e+02 1.564374905071550893e+04 0.000000000000000000e+00 3.000671143089802626e+03
4.574257425742574851e-03 0.000000000000000000e+00 6.331616484381282817e+02 1.762095306319588233e-05 4.518509428584520151e+02 1.573925251202634354e+04 0.000000000000000000e+00 3.000596987383493797e+03
4.643564356435644219e-03 0.000000000000000000e+00 6.341058015792634706e+02 1.722788919961283950e-05 4.518410455864602113e+02 1.588883676550422024e+04 0.000000000000000000e+00 3.000410366421396702e+03
4.712871287128713588e-03 0.000000000000000000e+00 6.364227147505959010e+02 1.659145047622228412e-05 4.518048921254969628e+02 1.609312523414344469e+04 0.000000000000000000e+00 2.999988497784323499e+03
4.782178217821782956e-03 0.000000000000000000e+00 6.416463604832874807e+02 1.575277577860173918e-05 4.516779977040827134e+02 1.635548951697837765e+04 0.000000000000000000e+00 2.999119991295787258e+03
4.851485148514852325e-03 0.000000000000000000e+00 6.530317880838963447e+02 1.469943330242587898e-05 4.512255328513787163e+02 1.668504938749826761e+04 0.000000000000000000e+00 2.997392481723973106e+03
4.920792079207921693e-03 0.000000000000000000e+00 6.785150857377811917e+02 1.336887365373804782e-05 4.494833958898629476e+02 1.710813251881060569e+04 0.000000000000000000e+00 2.993819677783881616e+03
4.990099009900991062e-03 0.000000000000000000e+00 7.209869382620931901e+02 1.179484573098684061e-05 4.454814946847865258e+02 1.757995304551346999e+04 0.000000000000000000e+00 2.988024782876949757e+03
5.059405940594059563e-03 0.000000000000000000e+00 8.011094040259218900e+02 1.258204695894305881e-05 4.781013684840256701e+02 1.867666900089605042e+04 0.000000000000000000e+00 0.000000000000000000e+00
5.128712871287128931e-03 0.000000000000000000e+00 8.002216653639295600e+02 1.283928485404666003e-05 4.781097244675136153e+02 1.857104277985831504e+04 0.000000000000000000e+00 0.000000000000000000e+00
5.198019801980198300e-03 0.000000000000000000e+00 7.981433110113350722e+02 1.333758601212166239e-05 4.781412345693583461e+02 1.841972191466458389e+04 0.000000000000000000e+00 0.000000000000000000e+00
5.267326732673267668e-03 0.000000000000000000e+00 7.937452149196856226e+02 1.407082046454227106e-05 4.782542222330919230e+02 1.821978604874827579e+04 0.000000000000000000e+00 0.000000000000000000e+00
5.336633663366337037e-03 0.000000000000000000e+00 7.849165014642017013e+02 1.508991254516891469e-05 4.786610665739935371e+02 1.796612827829834714e+04 0.000000000000000000e+00 0.000000000000000000e+00
5.405940594059406405e-03 0.000000000000000000e+00 7.671172761557724016e+02 1.650946305228418324e-05 4.802190490174306774e+02 1.764744168329052627e+04 0.000000000000000000e+00 0.000000000000000000e+00
5.475247524752475774e-03 0.000000000000000000e+00 7.346277992916928952e+02 1.855609492204516559e-05 4.849383530909884712e+02 1.726071101823395293e+04 0.000000000000000000e+00 0.000000000000000000e+00
5.544554455445545142e-03 0.000000000000000000e+00 6.703270235956326815e+02 1.817243606500510732e-05 4.577051100770603966e+02 1.651478003793637981e+04 4.440416104733186557e+02 0.000000000000000000e+00
5.613861386138614511e-03 0.000000000000000000e+00 6.670305724566391063e+02 1.788815841379248902e-05 4.576270539311157108e+02 1.651589749897526053e+04 4.446314739369620384e+02 0.000000000000000000e+00
5.683168316831683879e-03 0.000000000000000000e+00 6.600549565401751124e+02 1.731358380487564978e-05 4.573225179267433305e+02 1.653466519688301923e+04 4.462377882810519623e+02 0.000000000000000000e+00
5.752475247524753248e-03 0.000000000000000000e+00 6.388977395143394915e+02 1.613688189792267586e-05 4.517520883524267106e+02 1.623585928794448046e+04 0.000000000000000000e+00 2.999566978480323542e+03
5.821782178217822616e-03 0.000000000000000000e+00 6.470510184294458895e+02 1.517990368606331587e-05 4.514920476189985266e+02 1.653805400718562669e+04 0.000000000000000000e+00 2.998282871026186058e+03
5.891089108910891985e-03 0.000000000000000000e+00 6.649225493104139559e+02 1.397684902887140137e-05 4.505344416008877602e+02 1.692793855562639874e+04 0.000000000000000000e+00 2.995728123715777656e+03
5.960396039603961353e-03 0.000000000000000000e+00 7.042173739597232043e+02 1.241102023379019902e-05 4.470676960724857167e+02 1.744950123565929971e+04 0.000000000000000000e+00 2.990605790363124470e+03
6.029702970297030722e-03 0.000000000000000000e+00 8.015911880509730736e+02 1.248296649727186166e-05 4.780987855166957274e+02 1.880316701966536129e+04 0.000000000000000000e+00 0.000000000000000000e+00
6.099009900990099223e-03 0.000000000000000000e+00 8.015911880509730736e+02 1.248296649727186166e-05 4.780987855166957274e+02 1.880316701966536129e+04 0.000000000000000000e+00 0.000000000000000000e+00
6.168316831683168591e-03 0.000000000000000000e+00 8.015911880509730736e+02 1.248296649727186166e-05 4.780987855166957274e+02 1.880316701966536129e+04 0.000000000000000000e+00 0.000000000000000000e+00
6.237623762376237960e-03 0.000000000000000000e+00 8.015911880509730736e+02 1.248296649727186166e-05 4.780987855166957274e+02 1.880316701966536129e+04 0.000000000000000000e+00 0.000000000000000000e+00
6.306930693069307328e-03 0.000000000000000000e+00 8.015911880509730736e+02 1.248296649727186166e-05 4.780987855166957274e+02 1.880316701966536129e+04 0.000000000000000000e+00 0.000000000000000000e+00
6.376237623762376697e-03 0.000000000000000000e+00 8.015911880509730736e+02 1.248296649727186166e-05 4.780987855166957274e+02 1.880316701966536129e+04 0.000000000000000000e+00 0.000000000000000000e+00
6.445544554455446065e-03 0.000000000000000000e+00 8.015911880509730736e+02 1.248296649727186166e-05 4.780987855166957274e+02 1.880316701966536129e+04 0.000000000000000000e+00 0.000000000000000000e+00
6.514851485148515434e-03 0.000000000000000000e+00 8.015911880509730736e+02 1.248296649727186166e-05 4.780987855166957274e+02 1.880316701966536129e+04 0.000000000000000000e+00 0.000000000000000000e+00
6.584158415841584802e-03 0.000000000000000000e+00 8.015911880509730736e+02 1.248296649727186505e-05 4.780987855166957274e+02 1.880316701966536129e+04 0.000000000000000000e+00 0.000000000000000000e+00
6.653465346534654171e-03 0.000000000000000000e+00 8.015911880509730736e+02 1.248296649727186843e-05 4.780987855166957274e+02 1.880316701966536129e+04 0.000000000000000000e+00 0.000000000000000000e+00
6.722772277227723539e-03 0.000000000000000000e+00 8.015911880509730736e+02 1.248296649727186843e-05 4.780987855166957274e+02 1.880316701966536129e+04 0.000000000000000000e+00 0.000000000000000000e+00
6.792079207920792908e-03 0.000000000000000000e+00 8.015911880509729599e+02 1.248296649727186674e-05 4.780987855166957274e+02 1.880316701966536129e+04 0.000000000000000000e+00 0.000000000000000000e+00
6.861386138613862276e-03 0.000000000000000000e+00 8.015911880509729599e+02 1.248296649727186674e-05 4.780987855166957274e+02 1.880316701966536129e+04 0.000000000000000000e+00 0.000000000000000000e+00
6.930693069306931645e-03 0.000000000000000000e+00 0.000000000000000000e+00 0.000000000000000000e+00 0.000000000000000000e+00 0.000000000000000000e+00 0.000000000000000000e+00 0.000000000000000000e+00
