0.000000000000000000e+00 1.000000000000000000e+00 6.000000000000000000e+00 7.000000000000000000e+00 8.000000000000000000e+00 1.400000000000000000e+01 2.600000000000000000e+01 2.900000000000000000e+01
0.000000000000000000e+00 0.000000000000000000e+00 5.445607526037541902e+03 2.875315206367316136e+02 1.068533005806864094e+04 4.542936017282827379e+04 0.000000000000000000e+00 0.000000000000000000e+00
4.983050847457627555e-05 0.000000000000000000e+00 5.445607526037541902e+03 2.875315206367316136e+02 1.068533005806864094e+04 4.542936017282827379e+04 0.000000000000000000e+00 0.000000000000000000e+00
9.966101694915255110e-05 0.000000000000000000e+00 5.445607526037541902e+03 2.875315206367316136e+02 1.068533005806864094e+04 4.542936017282827379e+04 0.000000000000000000e+00 0.000000000000000000e+00
1.494915254237288266e-04 0.000000000000000000e+00 5.445607526037541902e+03 2.875315206367316136e+02 1.068533005806864094e+04 4.542936017282827379e+04 0.000000000000000000e+00 0.000000000000000000e+00
1.993220338983051022e-04 0.000000000000000000e+00 5.445607526037541902e+03 2.875315206367316136e+02 1.068533005806864094e+04 4.542936017282827379e+04 0.000000000000000000e+00 0.000000000000000000e+00
2.491525423728814049e-04 0.000000000000000000e+00 5.445607526037541902e+03 2.875315206367316136e+02 1.068533005806864094e+04 4.542936017282827379e+04 0.000000000000000000e+00 0.000000000000000000e+00
2.989830508474576533e-04 0.000000000000000000e+00 5.445607526037541902e+03 2.875315206367316136e+02 1.068533005806864094e+04 4.542936017282827379e+04 0.000000000000000000e+00 0.000000000000000000e+00
3.488135593220339017e-04 0.000000000000000000e+00 5.445607526037541902e+03 2.875315206367316136e+02 1.068533005806864094e+04 4.542936017282827379e+04 0.000000000000000000e+00 0.000000000000000000e+00
3.986440677966102044e-04 0.000000000000000000e+00 5.445607526037541902e+03 2.875315206367316136e+02 1.068533005806864094e+04 4.542936017282827379e+04 0.000000000000000000e+00 0.000000000000000000e+00
4.484745762711865071e-04 0.000000000000000000e+00 5.445607526037541902e+03 2.875315206367316136e+02 1.068533005806864094e+04 4.542936017282827379e+04 0.000000000000000000e+00 0.000000000000000000e+00
4.983050847457628097e-04 0.000000000000000000e+00 5.445607526037541902e+03 2.875315206367316136e+02 1.068533005806864094e+04 4.542936017282827379e+04 0.000000000000000000e+00 0.000000000000000000e+00
5.481355932203390039e-04 0.000000000000000000e+00 5.445607526037541902e+03 2.875315206367316136e+02 1.068533005806864094e+04 4.542936017282827379e+04 0.000000000000000000e+00 0.000000000000000000e+00
5.979661016949153066e-04 0.000000000000000000e+00 5.445607526037541902e+03 2.875315206367316136e+02 1.068533005806864094e+04 4.542936017282827379e+04 0.000000000000000000e+00 0.000000000000000000e+00
6.477966101694916093e-04 0.000000000000000000e+00 5.445607526037541902e+03 2.875315206367316136e+02 1.068533005806864094e+04 4.542936017282827379e+04 0.000000000000000000e+00 0.000000000000000000e+00
6.976271186440678035e-04 0.000000000000000000e+00 5.445607526037541902e+03 2.875315206367316136e+02 1.068533005806864094e+04 4.542936017282827379e+04 0.000000000000000000e+00 0.000000000000000000e+00
7.474576271186441061e-04 0.000000000000000000e+00 5.445607526037541902e+03 2.875315206367316136e+02 1.068533005806864094e+04 4.542936017282827379e+04 0.000000000000000000e+00 0.000000000000000000e+00
7.972881355932204088e-04 0.000000000000000000e+00 5.445607526037541902e+03 2.875315206367316136e+02 1.068533005806864094e+04 4.542936017282827379e+04 0.000000000000000000e+00 0.000000000000000000e+00
8.471186440677967115e-04 0.000000000000000000e+00 5.445607526037541902e+03 2.875315206367316136e+02 1.068533005806864094e+04 4.542936017282827379e+04 0.000000000000000000e+00 0.000000000000000000e+00
8.969491525423730141e-04 0.000000000000000000e+00 5.445607526037541902e+03 2.875315206367316136e+02 1.068533005806864094e+04 4.542936017282827379e+04 0.000000000000000000e+00 0.000000000000000000e+00
9.467796610169492083e-04 0.000000000000000000e+00 5.445607526037541902e+03 2.875315206367316136e+02 1.068533005806864094e+04 4.542936017282827379e+04 0.000000000000000000e+00 0.000000000000000000e+00
9.966101694915256194e-04 0.000000000000000000e+00 5.445607526037541902e+03 2.875315206367316136e+02 1.068533005806864094e+04 4.542936017282827379e+04 0.000000000000000000e+00 0.000000000000000000e+00
1.046440677966101705e-03 0.000000000000000000e+00 5.445607526037541902e+03 2.875315206367316136e+02 1.068533005806864094e+04 4.542936017282827379e+04 0.000000000000000000e+00 0.000000000000000000e+00
1.096271186440678008e-03 0.000000000000000000e+00 5.445607526037541902e+03 2.875315206367316136e+02 1.068533005806864094e+04 4.542936017282827379e+04 0.000000000000000000e+00 0.000000000000000000e+00
1.146101694915254311e-03 0.000000000000000000e+00 5.445607526037541902e+03 2.875315206367316136e+02 1.068533005806864094e+04 4.542936017282827379e+04 0.000000000000000000e+00 0.000000000000000000e+00
1.195932203389830613e-03 0.000000000000000000e+00 5.445607526037541902e+03 2.875315206367316136e+02 1.068533005806864094e+04 4.542936017282827379e+04 0.000000000000000000e+00 0.000000000000000000e+00
1.245762711864406916e-03 0.000000000000000000e+00 5.445607526037541902e+03 2.875315206367316136e+02 1.068533005806864094e+04 4.542936017282827379e+04 0.000000000000000000e+00 0.000000000000000000e+00
1.295593220338983219e-03 0.000000000000000000e+00 5.445607526037541902e+03 2.875315206367316136e+02 1.068533005806864094e+04 4.542936017282827379e+04 0.000000000000000000e+00 0.000000000000000000e+00
1.345423728813559521e-03 0.000000000000000000e+00 5.445607526037541902e+03 2.875315206367316136e+02 1.068533005806864094e+04 4.542936017282827379e+04 0.000000000000000000e+00 0.000000000000000000e+00
1.395254237288135607e-03 0.000000000000000000e+00 5.445607526037541902e+03 2.875315206367316136e+02 1.068533005806864094e+04 4.542936017282827379e+04 0.000000000000000000e+00 0.000000000000000000e+00
1.445084745762711910e-03 0.000000000000000000e+00 5.445607526037541902e+03 2.875315206367316136e+02 1.068533005806864094e+04 4.542936017282827379e+04 0.000000000000000000e+00 0.000000000000000000e+00
1.494915254237288212e-03 0.000000000000000000e+00 5.445607526037541902e+03 2.875315206367316136e+02 1.068533005806864094e+04 4.542936017282827379e+04 0.000000000000000000e+00 0.000000000000000000e+00
1.544745762711864515e-03 0.000000000000000000e+00 5.445607526037541902e+03 2.875315206367316136e+02 1.068533005806864094e+04 4.542936017282827379e+04 0.000000000000000000e+00 0.000000000000000000e+00
1.594576271186440818e-03 0.000000000000000000e+00 5.445607526037541902e+03 2.875315206367316136e+02 1.068533005806864094e+04 4.542936017282827379e+04 0.000000000000000000e+00 0.000000000000000000e+00
1.644406779661017120e-03 0.000000000000000000e+00 5.445607526037541902e+03 2.875315206367316136e+02 1.068533005806864094e+04 4.542936017282827379e+04 0.000000000000000000e+00 0.000000000000000000e+00
1.694237288135593423e-03 0.000000000000000000e+00 5.445607526037541902e+03 2.875315206367316136e+02 1.068533005806864094e+04 4.542936017282827379e+04 0.000000000000000000e+00 0.000000000000000000e+00
1.744067796610169726e-03 0.000000000000000000e+00 5.445607526037541902e+03 2.875315206367316136e+02 1.068533005806864094e+04 4.542936017282827379e+04 0.000000000000000000e+00 0.000000000000000000e+00
1.793898305084746028e-03 0.000000000000000000e+00 5.445607526037541902e+03 2.875315206367316136e+02 1.068533005806864094e+04 4.542936017282827379e+04 0.000000000000000000e+00 0.000000000000000000e+00
1.843728813559322114e-03 0.000000000000000000e+00 5.445607526037541902e+03 2.875315206367316136e+02 1.068533005806864094e+04 4.542936017282827379e+04 0.000000000000000000e+00 0.000000000000000000e+00
1.893559322033898417e-03 0.000000000000000000e+00 5.445607526037541902e+03 2.875315206367316136e+02 1.068533005806864094e+04 4.542936017282827379e+04 0.000000000000000000e+00 0.000000000000000000e+00
1.943389830508474719e-03 0.000000000000000000e+00 5.445607526037541902e+03 2.875315206367316136e+02 1.068533005806864094e+04 4.542936017282827379e+04 0.000000000000000000e+00 0.000000000000000000e+00
1.993220338983051239e-03 0.000000000000000000e+00 5.445607526037541902e+03 2.875315206367316136e+02 1.068533005806864094e+04 4.542936017282827379e+04 0.000000000000000000e+00 0.000000000000000000e+00
2.043050847457627325e-03 0.000000000000000000e+00 5.445607526037541902e+03 2.875315206367316136e+02 1.068533005806864094e+04 4.542936017282827379e+04 0.000000000000000000e+00 0.000000000000000000e+00
2.092881355932203410e-03 0.000000000000000000e+00 5.445607526037541902e+03 2.875315206367316136e+02 1.068533005806864094e+04 4.542936017282827379e+04 0.000000000000000000e+00 0.000000000000000000e+00
2.142711864406779930e-03 0.000000000000000000e+00 5.988665939638462078e+03 2.153694563366620969e+02 1.136930795234912512e+04 3.402790963744725741e+04 7.973045288574245205e+03 0.000000000000000000e+00
2.192542372881356016e-03 0.000000000000000000e+00 5.988665939638462078e+03 2.153694563366620969e+02 1.136930795234912512e+04 3.402790963744725741e+04 7.973045288574245205e+03 0.000000000000000000e+00
2.242372881355932535e-03 0.000000000000000000e+00 5.988665939638462078e+03 2.153694563366620969e+02 1.136930795234912512e+04 3.402790963744725741e+04 7.973045288574245205e+03 0.000000000000000000e+00
2.292203389830508621e-03 0.000000000000000000e+00 5.988665939638462078e+03 2.153694563366620969e+02 1.136930795234912512e+04 3.402790963744725741e+04 7.973045288574245205e+03 0.000000000000000000e+00
2.342033898305085141e-03 0.000000000000000000e+00 5.988665939638462078e+03 2.153694563366620969e+02 1.136930795234912512e+04 3.402790963744725741e+04 7.973045288574245205e+03 0.000000000000000000e+00
2.391864406779661226e-03 0.000000000000000000e+00 5.988665939638462078e+03 2.153694563366620969e+02 1.136930795234912512e+04 3.402790963744725741e+04 7.973045288574245205e+03 0.000000000000000000e+00
2.441694915254237312e-03 0.000000000000000000e+00 5.988665939638462078e+03 2.153694563366620969e+02 1.136930795234912512e+04 3.402790963744725741e+04 7.973045288574245205e+03 0.000000000000000000e+00
2.491525423728813832e-03 0.000000000000000000e+00 5.988665939638462078e+03 2.153694563366620969e+02 1.136930795234912512e+04 3.402790963744725741e+04 7.973045288574245205e+03 0.000000000000000000e+00
2.541355932203389918e-03 0.000000000000000000e+00 5.988665939638462078e+03 2.153694563366620969e+02 1.136930795234912512e+04 3.402790963744725741e+04 7.973045288574245205e+03 0.000000000000000000e+00
2.591186440677966437e-03 0.000000000000000000e+00 5.988665939638462078e+03 2.153694563366620969e+02 1.136930795234912512e+04 3.402790963744725741e+04 7.973045288574245205e+03 0.000000000000000000e+00
2.641016949152542523e-03 0.000000000000000000e+00 5.988665939638462078e+03 2.153694563366620969e+02 1.136930795234912512e+04 3.402790963744725741e+04 7.973045288574245205e+03 0.000000000000000000e+00
2.690847457627119042e-03 0.000000000000000000e+00 5.988665939638462078e+03 2.153694563366620969e+02 1.136930795234912512e+04 3.402790963744725741e+04 7.973045288574245205e+03 0.000000000000000000e+00
2.740677966101695128e-03 0.000000000000000000e+00 5.988665939638462078e+03 2.153694563366620969e+02 1.136930795234912512e+04 3.402790963744725741e+04 7.973045288574245205e+03 0.000000000000000000e+00
2.790508474576271214e-03 0.000000000000000000e+00 5.988665939638462078e+03 2.153694563366620969e+02 1.136930795234912512e+04 3.402790963744725741e+04 7.973045288574245205e+03 0.000000000000000000e+00
2.840338983050847733e-03 0.000000000000000000e+00 5.988665939638462078e+03 2.153694563366620969e+02 1.136930795234912512e+04 3.402790963744725741e+04 7.973045288574245205e+03 0.000000000000000000e+00
2.890169491525423819e-03 0.000000000000000000e+00 5.988665939638462078e+03 2.153694563366620969e+02 1.136930795234912512e+04 3.402790963744725741e+04 7.973045288574245205e+03 0.000000000000000000e+00
2.940000000000000339e-03 0.000000000000000000e+00 5.988665939638462078e+03 2.153694563366620969e+02 1.136930795234912512e+04 3.402790963744725741e+04 7.973045288574245205e+03 0.000000000000000000e+00
2.989830508474576425e-03 0.000000000000000000e+00 5.988665939638462078e+03 2.153694563366620969e+02 1.136930795234912512e+04 3.402790963744725741e+04 7.973045288574245205e+03 0.000000000000000000e+00
3.039661016949152944e-03 0.000000000000000000e+00 5.988665939638462078e+03 2.153694563366620969e+02 1.136930795234912512e+04 3.402790963744725741e+04 7.973045288574245205e+03 0.000000000000000000e+00
3.089491525423729030e-03 0.000000000000000000e+00 5.988665939638462078e+03 2.153694563366620969e+02 1.136930795234912512e+04 3.402790963744725741e+04 7.973045288574245205e+03 0.000000000000000000e+00
3.139322033898305549e-03 0.000000000000000000e+00 5.988665939638462078e+03 2.153694563366620969e+02 1.136930795234912512e+04 3.402790963744725741e+04 7.973045288574245205e+03 0.000000000000000000e+00
3.189152542372881635e-03 0.000000000000000000e+00 5.988665939638462078e+03 2.153694563366620969e+02 1.136930795234912512e+04 3.402790963744725741e+04 7.973045288574245205e+03 0.000000000000000000e+00
3.238983050847457721e-03 0.000000000000000000e+00 5.988665939638462078e+03 2.153694563366620969e+02 1.136930795234912512e+04 3.402790963744725741e+04 7.973045288574245205e+03 0.000000000000000000e+00
3.288813559322034241e-03 0.000000000000000000e+00 5.988665939638462078e+03 2.153694563366620969e+02 1.136930795234912512e+04 3.402790963744725741e+04 7.973045288574245205e+03 0.000000000000000000e+00
3.338644067796610326e-03 0.000000000000000000e+00 5.988665939638462078e+03 2.153694563366620969e+02 1.136930795234912512e+04 3.402790963744725741e+04 7.973045288574245205e+03 0.000000000000000000e+00
3.388474576271186846e-03 0.000000000000000000e+00 5.988665939638462078e+03 2.153694563366620969e+02 1.136930795234912512e+04 3.402790963744725741e+04 7.973045288574245205e+03 0.000000000000000000e+00
3.438305084745762932e-03 0.000000000000000000e+00 5.988665939638462078e+03 2.153694563366620969e+02 1.136930795234912512e+04 3.402790963744725741e+04 7.973045288574245205e+03 0.000000000000000000e+00
3.488135593220339451e-03 0.000000000000000000e+00 5.988665939638462078e+03 2.153694563366620969e+02 1.136930795234912512e+04 3.402790963744725741e+04 7.973045288574245205e+03 0.000000000000000000e+00
3.537966101694915537e-03 0.000000000000000000e+00 5.988665939638462078e+03 2.153694563366620969e+02 1.136930795234912512e+04 3.402790963744725741e+04 7.973045288574245205e+03 0.000000000000000000e+00
3.587796610169492056e-03 0.000000000000000000e+00 5.988665939638462078e+03 2.153694563366620969e+02 1.136930795234912512e+04 3.402790963744725741e+04 7.973045288574245205e+03 0.000000000000000000e+00
3.637627118644068142e-03 0.000000000000000000e+00 5.988665939638462078e+03 2.153694563366620969e+02 1.136930795234912512e+04 3.402790963744725741e+04 7.973045288574245205e+03 0.000000000000000000e+00
3.687457627118644228e-03 0.000000000000000000e+00 5.988665939638462078e+03 2.153694563366620969e+02 1.136930795234912512e+04 3.402790963744725741e+04 7.973045288574245205e+03 0.000000000000000000e+00
3.737288135593220748e-03 0.000000000000000000e+00 5.988665939638462078e+03 2.153694563366620969e+02 1.136930795234912512e+04 3.402790963744725741e+04 7.973045288574245205e+03 0.000000000000000000e+00
3.787118644067796833e-03 0.000000000000000000e+00 5.988665939638462078e+03 2.153694563366620969e+02 1.136930795234912512e+04 3.402790963744725741e+04 7.973045288574245205e+03 0.000000000000000000e+00
3.836949152542373353e-03 0.000000000000000000e+00 5.988665939638462078e+03 2.153694563366620969e+02 1.136930795234912512e+04 3.402790963744725741e+04 7.973045288574245205e+03 0.000000000000000000e+00
3.886779661016949439e-03 0.000000000000000000e+00 5.988665939638462078e+03 2.153694563366620969e+02 1.136930795234912512e+04 3.402790963744725741e+04 7.973045288574245205e+03 0.000000000000000000e+00
3.936610169491525958e-03 0.000000000000000000e+00 5.988665939638462078e+03 2.153694563366620969e+02 1.136930795234912512e+04 3.402790963744725741e+04 7.973045288574245205e+03 0.000000000000000000e+00
3.986440677966102478e-03 0.000000000000000000e+00 5.988665939638462078e+03 2.153694563366620969e+02 1.136930795234912512e+04 3.402790963744725741e+04 7.973045288574245205e+03 0.000000000000000000e+00
4.036271186440678130e-03 0.000000000000000000e+00 5.988665939638462078e+03 2.153694563366620969e+02 1.136930795234912512e+04 3.402790963744725741e+04 7.973045288574245205e+03 0.000000000000000000e+00
4.086101694915254649e-03 0.000000000000000000e+00 5.988665939638462078e+03 2.153694563366620969e+02 1.136930795234912512e+04 3.402790963744725741e+04 7.973045288574245205e+03 0.000000000000000000e+00
4.135932203389831169e-03 0.000000000000000000e+00 5.988665939638462078e+03 2.153694563366620969e+02 1.136930795234912512e+04 3.402790963744725741e+04 7.973045288574245205e+03 0.000000000000000000e+00
4.185762711864406821e-03 0.000000000000000000e+00 5.988665939638462078e+03 2.153694563366620969e+02 1.136930795234912512e+04 3.402790963744725741e+04 7.973045288574245205e+03 0.000000000000000000e+00
4.235593220338983340e-03 0.000000000000000000e+00 5.445607526037541902e+03 2.875315206367316136e+02 1.068533005806864094e+04 4.542936017282827379e+04 0.000000000000000000e+00 0.000000000000000000e+00
4.285423728813559860e-03 0.000000000000000000e+00 5.445607526037541902e+03 2.875315206367316136e+02 1.068533005806864094e+04 4.542936017282827379e+04 0.000000000000000000e+00 0.000000000000000000e+00
4.335254237288136379e-03 0.000000000000000000e+00 5.445607526037541902e+03 2.875315206367316136e+02 1.068533005806864094e+04 4.542936017282827379e+04 0.000000000000000000e+00 0.000000000000000000e+00
4.385084745762712032e-03 0.000000000000000000e+00 5.445607526037541902e+03 2.875315206367316136e+02 1.068533005806864094e+04 4.542936017282827379e+04 0.000000000000000000e+00 0.000000000000000000e+00
4.434915254237288551e-03 0.000000000000000000e+00 5.445607526037541902e+03 2.875315206367316136e+02 1.068533005806864094e+04 4.542936017282827379e+04 0.000000000000000000e+00 0.000000000000000000e+00
4.484745762711865071e-03 0.000000000000000000e+00 5.445607526037541902e+03 2.875315206367316136e+02 1.068533005806864094e+04 4.542936017282827379e+04 0.000000000000000000e+00 0.000000000000000000e+00
4.534576271186440723e-03 0.000000000000000000e+00 5.445607526037541902e+03 2.875315206367316136e+02 1.068533005806864094e+04 4.542936017282827379e+04 0.000000000000000000e+00 0.000000000000000000e+00
4.584406779661017242e-03 0.000000000000000000e+00 5.445607526037541902e+03 2.875315206367316136e+02 1.068533005806864094e+04 4.542936017282827379e+04 0.000000000000000000e+00 0.000000000000000000e+00
4.634237288135593762e-03 0.000000000000000000e+00 5.445607526037541902e+03 2.875315206367316136e+02 1.068533005806864094e+04 4.542936017282827379e+04 0.000000000000000000e+00 0.000000000000000000e+00
4.684067796610170281e-03 0.000000000000000000e+00 5.445607526037541902e+03 2.875315206367316136e+02 1.068533005806864094e+04 4.542936017282827379e+04 0.000000000000000000e+00 0.000000000000000000e+00
4.733898305084745933e-03 0.000000000000000000e+00 5.445607526037541902e+03 2.875315206367316136e+02 1.068533005806864094e+04 4.542936017282827379e+04 0.000000000000000000e+00 0.000000000000000000e+00
4.783728813559322453e-03 0.000000000000000000e+00 5.445607526037541902e+03 2.875315206367316136e+02 1.068533005806864094e+04 4.542936017282827379e+04 0.000000000000000000e+00 0.000000000000000000e+00
4.833559322033898972e-03 0.000000000000000000e+00 5.445607526037541902e+03 2.875315206367316136e+02 1.068533005806864094e+04 4.542936017282827379e+04 0.000000000000000000e+00 0.000000000000000000e+00
4.883389830508474624e-03 0.000000000000000000e+00 5.445607526037541902e+03 2.875315206367316136e+02 1.068533005806864094e+04 4.542936017282827379e+04 0.000000000000000000e+00 0.000000000000000000e+00
4.933220338983051144e-03 0.000000000000000000e+00 5.445607526037541902e+03 2.875315206367316136e+02 1.068533005806864094e+04 4.542936017282827379e+04 0.000000000000000000e+00 0.000000000000000000e+00
4.983050847457627663e-03 0.000000000000000000e+00 5.445607526037541902e+03 2.875315206367316136e+02 1.068533005806864094e+04 4.542936017282827379e+04 0.000000000000000000e+00 0.000000000000000000e+00
5.032881355932204183e-03 0.000000000000000000e+00 5.445607526037541902e+03 2.875315206367316136e+02 1.068533005806864094e+04 4.542936017282827379e+04 0.000000000000000000e+00 0.000000000000000000e+00
5.082711864406779835e-03 0.000000000000000000e+00 5.445607526037541902e+03 2.875315206367316136e+02 1.068533005806864094e+04 4.542936017282827379e+04 0.000000000000000000e+00 0.000000000000000000e+00
5.132542372881356355e-03 0.000000000000000000e+00 5.445607526037541902e+03 2.875315206367316136e+02 1.068533005806864094e+04 4.542936017282827379e+04 0.000000000000000000e+00 0.000000000000000000e+00
5.182372881355932874e-03 0.000000000000000000e+00 5.445607526037541902e+03 2.875315206367316136e+02 1.068533005806864094e+04 4.542936017282827379e+04 0.000000000000000000e+00 0.000000000000000000e+00
5.232203389830508526e-03 0.000000000000000000e+00 5.445607526037541902e+03 2.875315206367316136e+02 1.068533005806864094e+04 4.542936017282827379e+04 0.000000000000000000e+00 0.000000000000000000e+00
5.282033898305085046e-03 0.000000000000000000e+00 5.445607526037541902e+03 2.875315206367316136e+02 1.068533005806864094e+04 4.542936017282827379e+04 0.000000000000000000e+00 0.000000000000000000e+00
5.331864406779661565e-03 0.000000000000000000e+00 5.445607526037541902e+03 2.875315206367316136e+02 1.068533005806864094e+04 4.542936017282827379e+04 0.000000000000000000e+00 0.000000000000000000e+00
5.381694915254238085e-03 0.000000000000000000e+00 5.445607526037541902e+03 2.875315206367316136e+02 1.068533005806864094e+04 4.542936017282827379e+04 0.000000000000000000e+00 0.000000000000000000e+00
5.431525423728813737e-03 0.000000000000000000e+00 5.445607526037541902e+03 2.875315206367316136e+02 1.068533005806864094e+04 4.542936017282827379e+04 0.000000000000000000e+00 0.000000000000000000e+00
5.481355932203390256e-03 0.000000000000000000e+00 5.445607526037541902e+03 2.875315206367316136e+02 1.068533005806864094e+04 4.542936017282827379e+04 0.000000000000000000e+00 0.000000000000000000e+00
5.531186440677966776e-03 0.000000000000000000e+00 5.445607526037541902e+03 2.875315206367316136e+02 1.068533005806864094e+04 4.542936017282827379e+04 0.000000000000000000e+00 0.000000000000000000e+00
5.581016949152542428e-03 0.000000000000000000e+00 5.445607526037541902e+03 2.875315206367316136e+02 1.068533005806864094e+04 4.542936017282827379e+04 0.000000000000000000e+00 0.000000000000000000e+00
5.630847457627118947e-03 0.000000000000000000e+00 5.445607526037541902e+03 2.875315206367316136e+02 1.068533005806864094e+04 4.542936017282827379e+04 0.000000000000000000e+00 0.000000000000000000e+00
5.680677966101695467e-03 0.000000000000000000e+00 5.445607526037541902e+03 2.875315206367316136e+02 1.068533005806864094e+04 4.542936017282827379e+04 0.000000000000000000e+00 0.000000000000000000e+00
5.730508474576271986e-03 0.000000000000000000e+00 5.445607526037541902e+03 2.875315206367316136e+02 1.068533005806864094e+04 4.542936017282827379e+04 0.000000000000000000e+00 0.000000000000000000e+00
5.780338983050847639e-03 0.000000000000000000e+00 5.445607526037541902e+03 2.875315206367316136e+02 1.068533005806864094e+04 4.542936017282827379e+04 0.000000000000000000e+00 0.000000000000000000e+00
5.830169491525424158e-03 0.000000000000000000e+00 5.445607526037541902e+03 2.875315206367316136e+02 1.068533005806864094e+04 4.542936017282827379e+04 0.000000000000000000e+00 0.000000000000000000e+00
5.880000000000000678e-03 0.000000000000000000e+00 5.445607526037541902e+03 2.875315206367316136e+02 1.068533005806864094e+04 4.542936017282827379e+04 0.000000000000000000e+00 0.000000000000000000e+00
5.929830508474577197e-03 0.000000000000000000e+00 5.445607526037541902e+03 2.875315206367316136e+02 1.068533005806864094e+04 4.542936017282827379e+04 0.000000000000000000e+00 0.000000000000000000e+00
5.979661016949152849e-03 0.000000000000000000e+00 5.445607526037541902e+03 2.875315206367316136e+02 1.068533005806864094e+04 4.542936017282827379e+04 0.000000000000000000e+00 0.000000000000000000e+00
6.029491525423729369e-03 0.000000000000000000e+00 5.445607526037541902e+03 2.875315206367316136e+02 1.068533005806864094e+04 4.542936017282827379e+04 0.000000000000000000e+00 0.000000000000000000e+00
6.079322033898305888e-03 0.000000000000000000e+00 5.445607526037541902e+03 2.875315206367316136e+02 1.068533005806864094e+04 4.542936017282827379e+04 0.000000000000000000e+00 0.000000000000000000e+00
6.129152542372881540e-03 0.000000000000000000e+00 5.445607526037541902e+03 2.875315206367316136e+02 1.068533005806864094e+04 4.542936017282827379e+04 0.000000000000000000e+00 0.000000000000000000e+00
6.178983050847458060e-03 0.000000000000000000e+00 5.445607526037541902e+03 2.875315206367316136e+02 1.068533005806864094e+04 4.542936017282827379e+04 0.000000000000000000e+00 0.000000000000000000e+00
6.228813559322034579e-03 0.000000000000000000e+00 5.445607526037541902e+03 2.875315206367316136e+02 1.068533005806864094e+04 4.542936017282827379e+04 0.000000000000000000e+00 0.000000000000000000e+00
6.278644067796611099e-03 0.000000000000000000e+00 5.445607526037541902e+03 2.875315206367316136e+02 1.068533005806864094e+04 4.542936017282827379e+04 0.000000000000000000e+00 0.000000000000000000e+00
6.328474576271186751e-03 0.000000000000000000e+00 5.988665939638462078e+03 2.153694563366620969e+02 1.136930795234912512e+04 3.402790963744725741e+04 7.973045288574245205e+03 0.000000000000000000e+00
6.378305084745763270e-03 0.000000000000000000e+00 5.988665939638462078e+03 2.153694563366620969e+02 1.136930795234912512e+04 3.402790963744725741e+04 7.973045288574245205e+03 0.000000000000000000e+00
6.428135593220339790e-03 0.000000000000000000e+00 5.988665939638462078e+03 2.153694563366620969e+02 1.136930795234912512e+04 3.402790963744725741e+04 7.973045288574245205e+03 0.000000000000000000e+00
6.477966101694915442e-03 0.000000000000000000e+00 5.988665939638462078e+03 2.153694563366620969e+02 1.136930795234912512e+04 3.402790963744725741e+04 7.973045288574245205e+03 0.000000000000000000e+00
6.527796610169491962e-03 0.000000000000000000e+00 5.988665939638462078e+03 2.153694563366620969e+02 1.136930795234912512e+04 3.402790963744725741e+04 7.973045288574245205e+03 0.000000000000000000e+00
6.577627118644068481e-03 0.000000000000000000e+00 5.988665939638462078e+03 2.153694563366620969e+02 1.136930795234912512e+04 3.402790963744725741e+04 7.973045288574245205e+03 0.000000000000000000e+00
6.627457627118645000e-03 0.000000000000000000e+00 5.988665939638462078e+03 2.153694563366620969e+02 1.136930795234912512e+04 3.402790963744725741e+04 7.973045288574245205e+03 0.000000000000000000e+00
6.677288135593220653e-03 0.000000000000000000e+00 5.988665939638462078e+03 2.153694563366620969e+02 1.136930795234912512e+04 3.402790963744725741e+04 7.973045288574245205e+03 0.000000000000000000e+00
6.727118644067797172e-03 0.000000000000000000e+00 5.988665939638462078e+03 2.153694563366620969e+02 1.136930795234912512e+04 3.402790963744725741e+04 7.973045288574245205e+03 0.000000000000000000e+00
6.776949152542373692e-03 0.000000000000000000e+00 5.988665939638462078e+03 2.153694563366620969e+02 1.136930795234912512e+04 3.402790963744725741e+04 7.973045288574245205e+03 0.000000000000000000e+00
6.826779661016949344e-03 0.000000000000000000e+00 5.988665939638462078e+03 2.153694563366620969e+02 1.136930795234912512e+04 3.402790963744725741e+04 7.973045288574245205e+03 0.000000000000000000e+00
6.876610169491525863e-03 0.000000000000000000e+00 5.988665939638462078e+03 2.153694563366620969e+02 1.136930795234912512e+04 3.402790963744725741e+04 7.973045288574245205e+03 0.000000000000000000e+00
6.926440677966102383e-03 0.000000000000000000e+00 5.988665939638462078e+03 2.153694563366620969e+02 1.136930795234912512e+04 3.402790963744725741e+04 7.973045288574245205e+03 0.000000000000000000e+00
6.976271186440678902e-03 0.000000000000000000e+00 5.988665939638462078e+03 2.153694563366620969e+02 1.136930795234912512e+04 3.402790963744725741e+04 7.973045288574245205e+03 0.000000000000000000e+00
7.026101694915254554e-03 0.000000000000000000e+00 5.988665939638462078e+03 2.153694563366620969e+02 1.136930795234912512e+04 3.402790963744725741e+04 7.973045288574245205e+03 0.000000000000000000e+00
7.075932203389831074e-03 0.000000000000000000e+00 5.988665939638462078e+03 2.153694563366620969e+02 1.136930795234912512e+04 3.402790963744725741e+04 7.973045288574245205e+03 0.000000000000000000e+00
7.125762711864407593e-03 0.000000000000000000e+00 5.988665939638462078e+03 2.153694563366620969e+02 1.136930795234912512e+04 3.402790963744725741e+04 7.973045288574245205e+03 0.000000000000000000e+00
7.175593220338984113e-03 0.000000000000000000e+00 5.988665939638462078e+03 2.153694563366620969e+02 1.136930795234912512e+04 3.402790963744725741e+04 7.973045288574245205e+03 0.000000000000000000e+00
7.225423728813559765e-03 0.000000000000000000e+00 5.988665939638462078e+03 2.153694563366620969e+02 1.136930795234912512e+04 3.402790963744725741e+04 7.973045288574245205e+03 0.000000000000000000e+00
7.275254237288136284e-03 0.000000000000000000e+00 5.988665939638462078e+03 2.153694563366620969e+02 1.136930795234912512e+04 3.402790963744725741e+04 7.973045288574245205e+03 0.000000000000000000e+00
7.325084745762712804e-03 0.000000000000000000e+00 5.988665939638462078e+03 2.153694563366620969e+02 1.136930795234912512e+04 3.402790963744725741e+04 7.973045288574245205e+03 0.000000000000000000e+00
7.374915254237288456e-03 0.000000000000000000e+00 5.988665939638462078e+03 2.153694563366620969e+02 1.136930795234912512e+04 3.402790963744725741e+04 7.973045288574245205e+03 0.000000000000000000e+00
7.424745762711864976e-03 0.000000000000000000e+00 5.988665939638462078e+03 2.153694563366620969e+02 1.136930795234912512e+04 3.402790963744725741e+04 7.973045288574245205e+03 0.000000000000000000e+00
7.474576271186441495e-03 0.000000000000000000e+00 5.988665939638462078e+03 2.153694563366620969e+02 1.136930795234912512e+04 3.402790963744725741e+04 7.973045288574245205e+03 0.000000000000000000e+00
7.524406779661018015e-03 0.000000000000000000e+00 5.988665939638462078e+03 2.153694563366620969e+02 1.136930795234912512e+04 3.402790963744725741e+04 7.973045288574245205e+03 0.000000000000000000e+00
7.574237288135593667e-03 0.000000000000000000e+00 5.988665939638462078e+03 2.153694563366620969e+02 1.136930795234912512e+04 3.402790963744725741e+04 7.973045288574245205e+03 0.000000000000000000e+00
7.624067796610170186e-03 0.000000000000000000e+00 5.988665939638462078e+03 2.153694563366620969e+02 1.136930795234912512e+04 3.402790963744725741e+04 7.973045288574245205e+03 0.000000000000000000e+00
7.673898305084746706e-03 0.000000000000000000e+00 5.988665939638462078e+03 2.153694563366620969e+02 1.136930795234912512e+04 3.402790963744725741e+04 7.973045288574245205e+03 0.000000000000000000e+00
7.723728813559322358e-03 0.000000000000000000e+00 5.988665939638462078e+03 2.153694563366620969e+02 1.136930795234912512e+04 3.402790963744725741e+04 7.973045288574245205e+03 0.000000000000000000e+00
7.773559322033898877e-03 0.000000000000000000e+00 5.988665939638462078e+03 2.153694563366620969e+02 1.136930795234912512e+04 3.402790963744725741e+04 7.973045288574245205e+03 0.000000000000000000e+00
7.823389830508474529e-03 0.000000000000000000e+00 5.988665939638462078e+03 2.153694563366620969e+02 1.136930795234912512e+04 3.402790963744725741e+04 7.973045288574245205e+03 0.000000000000000000e+00
7.873220338983051916e-03 0.000000000000000000e+00 5.988665939638462078e+03 2.153694563366620969e+02 1.136930795234912512e+04 3.402790963744725741e+04 7.973045288574245205e+03 0.000000000000000000e+00
7.923050847457627568e-03 0.000000000000000000e+00 5.988665939638462078e+03 2.153694563366620969e+02 1.136930795234912512e+04 3.402790963744725741e+04 7.973045288574245205e+03 0.000000000000000000e+00
7.972881355932204955e-03 0.000000000000000000e+00 5.988665939638462078e+03 2.153694563366620969e+02 1.136930795234912512e+04 3.402790963744725741e+04 7.973045288574245205e+03 0.000000000000000000e+00
8.022711864406780607e-03 0.000000000000000000e+00 5.988665939638462078e+03 2.153694563366620969e+02 1.136930795234912512e+04 3.402790963744725741e+04 7.973045288574245205e+03 0.000000000000000000e+00
8.072542372881356260e-03 0.000000000000000000e+00 5.988665939638462078e+03 2.153694563366620969e+02 1.136930795234912512e+04 3.402790963744725741e+04 7.973045288574245205e+03 0.000000000000000000e+00
8.122372881355933646e-03 0.000000000000000000e+00 5.988665939638462078e+03 2.153694563366620969e+02 1.136930795234912512e+04 3.402790963744725741e+04 7.973045288574245205e+03 0.000000000000000000e+00
8.172203389830509299e-03 0.000000000000000000e+00 5.988665939638462078e+03 2.153694563366620969e+02 1.136930795234912512e+04 3.402790963744725741e+04 7.973045288574245205e+03 0.000000000000000000e+00
8.222033898305084951e-03 0.000000000000000000e+00 5.988665939638462078e+03 2.153694563366620969e+02 1.136930795234912512e+04 3.402790963744725741e+04 7.973045288574245205e+03 0.000000000000000000e+00
8.271864406779662338e-03 0.000000000000000000e+00 5.988665939638462078e+03 2.153694563366620969e+02 1.136930795234912512e+04 3.402790963744725741e+04 7.973045288574245205e+03 0.000000000000000000e+00
8.321694915254237990e-03 0.000000000000000000e+00 5.988665939638462078e+03 2.153694563366620969e+02 1.136930795234912512e+04 3.402790963744725741e+04 7.973045288574245205e+03 0.000000000000000000e+00
8.371525423728813642e-03 0.000000000000000000e+00 5.988665939638462078e+03 2.153694563366620969e+02 1.136930795234912512e+04 3.402790963744725741e+04 7.973045288574245205e+03 0.000000000000000000e+00
8.421355932203391029e-03 0.000000000000000000e+00 5.445607526037541902e+03 2.875315206367316136e+02 1.068533005806864094e+04 4.542936017282827379e+04 0.000000000000000000e+00 0.000000000000000000e+00
8.471186440677966681e-03 0.000000000000000000e+00 5.445607526037541902e+03 2.875315206367316136e+02 1.068533005806864094e+04 4.542936017282827379e+04 0.000000000000000000e+00 0.000000000000000000e+00
8.521016949152542333e-03 0.000000000000000000e+00 5.445607526037541902e+03 2.875315206367316136e+02 1.068533005806864094e+04 4.542936017282827379e+04 0.000000000000000000e+00 0.000000000000000000e+00
8.570847457627119720e-03 0.000000000000000000e+00 5.445607526037541902e+03 2.875315206367316136e+02 1.068533005806864094e+04 4.542936017282827379e+04 0.000000000000000000e+00 0.000000000000000000e+00
8.620677966101695372e-03 0.000000000000000000e+00 5.445607526037541902e+03 2.875315206367316136e+02 1.068533005806864094e+04 4.542936017282827379e+04 0.000000000000000000e+00 0.000000000000000000e+00
8.670508474576272759e-03 0.000000000000000000e+00 5.445607526037541902e+03 2.875315206367316136e+02 1.068533005806864094e+04 4.542936017282827379e+04 0.000000000000000000e+00 0.000000000000000000e+00
8.720338983050848411e-03 0.000000000000000000e+00 5.445607526037541902e+03 2.875315206367316136e+02 1.068533005806864094e+04 4.542936017282827379e+04 0.000000000000000000e+00 0.000000000000000000e+00
8.770169491525424063e-03 0.000000000000000000e+00 5.445607526037541902e+03 2.875315206367316136e+02 1.068533005806864094e+04 4.542936017282827379e+04 0.000000000000000000e+00 0.000000000000000000e+00
8.820000000000001450e-03 0.000000000000000000e+00 5.445607526037541902e+03 2.875315206367316136e+02 1.068533005806864094e+04 4.542936017282827379e+04 0.000000000000000000e+00 0.000000000000000000e+00
8.869830508474577102e-03 0.000000000000000000e+00 5.445607526037541902e+03 2.875315206367316136e+02 1.068533005806864094e+04 4.542936017282827379e+04 0.000000000000000000e+00 0.000000000000000000e+00
8.919661016949152754e-03 0.000000000000000000e+00 5.445607526037541902e+03 2.875315206367316136e+02 1.068533005806864094e+04 4.542936017282827379e+04 0.000000000000000000e+00 0.000000000000000000e+00
8.969491525423730141e-03 0.000000000000000000e+00 5.445607526037541902e+03 2.875315206367316136e+02 1.068533005806864094e+04 4.542936017282827379e+04 0.000000000000000000e+00 0.000000000000000000e+00
9.019322033898305793e-03 0.000000000000000000e+00 5.445607526037541902e+03 2.875315206367316136e+02 1.068533005806864094e+04 4.542936017282827379e+04 0.000000000000000000e+00 0.000000000000000000e+00
9.069152542372881445e-03 0.000000000000000000e+00 5.445607526037541902e+03 2.875315206367316136e+02 1.068533005806864094e+04 4.542936017282827379e+04 0.000000000000000000e+00 0.000000000000000000e+00
9.118983050847458832e-03 0.000000000000000000e+00 5.445607526037541902e+03 2.875315206367316136e+02 1.068533005806864094e+04 4.542936017282827379e+04 0.000000000000000000e+00 0.000000000000000000e+00
9.168813559322034484e-03 0.000000000000000000e+00 5.445607526037541902e+03 2.875315206367316136e+02 1.068533005806864094e+04 4.542936017282827379e+04 0.000000000000000000e+00 0.000000000000000000e+00
9.218644067796610136e-03 0.000000000000000000e+00 5.445607526037541902e+03 2.875315206367316136e+02 1.068533005806864094e+04 4.542936017282827379e+04 0.000000000000000000e+00 0.000000000000000000e+00
9.268474576271187523e-03 0.000000000000000000e+00 5.445607526037541902e+03 2.875315206367316136e+02 1.068533005806864094e+04 4.542936017282827379e+04 0.000000000000000000e+00 0.000000000000000000e+00
9.318305084745763175e-03 0.000000000000000000e+00 5.445607526037541902e+03 2.875315206367316136e+02 1.068533005806864094e+04 4.542936017282827379e+04 0.000000000000000000e+00 0.000000000000000000e+00
9.368135593220340562e-03 0.000000000000000000e+00 5.445607526037541902e+03 2.875315206367316136e+02 1.068533005806864094e+04 4.542936017282827379e+04 0.000000000000000000e+00 0.000000000000000000e+00
9.417966101694916214e-03 0.000000000000000000e+00 5.445607526037541902e+03 2.875315206367316136e+02 1.068533005806864094e+04 4.542936017282827379e+04 0.000000000000000000e+00 0.000000000000000000e+00
9.467796610169491867e-03 0.000000000000000000e+00 5.445607526037541902e+03 2.875315206367316136e+02 1.068533005806864094e+04 4.542936017282827379e+04 0.000000000000000000e+00 0.000000000000000000e+00
9.517627118644069253e-03 0.000000000000000000e+00 5.445607526037541902e+03 2.875315206367316136e+02 1.068533005806864094e+04 4.542936017282827379e+04 0.000000000000000000e+00 0.000000000000000000e+00
9.567457627118644906e-03 0.000000000000000000e+00 5.445607526037541902e+03 2.875315206367316136e+02 1.068533005806864094e+04 4.542936017282827379e+04 0.000000000000000000e+00 0.000000000000000000e+00
9.617288135593220558e-03 0.000000000000000000e+00 5.445607526037541902e+03 2.875315206367316136e+02 1.068533005806864094e+04 4.542936017282827379e+04 0.000000000000000000e+00 0.000000000000000000e+00
9.667118644067797945e-03 0.000000000000000000e+00 5.445607526037541902e+03 2.875315206367316136e+02 1.068533005806864094e+04 4.542936017282827379e+04 0.000000000000000000e+00 0.000000000000000000e+00
9.716949152542373597e-03 0.000000000000000000e+00 5.445607526037541902e+03 2.875315206367316136e+02 1.068533005806864094e+04 4.542936017282827379e+04 0.000000000000000000e+00 0.000000000000000000e+00
9.766779661016949249e-03 0.000000000000000000e+00 5.445607526037541902e+03 2.875315206367316136e+02 1.068533005806864094e+04 4.542936017282827379e+04 0.000000000000000000e+00 0.000000000000000000e+00
9.816610169491526636e-03 0.000000000000000000e+00 5.445607526037541902e+03 2.875315206367316136e+02 1.068533005806864094e+04 4.542936017282827379e+04 0.000000000000000000e+00 0.000000000000000000e+00
9.866440677966102288e-03 0.000000000000000000e+00 5.445607526037541902e+03 2.875315206367316136e+02 1.068533005806864094e+04 4.542936017282827379e+04 0.000000000000000000e+00 0.000000000000000000e+00
9.916271186440679675e-03 0.000000000000000000e+00 5.445607526037541902e+03 2.875315206367316136e+02 1.068533005806864094e+04 4.542936017282827379e+04 0.000000000000000000e+00 0.000000000000000000e+00
9.966101694915255327e-03 0.000000000000000000e+00 5.445607526037541902e+03 2.875315206367316136e+02 1.068533005806864094e+04 4.542936017282827379e+04 0.000000000000000000e+00 0.000000000000000000e+00
1.001593220338983098e-02 0.000000000000000000e+00 5.445607526037541902e+03 2.875315206367316136e+02 1.068533005806864094e+04 4.542936017282827379e+04 0.000000000000000000e+00 0.000000000000000000e+00
1.006576271186440837e-02 0.000000000000000000e+00 5.445607526037541902e+03 2.875315206367316136e+02 1.068533005806864094e+04 4.542936017282827379e+04 0.000000000000000000e+00 0.000000000000000000e+00
1.011559322033898402e-02 0.000000000000000000e+00 5.445607526037541902e+03 2.875315206367316136e+02 1.068533005806864094e+04 4.542936017282827379e+04 0.000000000000000000e+00 0.000000000000000000e+00
1.016542372881355967e-02 0.000000000000000000e+00 5.445607526037541902e+03 2.875315206367316136e+02 1.068533005806864094e+04 4.542936017282827379e+04 0.000000000000000000e+00 0.000000000000000000e+00
1.021525423728813706e-02 0.000000000000000000e+00 5.445607526037541902e+03 2.875315206367316136e+02 1.068533005806864094e+04 4.542936017282827379e+04 0.000000000000000000e+00 0.000000000000000000e+00
1.026508474576271271e-02 0.000000000000000000e+00 5.445607526037541902e+03 2.875315206367316136e+02 1.068533005806864094e+04 4.542936017282827379e+04 0.000000000000000000e+00 0.000000000000000000e+00
1.031491525423728836e-02 0.000000000000000000e+00 5.445607526037541902e+03 2.875315206367316136e+02 1.068533005806864094e+04 4.542936017282827379e+04 0.000000000000000000e+00 0.000000000000000000e+00
1.036474576271186575e-02 0.000000000000000000e+00 5.445607526037541902e+03 2.875315206367316136e+02 1.068533005806864094e+04 4.542936017282827379e+04 0.000000000000000000e+00 0.000000000000000000e+00
1.041457627118644140e-02 0.000000000000000000e+00 5.445607526037541902e+03 2.875315206367316136e+02 1.068533005806864094e+04 4.542936017282827379e+04 0.000000000000000000e+00 0.000000000000000000e+00
1.046440677966101705e-02 0.000000000000000000e+00 5.445607526037541902e+03 2.875315206367316136e+02 1.068533005806864094e+04 4.542936017282827379e+04 0.000000000000000000e+00 0.000000000000000000e+00
1.051423728813559444e-02 0.000000000000000000e+00 5.988665939638462078e+03 2.153694563366620969e+02 1.136930795234912512e+04 3.402790963744725741e+04 7.973045288574245205e+03 0.000000000000000000e+00
1.056406779661017009e-02 0.000000000000000000e+00 5.988665939638462078e+03 2.153694563366620969e+02 1.136930795234912512e+04 3.402790963744725741e+04 7.973045288574245205e+03 0.000000000000000000e+00
1.061389830508474748e-02 0.000000000000000000e+00 5.988665939638462078e+03 2.153694563366620969e+02 1.136930795234912512e+04 3.402790963744725741e+04 7.973045288574245205e+03 0.000000000000000000e+00
1.066372881355932313e-02 0.000000000000000000e+00 5.988665939638462078e+03 2.153694563366620969e+02 1.136930795234912512e+04 3.402790963744725741e+04 7.973045288574245205e+03 0.000000000000000000e+00
1.071355932203389878e-02 0.000000000000000000e+00 5.988665939638462078e+03 2.153694563366620969e+02 1.136930795234912512e+04 3.402790963744725741e+04 7.973045288574245205e+03 0.000000000000000000e+00
1.076338983050847617e-02 0.000000000000000000e+00 5.988665939638462078e+03 2.153694563366620969e+02 1.136930795234912512e+04 3.402790963744725741e+04 7.973045288574245205e+03 0.000000000000000000e+00
1.081322033898305182e-02 0.000000000000000000e+00 5.988665939638462078e+03 2.153694563366620969e+02 1.136930795234912512e+04 3.402790963744725741e+04 7.973045288574245205e+03 0.000000000000000000e+00
1.086305084745762747e-02 0.000000000000000000e+00 5.988665939638462078e+03 2.153694563366620969e+02 1.136930795234912512e+04 3.402790963744725741e+04 7.973045288574245205e+03 0.000000000000000000e+00
1.091288135593220486e-02 0.000000000000000000e+00 5.988665939638462078e+03 2.153694563366620969e+02 1.136930795234912512e+04 3.402790963744725741e+04 7.973045288574245205e+03 0.000000000000000000e+00
1.096271186440678051e-02 0.000000000000000000e+00 5.988665939638462078e+03 2.153694563366620969e+02 1.136930795234912512e+04 3.402790963744725741e+04 7.973045288574245205e+03 0.000000000000000000e+00
1.101254237288135616e-02 0.000000000000000000e+00 5.988665939638462078e+03 2.153694563366620969e+02 1.136930795234912512e+04 3.402790963744725741e+04 7.973045288574245205e+03 0.000000000000000000e+00
1.106237288135593355e-02 0.000000000000000000e+00 5.988665939638462078e+03 2.153694563366620969e+02 1.136930795234912512e+04 3.402790963744725741e+04 7.973045288574245205e+03 0.000000000000000000e+00
1.111220338983050920e-02 0.000000000000000000e+00 5.988665939638462078e+03 2.153694563366620969e+02 1.136930795234912512e+04 3.402790963744725741e+04 7.973045288574245205e+03 0.000000000000000000e+00
1.116203389830508486e-02 0.000000000000000000e+00 5.988665939638462078e+03 2.153694563366620969e+02 1.136930795234912512e+04 3.402790963744725741e+04 7.973045288574245205e+03 0.000000000000000000e+00
1.121186440677966224e-02 0.000000000000000000e+00 5.988665939638462078e+03 2.153694563366620969e+02 1.136930795234912512e+04 3.402790963744725741e+04 7.973045288574245205e+03 0.000000000000000000e+00
1.126169491525423789e-02 0.000000000000000000e+00 5.988665939638462078e+03 2.153694563366620969e+02 1.136930795234912512e+04 3.402790963744725741e+04 7.973045288574245205e+03 0.000000000000000000e+00
1.131152542372881528e-02 0.000000000000000000e+00 5.988665939638462078e+03 2.153694563366620969e+02 1.136930795234912512e+04 3.402790963744725741e+04 7.973045288574245205e+03 0.000000000000000000e+00
1.136135593220339093e-02 0.000000000000000000e+00 5.988665939638462078e+03 2.153694563366620969e+02 1.136930795234912512e+04 3.402790963744725741e+04 7.973045288574245205e+03 0.000000000000000000e+00
1.141118644067796659e-02 0.000000000000000000e+00 5.988665939638462078e+03 2.153694563366620969e+02 1.136930795234912512e+04 3.402790963744725741e+04 7.973045288574245205e+03 0.000000000000000000e+00
1.146101694915254397e-02 0.000000000000000000e+00 5.988665939638462078e+03 2.153694563366620969e+02 1.136930795234912512e+04 3.402790963744725741e+04 7.973045288574245205e+03 0.000000000000000000e+00
1.151084745762711962e-02 0.000000000000000000e+00 5.988665939638462078e+03 2.153694563366620969e+02 1.136930795234912512e+04 3.402790963744725741e+04 7.973045288574245205e+03 0.000000000000000000e+00
1.156067796610169528e-02 0.000000000000000000e+00 5.988665939638462078e+03 2.153694563366620969e+02 1.136930795234912512e+04 3.402790963744725741e+04 7.973045288574245205e+03 0.000000000000000000e+00
1.161050847457627266e-02 0.000000000000000000e+00 5.988665939638462078e+03 2.153694563366620969e+02 1.136930795234912512e+04 3.402790963744725741e+04 7.973045288574245205e+03 0.000000000000000000e+00
1.166033898305084832e-02 0.000000000000000000e+00 5.988665939638462078e+03 2.153694563366620969e+02 1.136930795234912512e+04 3.402790963744725741e+04 7.973045288574245205e+03 0.000000000000000000e+00
1.171016949152542397e-02 0.000000000000000000e+00 5.988665939638462078e+03 2.153694563366620969e+02 1.136930795234912512e+04 3.402790963744725741e+04 7.973045288574245205e+03 0.000000000000000000e+00
1.176000000000000136e-02 0.000000000000000000e+00 5.988665939638462078e+03 2.153694563366620969e+02 1.136930795234912512e+04 3.402790963744725741e+04 7.973045288574245205e+03 0.000000000000000000e+00
1.180983050847457701e-02 0.000000000000000000e+00 5.988665939638462078e+03 2.153694563366620969e+02 1.136930795234912512e+04 3.402790963744725741e+04 7.973045288574245205e+03 0.000000000000000000e+00
1.185966101694915439e-02 0.000000000000000000e+00 5.988665939638462078e+03 2.153694563366620969e+02 1.136930795234912512e+04 3.402790963744725741e+04 7.973045288574245205e+03 0.000000000000000000e+00
1.190949152542373005e-02 0.000000000000000000e+00 5.988665939638462078e+03 2.153694563366620969e+02 1.136930795234912512e+04 3.402790963744725741e+04 7.973045288574245205e+03 0.000000000000000000e+00
1.195932203389830570e-02 0.000000000000000000e+00 5.988665939638462078e+03 2.153694563366620969e+02 1.136930795234912512e+04 3.402790963744725741e+04 7.973045288574245205e+03 0.000000000000000000e+00
1.200915254237288309e-02 0.000000000000000000e+00 5.988665939638462078e+03 2.153694563366620969e+02 1.136930795234912512e+04 3.402790963744725741e+04 7.973045288574245205e+03 0.000000000000000000e+00
1.205898305084745874e-02 0.000000000000000000e+00 5.988665939638462078e+03 2.153694563366620969e+02 1.136930795234912512e+04 3.402790963744725741e+04 7.973045288574245205e+03 0.000000000000000000e+00
1.210881355932203439e-02 0.000000000000000000e+00 5.988665939638462078e+03 2.153694563366620969e+02 1.136930795234912512e+04 3.402790963744725741e+04 7.973045288574245205e+03 0.000000000000000000e+00
1.215864406779661178e-02 0.000000000000000000e+00 5.988665939638462078e+03 2.153694563366620969e+02 1.136930795234912512e+04 3.402790963744725741e+04 7.973045288574245205e+03 0.000000000000000000e+00
1.220847457627118743e-02 0.000000000000000000e+00 5.988665939638462078e+03 2.153694563366620969e+02 1.136930795234912512e+04 3.402790963744725741e+04 7.973045288574245205e+03 0.000000000000000000e+00
1.225830508474576308e-02 0.000000000000000000e+00 5.988665939638462078e+03 2.153694563366620969e+02 1.136930795234912512e+04 3.402790963744725741e+04 7.973045288574245205e+03 0.000000000000000000e+00
1.230813559322034047e-02 0.000000000000000000e+00 5.988665939638462078e+03 2.153694563366620969e+02 1.136930795234912512e+04 3.402790963744725741e+04 7.973045288574245205e+03 0.000000000000000000e+00
1.235796610169491612e-02 0.000000000000000000e+00 5.988665939638462078e+03 2.153694563366620969e+02 1.136930795234912512e+04 3.402790963744725741e+04 7.973045288574245205e+03 0.000000000000000000e+00
1.240779661016949177e-02 0.000000000000000000e+00 5.988665939638462078e+03 2.153694563366620969e+02 1.136930795234912512e+04 3.402790963744725741e+04 7.973045288574245205e+03 0.000000000000000000e+00
1.245762711864406916e-02 0.000000000000000000e+00 5.988665939638462078e+03 2.153694563366620969e+02 1.136930795234912512e+04 3.402790963744725741e+04 7.973045288574245205e+03 0.000000000000000000e+00
1.250745762711864481e-02 0.000000000000000000e+00 5.988665939638462078e+03 2.153694563366620969e+02 1.136930795234912512e+04 3.402790963744725741e+04 7.973045288574245205e+03 0.000000000000000000e+00
1.255728813559322220e-02 0.000000000000000000e+00 5.988665939638462078e+03 2.153694563366620969e+02 1.136930795234912512e+04 3.402790963744725741e+04 7.973045288574245205e+03 0.000000000000000000e+00
1.260711864406779785e-02 0.000000000000000000e+00 5.445607526037541902e+03 2.875315206367316136e+02 1.068533005806864094e+04 4.542936017282827379e+04 0.000000000000000000e+00 0.000000000000000000e+00
1.265694915254237350e-02 0.000000000000000000e+00 5.445607526037541902e+03 2.875315206367316136e+02 1.068533005806864094e+04 4.542936017282827379e+04 0.000000000000000000e+00 0.000000000000000000e+00
1.270677966101695089e-02 0.000000000000000000e+00 5.445607526037541902e+03 2.875315206367316136e+02 1.068533005806864094e+04 4.542936017282827379e+04 0.000000000000000000e+00 0.000000000000000000e+00
1.275661016949152654e-02 0.000000000000000000e+00 5.445607526037541902e+03 2.875315206367316136e+02 1.068533005806864094e+04 4.542936017282827379e+04 0.000000000000000000e+00 0.000000000000000000e+00
1.280644067796610219e-02 0.000000000000000000e+00 5.445607526037541902e+03 2.875315206367316136e+02 1.068533005806864094e+04 4.542936017282827379e+04 0.000000000000000000e+00 0.000000000000000000e+00
1.285627118644067958e-02 0.000000000000000000e+00 5.445607526037541902e+03 2.875315206367316136e+02 1.068533005806864094e+04 4.542936017282827379e+04 0.000000000000000000e+00 0.000000000000000000e+00
1.290610169491525523e-02 0.000000000000000000e+00 5.445607526037541902e+03 2.875315206367316136e+02 1.068533005806864094e+04 4.542936017282827379e+04 0.000000000000000000e+00 0.000000000000000000e+00
1.295593220338983088e-02 0.000000000000000000e+00 5.445607526037541902e+03 2.875315206367316136e+02 1.068533005806864094e+04 4.542936017282827379e+04 0.000000000000000000e+00 0.000000000000000000e+00
1.300576271186440827e-02 0.000000000000000000e+00 5.445607526037541902e+03 2.875315206367316136e+02 1.068533005806864094e+04 4.542936017282827379e+04 0.000000000000000000e+00 0.000000000000000000e+00
1.305559322033898392e-02 0.000000000000000000e+00 5.445607526037541902e+03 2.875315206367316136e+02 1.068533005806864094e+04 4.542936017282827379e+04 0.000000000000000000e+00 0.000000000000000000e+00
1.310542372881356131e-02 0.000000000000000000e+00 5.445607526037541902e+03 2.875315206367316136e+02 1.068533005806864094e+04 4.542936017282827379e+04 0.000000000000000000e+00 0.000000000000000000e+00
1.315525423728813696e-02 0.000000000000000000e+00 5.445607526037541902e+03 2.875315206367316136e+02 1.068533005806864094e+04 4.542936017282827379e+04 0.000000000000000000e+00 0.000000000000000000e+00
1.320508474576271261e-02 0.000000000000000000e+00 5.445607526037541902e+03 2.875315206367316136e+02 1.068533005806864094e+04 4.542936017282827379e+04 0.000000000000000000e+00 0.000000000000000000e+00
1.325491525423729000e-02 0.000000000000000000e+00 5.445607526037541902e+03 2.875315206367316136e+02 1.068533005806864094e+04 4.542936017282827379e+04 0.000000000000000000e+00 0.000000000000000000e+00
1.330474576271186565e-02 0.000000000000000000e+00 5.445607526037541902e+03 2.875315206367316136e+02 1.068533005806864094e+04 4.542936017282827379e+04 0.000000000000000000e+00 0.000000000000000000e+00
1.335457627118644131e-02 0.000000000000000000e+00 5.445607526037541902e+03 2.875315206367316136e+02 1.068533005806864094e+04 4.542936017282827379e+04 0.000000000000000000e+00 0.000000000000000000e+00
1.340440677966101869e-02 0.000000000000000000e+00 5.445607526037541902e+03 2.875315206367316136e+02 1.068533005806864094e+04 4.542936017282827379e+04 0.000000000000000000e+00 0.000000000000000000e+00
1.345423728813559434e-02 0.000000000000000000e+00 5.445607526037541902e+03 2.875315206367316136e+02 1.068533005806864094e+04 4.542936017282827379e+04 0.000000000000000000e+00 0.000000000000000000e+00
1.350406779661017000e-02 0.000000000000000000e+00 5.445607526037541902e+03 2.875315206367316136e+02 1.068533005806864094e+04 4.542936017282827379e+04 0.000000000000000000e+00 0.000000000000000000e+00
1.355389830508474738e-02 0.000000000000000000e+00 5.445607526037541902e+03 2.875315206367316136e+02 1.068533005806864094e+04 4.542936017282827379e+04 0.000000000000000000e+00 0.000000000000000000e+00
1.360372881355932304e-02 0.000000000000000000e+00 5.445607526037541902e+03 2.875315206367316136e+02 1.068533005806864094e+04 4.542936017282827379e+04 0.000000000000000000e+00 0.000000000000000000e+00
1.365355932203389869e-02 0.000000000000000000e+00 5.445607526037541902e+03 2.875315206367316136e+02 1.068533005806864094e+04 4.542936017282827379e+04 0.000000000000000000e+00 0.000000000000000000e+00
1.370338983050847607e-02 0.000000000000000000e+00 5.445607526037541902e+03 2.875315206367316136e+02 1.068533005806864094e+04 4.542936017282827379e+04 0.000000000000000000e+00 0.000000000000000000e+00
1.375322033898305173e-02 0.000000000000000000e+00 5.445607526037541902e+03 2.875315206367316136e+02 1.068533005806864094e+04 4.542936017282827379e+04 0.000000000000000000e+00 0.000000000000000000e+00
1.380305084745762911e-02 0.000000000000000000e+00 5.445607526037541902e+03 2.875315206367316136e+02 1.068533005806864094e+04 4.542936017282827379e+04 0.000000000000000000e+00 0.000000000000000000e+00
1.385288135593220477e-02 0.000000000000000000e+00 5.445607526037541902e+03 2.875315206367316136e+02 1.068533005806864094e+04 4.542936017282827379e+04 0.000000000000000000e+00 0.000000000000000000e+00
1.390271186440678042e-02 0.000000000000000000e+00 5.445607526037541902e+03 2.875315206367316136e+02 1.068533005806864094e+04 4.542936017282827379e+04 0.000000000000000000e+00 0.000000000000000000e+00
1.395254237288135780e-02 0.000000000000000000e+00 5.445607526037541902e+03 2.875315206367316136e+02 1.068533005806864094e+04 4.542936017282827379e+04 0.000000000000000000e+00 0.000000000000000000e+00
1.400237288135593346e-02 0.000000000000000000e+00 5.445607526037541902e+03 2.875315206367316136e+02 1.068533005806864094e+04 4.542936017282827379e+04 0.000000000000000000e+00 0.000000000000000000e+00
1.405220338983050911e-02 0.000000000000000000e+00 5.445607526037541902e+03 2.875315206367316136e+02 1.068533005806864094e+04 4.542936017282827379e+04 0.000000000000000000e+00 0.000000000000000000e+00
1.410203389830508650e-02 0.000000000000000000e+00 5.445607526037541902e+03 2.875315206367316136e+02 1.068533005806864094e+04 4.542936017282827379e+04 0.000000000000000000e+00 0.000000000000000000e+00
1.415186440677966215e-02 0.000000000000000000e+00 5.445607526037541902e+03 2.875315206367316136e+02 1.068533005806864094e+04 4.542936017282827379e+04 0.000000000000000000e+00 0.000000000000000000e+00
1.420169491525423780e-02 0.000000000000000000e+00 5.445607526037541902e+03 2.875315206367316136e+02 1.068533005806864094e+04 4.542936017282827379e+04 0.000000000000000000e+00 0.000000000000000000e+00
1.425152542372881519e-02 0.000000000000000000e+00 5.445607526037541902e+03 2.875315206367316136e+02 1.068533005806864094e+04 4.542936017282827379e+04 0.000000000000000000e+00 0.000000000000000000e+00
1.430135593220339084e-02 0.000000000000000000e+00 5.445607526037541902e+03 2.875315206367316136e+02 1.068533005806864094e+04 4.542936017282827379e+04 0.000000000000000000e+00 0.000000000000000000e+00
1.435118644067796823e-02 0.000000000000000000e+00 5.445607526037541902e+03 2.875315206367316136e+02 1.068533005806864094e+04 4.542936017282827379e+04 0.000000000000000000e+00 0.000000000000000000e+00
1.440101694915254388e-02 0.000000000000000000e+00 5.445607526037541902e+03 2.875315206367316136e+02 1.068533005806864094e+04 4.542936017282827379e+04 0.000000000000000000e+00 0.000000000000000000e+00
1.445084745762711953e-02 0.000000000000000000e+00 5.445607526037541902e+03 2.875315206367316136e+02 1.068533005806864094e+04 4.542936017282827379e+04 0.000000000000000000e+00 0.000000000000000000e+00
1.450067796610169692e-02 0.000000000000000000e+00 5.445607526037541902e+03 2.875315206367316136e+02 1.068533005806864094e+04 4.542936017282827379e+04 0.000000000000000000e+00 0.000000000000000000e+00
1.455050847457627257e-02 0.000000000000000000e+00 5.445607526037541902e+03 2.875315206367316136e+02 1.068533005806864094e+04 4.542936017282827379e+04 0.000000000000000000e+00 0.000000000000000000e+00
1.460033898305084822e-02 0.000000000000000000e+00 5.445607526037541902e+03 2.875315206367316136e+02 1.068533005806864094e+04 4.542936017282827379e+04 0.000000000000000000e+00 0.000000000000000000e+00
1.465016949152542561e-02 0.000000000000000000e+00 0.000000000000000000e+00 0.000000000000000000e+00 0.000000000000000000e+00 0.000000000000000000e+00 0.000000000000000000e+00 0.000000000000000000e+00
