0.000000000000000000e+00 1.000000000000000000e+00 6.000000000000000000e+00 7.000000000000000000e+00 8.000000000000000000e+00 1.400000000000000000e+01 2.600000000000000000e+01 2.900000000000000000e+01
0.000000000000000000e+00 0.000000000000000000e+00 8.498389483341977666e+02 4.719136616546364484e-12 4.706801091991760018e+02 1.660439465063245370e+04 0.000000000000000000e+00 0.000000000000000000e+00
4.983050847457627555e-05 0.000000000000000000e+00 8.498389483341977666e+02 4.719136616546353983e-12 4.706801091991760586e+02 1.660439465063245370e+04 0.000000000000000000e+00 0.000000000000000000e+00
9.966101694915255110e-05 0.000000000000000000e+00 8.498389483341977666e+02 4.719136616546355599e-12 4.706801091991760018e+02 1.660439465063245370e+04 0.000000000000000000e+00 0.000000000000000000e+00
1.494915254237288266e-04 0.000000000000000000e+00 8.498389483341977666e+02 4.719136616546353175e-12 4.706801091991760018e+02 1.660439465063245370e+04 0.000000000000000000e+00 0.000000000000000000e+00
1.993220338983051022e-04 0.000000000000000000e+00 8.498389483341977666e+02 4.719136616546355599e-12 4.706801091991760018e+02 1.660439465063245370e+04 0.000000000000000000e+00 0.000000000000000000e+00
2.491525423728814049e-04 0.000000000000000000e+00 8.498389483341977666e+02 4.719136616546355599e-12 4.706801091991760018e+02 1.660439465063245370e+04 0.000000000000000000e+00 0.000000000000000000e+00
2.989830508474576533e-04 0.000000000000000000e+00 8.498389483341977666e+02 4.719136616546358830e-12 4.706801091991760018e+02 1.660439465063245370e+04 0.000000000000000000e+00 0.000000000000000000e+00
3.488135593220339017e-04 0.000000000000000000e+00 8.498389483341977666e+02 4.719136616546356406e-12 4.706801091991760018e+02 1.660439465063245370e+04 0.000000000000000000e+00 0.000000000000000000e+00
3.986440677966102044e-04 0.000000000000000000e+00 8.498389483341977666e+02 4.719136616546356406e-12 4.706801091991760018e+02 1.660439465063245370e+04 0.000000000000000000e+00 0.000000000000000000e+00
4.484745762711865071e-04 0.000000000000000000e+00 8.498389483341977666e+02 4.719136616546356406e-12 4.706801091991760018e+02 1.660439465063245370e+04 0.000000000000000000e+00 0.000000000000000000e+00
4.983050847457628097e-04 0.000000000000000000e+00 8.498389483341977666e+02 4.719136616546356406e-12 4.706801091991760018e+02 1.660439465063245370e+04 0.000000000000000000e+00 0.000000000000000000e+00
5.481355932203390039e-04 0.000000000000000000e+00 8.498389483341977666e+02 4.719136616546355599e-12 4.706801091991760018e+02 1.660439465063245370e+04 0.000000000000000000e+00 0.000000000000000000e+00
5.979661016949153066e-04 0.000000000000000000e+00 8.498389483341977666e+02 4.719136616546358022e-12 4.706801091991760018e+02 1.660439465063245370e+04 0.000000000000000000e+00 0.000000000000000000e+00
6.477966101694916093e-04 0.000000000000000000e+00 8.498389483341977666e+02 4.719136616546357214e-12 4.706801091991760018e+02 1.660439465063245370e+04 0.000000000000000000e+00 0.000000000000000000e+00
6.976271186440678035e-04 0.000000000000000000e+00 8.498389483341977666e+02 4.719136616546357214e-12 4.706801091991760018e+02 1.660439465063245370e+04 0.000000000000000000e+00 0.000000000000000000e+00
7.474576271186441061e-04 0.000000000000000000e+00 8.498389483341977666e+02 4.719136616546360445e-12 4.706801091991760018e+02 1.660439465063245370e+04 0.000000000000000000e+00 0.000000000000000000e+00
7.972881355932204088e-04 0.000000000000000000e+00 8.498389483341977666e+02 4.719136616546362869e-12 4.706801091991760018e+02 1.660439465063245370e+04 0.000000000000000000e+00 0.000000000000000000e+00
8.471186440677967115e-04 0.000000000000000000e+00 8.498389483341977666e+02 4.719136616546357214e-12 4.706801091991760018e+02 1.660439465063245370e+04 0.000000000000000000e+00 0.000000000000000000e+00
8.969491525423730141e-04 0.000000000000000000e+00 8.498389483341977666e+02 4.719136616546358830e-12 4.706801091991760018e+02 1.660439465063245370e+04 0.000000000000000000e+00 0.000000000000000000e+00
9.467796610169492083e-04 0.000000000000000000e+00 8.498389483341977666e+02 4.719136616546361253e-12 4.706801091991760018e+02 1.660439465063245007e+04 0.000000000000000000e+00 0.000000000000000000e+00
9.966101694915256194e-04 0.000000000000000000e+00 8.498389483341977666e+02 4.719136616546361253e-12 4.706801091991760018e+02 1.660439465063245370e+04 0.000000000000000000e+00 0.000000000000000000e+00
1.046440677966101705e-03 0.000000000000000000e+00 8.498389483341977666e+02 4.719136616546362061e-12 4.706801091991760018e+02 1.660439465063245370e+04 0.000000000000000000e+00 0.000000000000000000e+00
1.096271186440678008e-03 0.000000000000000000e+00 8.498389483341977666e+02 4.719136616546363677e-12 4.706801091991760018e+02 1.660439465063245370e+04 0.000000000000000000e+00 0.000000000000000000e+00
1.146101694915254311e-03 0.000000000000000000e+00 8.498389483341977666e+02 4.719136616546363677e-12 4.706801091991760018e+02 1.660439465063245370e+04 0.000000000000000000e+00 0.000000000000000000e+00
1.195932203389830613e-03 0.000000000000000000e+00 8.498389483341977666e+02 4.719136616546364484e-12 4.706801091991760018e+02 1.660439465063245370e+04 0.000000000000000000e+00 0.000000000000000000e+00
1.245762711864406916e-03 0.000000000000000000e+00 8.498389483341977666e+02 4.719136616546364484e-12 4.706801091991760018e+02 1.660439465063245370e+04 0.000000000000000000e+00 0.000000000000000000e+00
1.295593220338983219e-03 0.000000000000000000e+00 8.498389483341977666e+02 4.719136616546364484e-12 4.706801091991760018e+02 1.660439465063245370e+04 0.000000000000000000e+00 0.000000000000000000e+00
1.345423728813559521e-03 0.000000000000000000e+00 8.498389483341977666e+02 4.719136616546364484e-12 4.706801091991760018e+02 1.660439465063245370e+04 0.000000000000000000e+00 0.000000000000000000e+00
1.395254237288135607e-03 0.000000000000000000e+00 8.498389483341977666e+02 4.719136616546364484e-12 4.706801091991760018e+02 1.660439465063245370e+04 0.000000000000000000e+00 0.000000000000000000e+00
1.445084745762711910e-03 0.000000000000000000e+00 8.498389483341977666e+02 4.719136616546364484e-12 4.706801091991760018e+02 1.660439465063245370e+04 0.000000000000000000e+00 0.000000000000000000e+00
1.494915254237288212e-03 0.000000000000000000e+00 8.498389483341977666e+02 4.719136616546364484e-12 4.706801091991760018e+02 1.660439465063245370e+04 0.000000000000000000e+00 0.000000000000000000e+00
1.544745762711864515e-03 0.000000000000000000e+00 8.498389483341977666e+02 4.719136616546364484e-12 4.706801091991760018e+02 1.660439465063245370e+04 0.000000000000000000e+00 0.000000000000000000e+00
1.594576271186440818e-03 0.000000000000000000e+00 8.498389483341977666e+02 4.719136616546364484e-12 4.706801091991760018e+02 1.660439465063245370e+04 0.000000000000000000e+00 0.000000000000000000e+00
1.644406779661017120e-03 0.000000000000000000e+00 8.498389483341977666e+02 4.719136616546364484e-12 4.706801091991760018e+02 1.660439465063245370e+04 0.000000000000000000e+00 0.000000000000000000e+00
1.694237288135593423e-03 0.000000000000000000e+00 8.498389483341977666e+02 4.719136616546364484e-12 4.706801091991760018e+02 1.660439465063245370e+04 0.000000000000000000e+00 0.000000000000000000e+00
1.744067796610169726e-03 0.000000000000000000e+00 8.498389483341977666e+02 4.719136616546364484e-12 4.706801091991760018e+02 1.660439465063245370e+04 0.000000000000000000e+00 0.000000000000000000e+00
1.793898305084746028e-03 0.000000000000000000e+00 8.498389483341977666e+02 4.719136616546364484e-12 4.706801091991760018e+02 1.660439465063245370e+04 0.000000000000000000e+00 0.000000000000000000e+00
1.843728813559322114e-03 0.000000000000000000e+00 8.498389483341977666e+02 4.719136616546364484e-12 4.706801091991760018e+02 1.660439465063245370e+04 0.000000000000000000e+00 0.000000000000000000e+00
1.893559322033898417e-03 0.000000000000000000e+00 8.498389483341977666e+02 4.719136616546364484e-12 4.706801091991760018e+02 1.660439465063245370e+04 0.000000000000000000e+00 0.000000000000000000e+00
1.943389830508474719e-03 0.000000000000000000e+00 8.498389483341977666e+02 4.719136616546364484e-12 4.706801091991760018e+02 1.660439465063245370e+04 0.000000000000000000e+00 0.000000000000000000e+00
1.993220338983051239e-03 0.000000000000000000e+00 8.498389483341977666e+02 4.719136616546364484e-12 4.706801091991760018e+02 1.660439465063245370e+04 0.000000000000000000e+00 0.000000000000000000e+00
2.043050847457627325e-03 0.000000000000000000e+00 8.498389483341977666e+02 4.719136616546364484e-12 4.706801091991760018e+02 1.660439465063245370e+04 0.000000000000000000e+00 0.000000000000000000e+00
2.092881355932203410e-03 0.000000000000000000e+00 8.498389483341977666e+02 4.719136616546364484e-12 4.706801091991760018e+02 1.660439465063245370e+04 0.000000000000000000e+00 0.000000000000000000e+00
2.142711864406779930e-03 0.000000000000000000e+00 9.506767572887840743e+02 1.995658541312856686e-12 5.289000136073073008e+02 1.202118049194587547e+04 5.316868105063895200e+02 0.000000000000000000e+00
2.192542372881356016e-03 0.000000000000000000e+00 8.540135893466230073e+02 1.040956464955283313e-12 4.855983746557828908e+02 1.146092533993338657e+04 4.884258407352159566e+02 0.000000000000000000e+00
2.242372881355932535e-03 0.000000000000000000e+00 7.962134887517136121e+02 5.751318212942160503e-13 4.684420237246222314e+02 1.096902142315421952e+04 4.671630400050061667e+02 0.000000000000000000e+00
2.292203389830508621e-03 0.000000000000000000e+00 7.612523860586562705e+02 3.270856471632063398e-13 4.619416711942366760e+02 1.056169886400480209e+04 4.567986149965789764e+02 0.000000000000000000e+00
2.342033898305085141e-03 0.000000000000000000e+00 7.392944386446681619e+02 1.894092157266807621e-13 4.593716629406586094e+02 1.020129591738134695e+04 4.515280053941799565e+02 0.000000000000000000e+00
2.391864406779661226e-03 0.000000000000000000e+00 7.251428598577788307e+02 1.110709404750649822e-13 4.583133210572415237e+02 9.874391621849235889e+03 4.487562390236225269e+02 0.000000000000000000e+00
2.441694915254237312e-03 0.000000000000000000e+00 7.158702007553308704e+02 6.574937247999660164e-14 4.578669670558471125e+02 9.576805561377579579e+03 4.472670643667694890e+02 0.000000000000000000e+00
2.491525423728813832e-03 0.000000000000000000e+00 7.097274986860941226e+02 3.921093067845020446e-14 4.576768065140595354e+02 9.308329798986071182e+03 4.464567470101109734e+02 0.000000000000000000e+00
2.541355932203389918e-03 0.000000000000000000e+00 7.056237268027720120e+02 2.352839473390669681e-14 4.575945759970531412e+02 9.061809674025309505e+03 4.460104179444412580e+02 0.000000000000000000e+00
2.591186440677966437e-03 0.000000000000000000e+00 7.028610476163973999e+02 1.419363311783459071e-14 4.575584771879330788e+02 8.834276896847859462e+03 4.457616245632483469e+02 0.000000000000000000e+00
2.641016949152542523e-03 0.000000000000000000e+00 7.009914615676927951e+02 8.605190196000991592e-15 4.575424882693784525e+02 8.624700782536428960e+03 4.456217767347786776e+02 0.000000000000000000e+00
2.690847457627119042e-03 0.000000000000000000e+00 6.997210425720602416e+02 5.242749516220087314e-15 4.575353753124975924e+02 8.432188631445504143e+03 4.455426763684232014e+02 0.000000000000000000e+00
2.740677966101695128e-03 0.000000000000000000e+00 6.988559961480652873e+02 3.212769906808008411e-15 4.575321815607765643e+02 8.254421797937651718e+03 4.454976818304406265e+02 0.000000000000000000e+00
2.790508474576271214e-03 0.000000000000000000e+00 6.982647813787506266e+02 1.982475638254794556e-15 4.575307343140798366e+02 8.089789240701366907e+03 4.454718883085093921e+02 0.000000000000000000e+00
2.840338983050847733e-03 0.000000000000000000e+00 6.978605967487790167e+02 1.235546981590105430e-15 4.575300772939498302e+02 7.938165142304536857e+03 4.454570563364879945e+02 0.000000000000000000e+00
2.890169491525423819e-03 0.000000000000000000e+00 6.975837960011446057e+02 7.814540779750765538e-16 4.575297770962121149e+02 7.798937478879343871e+03 4.454484835784125494e+02 0.000000000000000000e+00
2.940000000000000339e-03 0.000000000000000000e+00 6.973946152420331828e+02 5.054556095132181287e-16 4.575296392088993116e+02 7.670708843513431020e+03 4.454435176475768117e+02 0.000000000000000000e+00
2.989830508474576425e-03 0.000000000000000000e+00 6.972652257320135050e+02 3.379607060943785932e-16 4.575295755362112118e+02 7.552941925743949469e+03 4.454406268668358280e+02 0.000000000000000000e+00
3.039661016949152944e-03 0.000000000000000000e+00 6.971770514073451750e+02 2.373668766143918323e-16 4.575295461763274147e+02 7.446126072056400517e+03 4.454389455784589131e+02 0.000000000000000000e+00
3.089491525423729030e-03 0.000000000000000000e+00 6.971171686047313187e+02 1.779623579545167366e-16 4.575295325587217121e+02 7.349360931604365760e+03 4.454379660950068569e+02 0.000000000000000000e+00
3.139322033898305549e-03 0.000000000000000000e+00 6.970766130166169887e+02 1.445245723030582566e-16 4.575295262163464258e+02 7.262583816947973901e+03 4.454373946526134773e+02 0.000000000000000000e+00
3.189152542372881635e-03 0.000000000000000000e+00 6.970492860498549135e+02 1.282975047839717376e-16 4.575295232681197035e+02 7.186694603815824848e+03 4.454370619906991351e+02 0.000000000000000000e+00
3.238983050847457721e-03 0.000000000000000000e+00 6.970309499112032654e+02 1.211684497743106300e-16 4.575295218981296443e+02 7.121187464657989949e+03 4.454368685898299418e+02 0.000000000000000000e+00
3.288813559322034241e-03 0.000000000000000000e+00 6.970186759154127003e+02 1.180942684382931579e-16 4.575295212556299589e+02 7.064290719446621551e+03 4.454367558187282157e+02 0.000000000000000000e+00
3.338644067796610326e-03 0.000000000000000000e+00 6.970105218922590211e+02 1.167775189919424065e-16 4.575295209565425694e+02 7.015667904319124318e+03 4.454366904788926718e+02 0.000000000000000000e+00
3.388474576271186846e-03 0.000000000000000000e+00 6.970051268058170990e+02 1.162195920605995627e-16 4.575295208173101855e+02 6.974237739638788298e+03 4.454366526389905516e+02 0.000000000000000000e+00
3.438305084745762932e-03 0.000000000000000000e+00 6.970015953372812874e+02 1.159870438874278548e-16 4.575295207527564685e+02 6.939047566750973601e+03 4.454366308999225339e+02 0.000000000000000000e+00
3.488135593220339451e-03 0.000000000000000000e+00 6.969993046630377194e+02 1.158911297587370876e-16 4.575295207226835146e+02 6.909438777567647776e+03 4.454366184504305579e+02 0.000000000000000000e+00
3.537966101694915537e-03 0.000000000000000000e+00 6.969978403296887564e+02 1.158518808491335079e-16 4.575295207089060341e+02 6.884841528151023340e+03 4.454366114185380638e+02 0.000000000000000000e+00
3.587796610169492056e-03 0.000000000000000000e+00 6.969969158095138937e+02 1.158360155426774858e-16 4.575295207025949935e+02 6.864567862631470234e+03 4.454366074749521545e+02 0.000000000000000000e+00
3.637627118644068142e-03 0.000000000000000000e+00 6.969963465634716613e+02 1.158296045178140944e-16 4.575295206997530499e+02 6.848118823181068365e+03 4.454366053113620865e+02 0.000000000000000000e+00
3.687457627118644228e-03 0.000000000000000000e+00 6.969960019041371879e+02 1.158270472804032514e-16 4.575295206984777678e+02 6.834919115022109509e+03 4.454366041374058227e+02 0.000000000000000000e+00
3.737288135593220748e-03 0.000000000000000000e+00 6.969958022048706425e+02 1.158260426357577586e-16 4.575295206979328100e+02 6.824572578819284900e+03 4.454366035282583312e+02 0.000000000000000000e+00
3.787118644067796833e-03 0.000000000000000000e+00 6.969956905989093912e+02 1.158256558794332739e-16 4.575295206977031626e+02 6.816772418361410018e+03 4.454366032210472213e+02 0.000000000000000000e+00
3.836949152542373353e-03 0.000000000000000000e+00 6.969956312269729324e+02 1.158255099545862594e-16 4.575295206976097688e+02 6.811046933981307120e+03 4.454366030727779844e+02 0.000000000000000000e+00
3.886779661016949439e-03 0.000000000000000000e+00 6.969956021740910046e+02 1.158254570750438895e-16 4.575295206975746396e+02 6.807115181211399431e+03 4.454366030067850488e+02 0.000000000000000000e+00
3.936610169491525958e-03 0.000000000000000000e+00 6.969955904178549417e+02 1.158254389620636431e-16 4.575295206975637825e+02 6.804617289100057860e+03 4.454366029825065425e+02 0.000000000000000000e+00
3.986440677966102478e-03 0.000000000000000000e+00 6.969955862659420518e+02 1.158254332724283998e-16 4.575295206975606561e+02 6.803237781655854633e+03 4.454366029745593778e+02 0.000000000000000000e+00
4.036271186440678130e-03 0.000000000000000000e+00 6.969955853648906441e+02 1.158254318850763272e-16 4.575295206975600877e+02 6.802683369874232085e+03 4.454366029729440015e+02 0.000000000000000000e+00
4.086101694915254649e-03 0.000000000000000000e+00 6.969955853648906441e+02 1.158254317451165761e-16 4.575295206975600877e+02 6.802606013394290130e+03 4.454366029729440015e+02 0.000000000000000000e+00
4.135932203389831169e-03 0.000000000000000000e+00 6.969955853648906441e+02 1.158254317451165761e-16 4.575295206975600877e+02 6.802606013394290130e+03 4.454366029729440015e+02 0.000000000000000000e+00
4.185762711864406821e-03 0.000000000000000000e+00 6.969955853648906441e+02 1.158254317451165761e-16 4.575295206975600877e+02 6.802606013394290130e+03 4.454366029729440015e+02 0.000000000000000000e+00
4.235593220338983340e-03 0.000000000000000000e+00 6.058103381442430191e+02 5.061809324730045911e-16 4.006843339345334130e+02 9.344525138782239083e+03 0.000000000000000000e+00 0.000000000000000000e+00
4.285423728813559860e-03 0.000000000000000000e+00 6.731382009477162001e+02 2.929060316816541653e-14 4.355260781461141733e+02 9.865969667164838029e+03 0.000000000000000000e+00 0.000000000000000000e+00
4.335254237288136379e-03 0.000000000000000000e+00 7.207950445965976769e+02 3.186338201623842484e-13 4.537544983371399780e+02 1.041230066031619754e+04 0.000000000000000000e+00 0.000000000000000000e+00
4.385084745762712032e-03 0.000000000000000000e+00 7.537131307387517154e+02 3.830636477661479882e-13 4.622093700928623434e+02 1.087433696274449539e+04 0.000000000000000000e+00 0.000000000000000000e+00
4.434915254237288551e-03 0.000000000000000000e+00 7.773460216683433828e+02 6.267653857942499038e-13 4.663258663511934969e+02 1.128875973639927906e+04 0.000000000000000000e+00 0.000000000000000000e+00
4.484745762711865071e-03 0.000000000000000000e+00 7.947373649358000876e+02 7.313795756276485502e-13 4.684076346311506427e+02 1.168385166580870464e+04 0.000000000000000000e+00 0.000000000000000000e+00
4.534576271186440723e-03 0.000000000000000000e+00 8.077329469923864735e+02 9.452495708309521505e-13 4.694814641704102769e+02 1.206074434822051808e+04 0.000000000000000000e+00 0.000000000000000000e+00
4.584406779661017242e-03 0.000000000000000000e+00 8.175357298024279089e+02 1.082072145191365124e-12 4.700401269689559172e+02 1.240980136468008095e+04 0.000000000000000000e+00 0.000000000000000000e+00
4.634237288135593762e-03 0.000000000000000000e+00 8.249966394968619170e+02 1.283734045798022189e-12 4.703352810913829103e+02 1.273965777856544446e+04 0.000000000000000000e+00 0.000000000000000000e+00
4.684067796610170281e-03 0.000000000000000000e+00 8.307126324020189259e+02 1.446279797957011772e-12 4.704934123322141772e+02 1.305560621503344191e+04 0.000000000000000000e+00 0.000000000000000000e+00
4.733898305084745933e-03 0.000000000000000000e+00 8.351078926224437282e+02 1.645483958429052464e-12 4.705783298816213573e+02 1.335715207344750706e+04 0.000000000000000000e+00 0.000000000000000000e+00
4.783728813559322453e-03 0.000000000000000000e+00 8.384993169667926622e+02 1.836427815433932923e-12 4.706242418542544215e+02 1.364123842381394934e+04 0.000000000000000000e+00 0.000000000000000000e+00
4.833559322033898972e-03 0.000000000000000000e+00 8.411240004090673210e+02 2.038602220163753535e-12 4.706493218460084336e+02 1.391201362378898011e+04 0.000000000000000000e+00 0.000000000000000000e+00
4.883389830508474624e-03 0.000000000000000000e+00 8.431575126560891249e+02 2.262692655725780389e-12 4.706630951105465783e+02 1.417142757365452599e+04 0.000000000000000000e+00 0.000000000000000000e+00
4.933220338983051144e-03 0.000000000000000000e+00 8.447344064643020829e+02 2.483051999190852117e-12 4.706706694719312054e+02 1.441709384267839232e+04 0.000000000000000000e+00 0.000000000000000000e+00
4.983050847457627663e-03 0.000000000000000000e+00 8.459544396373645441e+02 2.729563308884761722e-12 4.706748442518679099e+02 1.464888736277322096e+04 0.000000000000000000e+00 0.000000000000000000e+00
5.032881355932204183e-03 0.000000000000000000e+00 8.468984406012641557e+02 2.996436221540296434e-12 4.706771756752211218e+02 1.486925007400069444e+04 0.000000000000000000e+00 0.000000000000000000e+00
5.082711864406779835e-03 0.000000000000000000e+00 8.476263247970008479e+02 3.279622323974330617e-12 4.706784715559517167e+02 1.507731514484653053e+04 0.000000000000000000e+00 0.000000000000000000e+00
5.132542372881356355e-03 0.000000000000000000e+00 8.481847752711412340e+02 3.584221582789346924e-12 4.706791932391895443e+02 1.527152005017176816e+04 0.000000000000000000e+00 0.000000000000000000e+00
5.182372881355932874e-03 0.000000000000000000e+00 8.486103281770405147e+02 3.905262184174607026e-12 4.706795968801359322e+02 1.545194324163579404e+04 0.000000000000000000e+00 0.000000000000000000e+00
5.232203389830508526e-03 0.000000000000000000e+00 8.489324985958779735e+02 4.215415058487996519e-12 4.706798233133755502e+02 1.561830191892261973e+04 0.000000000000000000e+00 0.000000000000000000e+00
5.282033898305085046e-03 0.000000000000000000e+00 8.491745625786880964e+02 4.442285210151946160e-12 4.706799493607632598e+02 1.576763158316756198e+04 0.000000000000000000e+00 0.000000000000000000e+00
5.331864406779661565e-03 0.000000000000000000e+00 8.493559757127384273e+02 4.569085863002865537e-12 4.706800201998256625e+02 1.589881239188313884e+04 0.000000000000000000e+00 0.000000000000000000e+00
5.381694915254238085e-03 0.000000000000000000e+00 8.494907496880731514e+02 4.639259976792050194e-12 4.706800597056098354e+02 1.601504182091207622e+04 0.000000000000000000e+00 0.000000000000000000e+00
5.431525423728813737e-03 0.000000000000000000e+00 8.495904527081650031e+02 4.677407965243895007e-12 4.706800817658295841e+02 1.611694702261711791e+04 0.000000000000000000e+00 0.000000000000000000e+00
5.481355932203390256e-03 0.000000000000000000e+00 8.496638642661066569e+02 4.697315277628670248e-12 4.706800940959594755e+02 1.620510419849224309e+04 0.000000000000000000e+00 0.000000000000000000e+00
5.531186440677966776e-03 0.000000000000000000e+00 8.497173508372151218e+02 4.707890010306525076e-12 4.706801009255323720e+02 1.628167981984116705e+04 0.000000000000000000e+00 0.000000000000000000e+00
5.581016949152542428e-03 0.000000000000000000e+00 8.497560249068849316e+02 4.713408485368355705e-12 4.706801047276411509e+02 1.634745647953684420e+04 0.000000000000000000e+00 0.000000000000000000e+00
5.630847457627118947e-03 0.000000000000000000e+00 8.497835953855011439e+02 4.716222996443972344e-12 4.706801068094156335e+02 1.640309174363022248e+04 0.000000000000000000e+00 0.000000000000000000e+00
5.680677966101695467e-03 0.000000000000000000e+00 8.498029415795417663e+02 4.717674662477639362e-12 4.706801079431459129e+02 1.645024565135001467e+04 0.000000000000000000e+00 0.000000000000000000e+00
5.730508474576271986e-03 0.000000000000000000e+00 8.498163031767248867e+02 4.718410868624376571e-12 4.706801085563508309e+02 1.648903775905109796e+04 0.000000000000000000e+00 0.000000000000000000e+00
5.780338983050847639e-03 0.000000000000000000e+00 8.498252579306573580e+02 4.718777214717271990e-12 4.706801088797825514e+02 1.652074550050493053e+04 0.000000000000000000e+00 0.000000000000000000e+00
5.830169491525424158e-03 0.000000000000000000e+00 8.498310747873173341e+02 4.718962447905771468e-12 4.706801090459155148e+02 1.654633306366774559e+04 0.000000000000000000e+00 0.000000000000000000e+00
5.880000000000000678e-03 0.000000000000000000e+00 8.498347361601255443e+02 4.719054596873964509e-12 4.706801091303332782e+02 1.656603751650837148e+04 0.000000000000000000e+00 0.000000000000000000e+00
5.929830508474577197e-03 0.000000000000000000e+00 8.498368982738626300e+02 4.719099551831678879e-12 4.706801091706275884e+02 1.658097012182640538e+04 0.000000000000000000e+00 0.000000000000000000e+00
5.979661016949152849e-03 0.000000000000000000e+00 8.498380912565831977e+02 4.719120967917347539e-12 4.706801091888905262e+02 1.659140361166009461e+04 0.000000000000000000e+00 0.000000000000000000e+00
6.029491525423729369e-03 0.000000000000000000e+00 8.498386611636866519e+02 4.719130898905545559e-12 4.706801091961538646e+02 1.659841388168202320e+04 0.000000000000000000e+00 0.000000000000000000e+00
6.079322033898305888e-03 0.000000000000000000e+00 8.498388879349980698e+02 4.719134995694223569e-12 4.706801091986067718e+02 1.660239847227434439e+04 0.000000000000000000e+00 0.000000000000000000e+00
6.129152542372881540e-03 0.000000000000000000e+00 8.498389483341977666e+02 4.719136379283155703e-12 4.706801091991760018e+02 1.660408440542598328e+04 0.000000000000000000e+00 0.000000000000000000e+00
6.178983050847458060e-03 0.000000000000000000e+00 8.498389483341977666e+02 4.719136616546364484e-12 4.706801091991760018e+02 1.660439465063245370e+04 0.000000000000000000e+00 0.000000000000000000e+00
6.228813559322034579e-03 0.000000000000000000e+00 8.498389483341977666e+02 4.719136616546364484e-12 4.706801091991760018e+02 1.660439465063245370e+04 0.000000000000000000e+00 0.000000000000000000e+00
6.278644067796611099e-03 0.000000000000000000e+00 8.498389483341977666e+02 4.719136616546364484e-12 4.706801091991760018e+02 1.660439465063245370e+04 0.000000000000000000e+00 0.000000000000000000e+00
6.328474576271186751e-03 0.000000000000000000e+00 9.785627069479804732e+02 2.459076217141466618e-12 5.420995727380184235e+02 1.219104995003158183e+04 5.444859340307767752e+02 0.000000000000000000e+00
6.378305084745763270e-03 0.000000000000000000e+00 8.773040459916066993e+02 1.243554587382892056e-12 4.947199784347331502e+02 1.161582915608137773e+04 4.982020867047978072e+02 0.000000000000000000e+00
6.428135593220339790e-03 0.000000000000000000e+00 8.097170441647916732e+02 6.788800479918313114e-13 4.716940957564573296e+02 1.109909682135658659e+04 4.716858195169588157e+02 0.000000000000000000e+00
6.477966101694915442e-03 0.000000000000000000e+00 7.696057081257076788e+02 3.834852969410607278e-13 4.632276299912734885e+02 1.067181317233853952e+04 4.590735570679157149e+02 0.000000000000000000e+00
6.527796610169491962e-03 0.000000000000000000e+00 7.446091435422687255e+02 2.210812465573181060e-13 4.598928779549440264e+02 1.030051698638405469e+04 4.527063877247819050e+02 0.000000000000000000e+00
6.577627118644068481e-03 0.000000000000000000e+00 7.285900858507662861e+02 1.292307151348092599e-13 4.585280256770500955e+02 9.964797463975373830e+03 4.493794118819572532e+02 0.000000000000000000e+00
6.627457627118645000e-03 0.000000000000000000e+00 7.181362963089836740e+02 7.631110718002255328e-14 4.579577064054018365e+02 9.658596799717297472e+03 4.476029529462771848e+02 0.000000000000000000e+00
6.677288135593220653e-03 0.000000000000000000e+00 7.112360981963428230e+02 4.542102675773068876e-14 4.577160967149864632e+02 9.382416459491534624e+03 4.466412189567560063e+02 0.000000000000000000e+00
6.727118644067797172e-03 0.000000000000000000e+00 7.066354483808639770e+02 2.720900332530513491e-14 4.576116771042664482e+02 9.130135227002279862e+03 4.461126305373005039e+02 0.000000000000000000e+00
6.776949152542373692e-03 0.000000000000000000e+00 7.035426846313381475e+02 1.639046137743938496e-14 4.575659398848772526e+02 8.897488292512136468e+03 4.458185705270873314e+02 0.000000000000000000e+00
6.826779661016949344e-03 0.000000000000000000e+00 7.014532592052370319e+02 9.922641623946293593e-15 4.575458191249053925e+02 8.682638885653545003e+03 4.456538918624400480e+02 0.000000000000000000e+00
6.876610169491525863e-03 0.000000000000000000e+00 7.000362270654989061e+02 6.037141722171966596e-15 4.575368749530487094e+02 8.485687204235626268e+03 4.455609891166281500e+02 0.000000000000000000e+00
6.926440677966102383e-03 0.000000000000000000e+00 6.990705276947503535e+02 3.692905325879092731e-15 4.575328528925664386e+02 8.303857156849488092e+03 4.455080952954071449e+02 0.000000000000000000e+00
6.976271186440678902e-03 0.000000000000000000e+00 6.984112082977433147e+02 2.273475305643832056e-15 4.575310363843171331e+02 8.135353959854344794e+03 4.454778392160681619e+02 0.000000000000000000e+00
7.026101694915254554e-03 0.000000000000000000e+00 6.979608084809808588e+02 1.412653246549820388e-15 4.575302160104012046e+02 7.980160929734464844e+03 4.454604962869670999e+02 0.000000000000000000e+00
7.075932203389831074e-03 0.000000000000000000e+00 6.976524790366401021e+02 8.891010754915461277e-16 4.575298405091688210e+02 7.837576610285850620e+03 4.454504749358437721e+02 0.000000000000000000e+00
7.125762711864407593e-03 0.000000000000000000e+00 6.974414500801689201e+02 5.705294406678213675e-16 4.575296681126407066e+02 7.706056637656571183e+03 4.454446678569784126e+02 0.000000000000000000e+00
7.175593220338984113e-03 0.000000000000000000e+00 6.972972867672077655e+02 3.776493742985358085e-16 4.575295889884220060e+02 7.585614064557556048e+03 4.454412990186921775e+02 0.000000000000000000e+00
7.225423728813559765e-03 0.000000000000000000e+00 6.971989071205698565e+02 2.611208828339607931e-16 4.575295524318184448e+02 7.475549400580914153e+03 4.454393379202423375e+02 0.000000000000000000e+00
7.275254237288136284e-03 0.000000000000000000e+00 6.971319647693047727e+02 1.918560228106078449e-16 4.575295354599247162e+02 7.376022116155704680e+03 4.454381944873646262e+02 0.000000000000000000e+00
7.325084745762712804e-03 0.000000000000000000e+00 6.970866360218315094e+02 1.519278423655742605e-16 4.575295275630034553e+02 7.286285990715552543e+03 4.454375279488663750e+02 0.000000000000000000e+00
7.374915254237288456e-03 0.000000000000000000e+00 6.970560371309683205e+02 1.316157351065280583e-16 4.575295238959591302e+02 7.207244738756695369e+03 4.454371396176117059e+02 0.000000000000000000e+00
7.424745762711864976e-03 0.000000000000000000e+00 6.970354617397769061e+02 1.226610929022363603e-16 4.575295221887794241e+02 7.138891875955759133e+03 4.454369135542814320e+02 0.000000000000000000e+00
7.474576271186441495e-03 0.000000000000000000e+00 6.970216963157173495e+02 1.187468387731978197e-16 4.575295213925494409e+02 7.079861216217899710e+03 4.454367821290330767e+02 0.000000000000000000e+00
7.524406779661018015e-03 0.000000000000000000e+00 6.970125099956012491e+02 1.170565924492043541e-16 4.575295210197600113e+02 7.028861024593903494e+03 4.454367055721357360e+02 0.000000000000000000e+00
7.574237288135593667e-03 0.000000000000000000e+00 6.970064411186417601e+02 1.163369821810732085e-16 4.575295208470300850e+02 6.985468906205375788e+03 4.454366614058395726e+02 0.000000000000000000e+00
7.624067796610170186e-03 0.000000000000000000e+00 6.970024557174020856e+02 1.160354281328889472e-16 4.575295207664649979e+02 6.948522036190375729e+03 4.454366359359513581e+02 0.000000000000000000e+00
7.673898305084746706e-03 0.000000000000000000e+00 6.969998595576665821e+02 1.159110915407509025e-16 4.575295207289941573e+02 6.917370325719569337e+03 4.454366213148480824e+02 0.000000000000000000e+00
7.723728813559322358e-03 0.000000000000000000e+00 6.969981940025143103e+02 1.158599416481495215e-16 4.575295207118306280e+02 6.891442459457874975e+03 4.454366130384038343e+02 0.000000000000000000e+00
7.773559322033898877e-03 0.000000000000000000e+00 6.969971379123891211e+02 1.158391993408188503e-16 4.575295207039300749e+02 6.869891329155572748e+03 4.454366083794350857e+02 0.000000000000000000e+00
7.823389830508474529e-03 0.000000000000000000e+00 6.969964811659963289e+02 1.158308640486146606e-16 4.575295207003410383e+02 6.852375838498013763e+03 4.454366057992256742e+02 0.000000000000000000e+00
7.873220338983051916e-03 0.000000000000000000e+00 6.969960825196251335e+02 1.158275390615642138e-16 4.575295206987415213e+02 6.838386790559085057e+03 4.454366044001549767e+02 0.000000000000000000e+00
7.923050847457627568e-03 0.000000000000000000e+00 6.969958486510066678e+02 1.158262305650440951e-16 4.575295206980471221e+02 6.827271983469311635e+03 4.454366036647484748e+02 0.000000000000000000e+00
7.972881355932204955e-03 0.000000000000000000e+00 6.969957155480416304e+02 1.158257289019859904e-16 4.575295206977489215e+02 6.818818643054062704e+03 4.454366032869299374e+02 0.000000000000000000e+00
8.022711864406780607e-03 0.000000000000000000e+00 6.969956437900036690e+02 1.158255379962536753e-16 4.575295206976269924e+02 6.812494236424819974e+03 4.454366031026897872e+02 0.000000000000000000e+00
8.072542372881356260e-03 0.000000000000000000e+00 6.969956087047174833e+02 1.158254673073138739e-16 4.575295206975819156e+02 6.808104079893156268e+03 4.454366030211442080e+02 0.000000000000000000e+00
8.122372881355933646e-03 0.000000000000000000e+00 6.969955928848503390e+02 1.158254422720428227e-16 4.575295206975658289e+02 6.805197537497254416e+03 4.454366029874424839e+02 0.000000000000000000e+00
8.172203389830509299e-03 0.000000000000000000e+00 6.969955869575463794e+02 1.158254341755995396e-16 4.575295206975611109e+02 6.803517129180416305e+03 4.454366029758266450e+02 0.000000000000000000e+00
8.222033898305084951e-03 0.000000000000000000e+00 6.969955853974801130e+02 1.158254320421737610e-16 4.575295206975600877e+02 6.802762696878123279e+03 4.454366029730020387e+02 0.000000000000000000e+00
8.271864406779662338e-03 0.000000000000000000e+00 6.969955853648906441e+02 1.158254317451165761e-16 4.575295206975600877e+02 6.802606013394290130e+03 4.454366029729440015e+02 0.000000000000000000e+00
8.321694915254237990e-03 0.000000000000000000e+00 6.969955853648906441e+02 1.158254317451165761e-16 4.575295206975600877e+02 6.802606013394290130e+03 4.454366029729440015e+02 0.000000000000000000e+00
8.371525423728813642e-03 0.000000000000000000e+00 6.969955853648906441e+02 1.158254317451165761e-16 4.575295206975600877e+02 6.802606013394290130e+03 4.454366029729440015e+02 0.000000000000000000e+00
8.421355932203391029e-03 0.000000000000000000e+00 5.885658487623710471e+02 2.520093524792194760e-16 3.916331767397940098e+02 9.206329118383098830e+03 0.000000000000000000e+00 0.000000000000000000e+00
8.471186440677966681e-03 0.000000000000000000e+00 6.554194803506110247e+02 7.994060623914837676e-15 4.269776307491089824e+02 9.711198117116229696e+03 0.000000000000000000e+00 0.000000000000000000e+00
8.521016949152542333e-03 0.000000000000000000e+00 7.090919579378091839e+02 2.992616277349227065e-13 4.499890983465259637e+02 1.026444331290135779e+04 0.000000000000000000e+00 0.000000000000000000e+00
8.570847457627119720e-03 0.000000000000000000e+00 7.454119434088689786e+02 3.501065859094464480e-13 4.603730254914181046e+02 1.074963233380284146e+04 0.000000000000000000e+00 0.000000000000000000e+00
8.620677966101695372e-03 0.000000000000000000e+00 7.713271717369672160e+02 5.860785448585478652e-13 4.654183893001344927e+02 1.117241466291302640e+04 0.000000000000000000e+00 0.000000000000000000e+00
8.670508474576272759e-03 0.000000000000000000e+00 7.902883544882885190e+02 6.932571279736543970e-13 4.679508722136886263e+02 1.157261334089040975e+04 0.000000000000000000e+00 0.000000000000000000e+00
8.720338983050848411e-03 0.000000000000000000e+00 8.043919344059276000e+02 8.978217353194408323e-13 4.692433774882064199e+02 1.195595227276679361e+04 0.000000000000000000e+00 0.000000000000000000e+00
8.770169491525424063e-03 0.000000000000000000e+00 8.150001084506823190e+02 1.037422095565894325e-12 4.699141562449440244e+02 1.231269491679477323e+04 0.000000000000000000e+00 0.000000000000000000e+00
8.820000000000001450e-03 0.000000000000000000e+00 8.230650004642568547e+02 1.235101887375919815e-12 4.702689501764306783e+02 1.264683070443475117e+04 0.000000000000000000e+00 0.000000000000000000e+00
8.869830508474577102e-03 0.000000000000000000e+00 8.292319081634810800e+02 1.393430068667859400e-12 4.704579932088504961e+02 1.296654559589246674e+04 0.000000000000000000e+00 0.000000000000000000e+00
8.919661016949152754e-03 0.000000000000000000e+00 8.339662864717947741e+02 1.595344178524299867e-12 4.705590768754722149e+02 1.327290853911008708e+04 0.000000000000000000e+00 0.000000000000000000e+00
8.969491525423730141e-03 0.000000000000000000e+00 8.376176557530919808e+02 1.774671008511373789e-12 4.706138012116630875e+02 1.356185561712614071e+04 0.000000000000000000e+00 0.000000000000000000e+00
9.019322033898305793e-03 0.000000000000000000e+00 8.404410327939730223e+02 1.986950170025324720e-12 4.706436493709198885e+02 1.383604865702847383e+04 0.000000000000000000e+00 0.000000000000000000e+00
9.069152542372881445e-03 0.000000000000000000e+00 8.426287030656682191e+02 2.195722707403217815e-12 4.706599621667618294e+02 1.409853998134868198e+04 0.000000000000000000e+00 0.000000000000000000e+00
9.118983050847458832e-03 0.000000000000000000e+00 8.443233673270650570e+02 2.415634305749357557e-12 4.706689261155942177e+02 1.434819078989634727e+04 0.000000000000000000e+00 0.000000000000000000e+00
9.168813559322034484e-03 0.000000000000000000e+00 8.456360815797680743e+02 2.660469905121310861e-12 4.706738885379550084e+02 1.458411172883300605e+04 0.000000000000000000e+00 0.000000000000000000e+00
9.218644067796610136e-03 0.000000000000000000e+00 8.466533518286795470e+02 2.919583603502268197e-12 4.706766442157751271e+02 1.480755198410238700e+04 0.000000000000000000e+00 0.000000000000000000e+00
9.268474576271187523e-03 0.000000000000000000e+00 8.474371106130724911e+02 3.193305307906025450e-12 4.706781721667774718e+02 1.501888026419043126e+04 0.000000000000000000e+00 0.000000000000000000e+00
9.318305084745763175e-03 0.000000000000000000e+00 8.480394951024769625e+02 3.490337357291149919e-12 4.706790260390504272e+02 1.521733311781572957e+04 0.000000000000000000e+00 0.000000000000000000e+00
9.368135593220340562e-03 0.000000000000000000e+00 8.485003536677568263e+02 3.807675789345751532e-12 4.706795046267839666e+02 1.540157338134684869e+04 0.000000000000000000e+00 0.000000000000000000e+00
9.417966101694916214e-03 0.000000000000000000e+00 8.488501435160591200e+02 4.128798550570264199e-12 4.706797717098199882e+02 1.557231031468164656e+04 0.000000000000000000e+00 0.000000000000000000e+00
9.467796610169491867e-03 0.000000000000000000e+00 8.491125144415266277e+02 4.396475401772738559e-12 4.706799203815738792e+02 1.572712567700752334e+04 0.000000000000000000e+00 0.000000000000000000e+00
9.517627118644069253e-03 0.000000000000000000e+00 8.493090541474819020e+02 4.543411014351427013e-12 4.706800037788286204e+02 1.586339438375985992e+04 0.000000000000000000e+00 0.000000000000000000e+00
9.567457627118644906e-03 0.000000000000000000e+00 8.494561453073253006e+02 4.623981929600550521e-12 4.706800506808905311e+02 1.598332620254261019e+04 0.000000000000000000e+00 0.000000000000000000e+00
9.617288135593220558e-03 0.000000000000000000e+00 8.495650781006280567e+02 4.668362878803584217e-12 4.706800767569218920e+02 1.608910034158287272e+04 0.000000000000000000e+00 0.000000000000000000e+00
9.667118644067797945e-03 0.000000000000000000e+00 8.496451463194899816e+02 4.692477248899835085e-12 4.706800912433306507e+02 1.618095718863460206e+04 0.000000000000000000e+00 0.000000000000000000e+00
9.716949152542373597e-03 0.000000000000000000e+00 8.497038493892371207e+02 4.705349977862940686e-12 4.706800993828391029e+02 1.626087162060904302e+04 0.000000000000000000e+00 0.000000000000000000e+00
9.766779661016949249e-03 0.000000000000000000e+00 8.497462816843932387e+02 4.712086166553620578e-12 4.706801038620990312e+02 1.632963355964316906e+04 0.000000000000000000e+00 0.000000000000000000e+00
9.816610169491526636e-03 0.000000000000000000e+00 8.497766635598841276e+02 4.715581783794311038e-12 4.706801063352149299e+02 1.638805741835760637e+04 0.000000000000000000e+00 0.000000000000000000e+00
9.866440677966102288e-03 0.000000000000000000e+00 8.497981091812356453e+02 4.717348086989386007e-12 4.706801076863227991e+02 1.643755346371953055e+04 0.000000000000000000e+00 0.000000000000000000e+00
9.916271186440679675e-03 0.000000000000000000e+00 8.498129839902717322e+02 4.718246567227058158e-12 4.706801084192177314e+02 1.647895171782780380e+04 0.000000000000000000e+00 0.000000000000000000e+00
9.966101694915255327e-03 0.000000000000000000e+00 8.498230348755457726e+02 4.718695284308684875e-12 4.706801088056323579e+02 1.651242946360533097e+04 0.000000000000000000e+00 0.000000000000000000e+00
1.001593220338983098e-02 0.000000000000000000e+00 8.498296795441874565e+02 4.718921551461685836e-12 4.706801090093748599e+02 1.653959891139483443e+04 0.000000000000000000e+00 0.000000000000000000e+00
1.006576271186440837e-02 0.000000000000000000e+00 8.498338691776968972e+02 4.719034591794857207e-12 4.706801091118554723e+02 1.656083208551908319e+04 0.000000000000000000e+00 0.000000000000000000e+00
1.011559322033898402e-02 0.000000000000000000e+00 8.498364218298095238e+02 4.719090208408122050e-12 4.706801091625686695e+02 1.657709766924822543e+04 0.000000000000000000e+00 0.000000000000000000e+00
1.016542372881355967e-02 0.000000000000000000e+00 8.498378237834074298e+02 4.719116652794172362e-12 4.706801091851119168e+02 1.658880361782766340e+04 0.000000000000000000e+00 0.000000000000000000e+00
1.021525423728813706e-02 0.000000000000000000e+00 8.498385380343200950e+02 4.719128819270588048e-12 4.706801091946873044e+02 1.659673907142982353e+04 0.000000000000000000e+00 0.000000000000000000e+00
1.026508474576271271e-02 0.000000000000000000e+00 8.498388462458614185e+02 4.719134133858968919e-12 4.706801091981872105e+02 1.660145010405807261e+04 0.000000000000000000e+00 0.000000000000000000e+00
1.031491525423728836e-02 0.000000000000000000e+00 8.498389393415333188e+02 4.719136151994119020e-12 4.706801091990895429e+02 1.660376945078738936e+04 0.000000000000000000e+00 0.000000000000000000e+00
1.036474576271186575e-02 0.000000000000000000e+00 8.498389483341977666e+02 4.719136616546364484e-12 4.706801091991760018e+02 1.660439465063245370e+04 0.000000000000000000e+00 0.000000000000000000e+00
1.041457627118644140e-02 0.000000000000000000e+00 8.498389483341977666e+02 4.719136616546364484e-12 4.706801091991760018e+02 1.660439465063245370e+04 0.000000000000000000e+00 0.000000000000000000e+00
1.046440677966101705e-02 0.000000000000000000e+00 8.498389483341977666e+02 4.719136616546364484e-12 4.706801091991760018e+02 1.660439465063245370e+04 0.000000000000000000e+00 0.000000000000000000e+00
1.051423728813559444e-02 0.000000000000000000e+00 1.003473057975977213e+03 3.089930855488025525e-12 5.537096905362744792e+02 1.235331761453680156e+04 5.559335780715157398e+02 0.000000000000000000e+00
1.056406779661017009e-02 0.000000000000000000e+00 9.048233341744146401e+02 1.493751318276937837e-12 5.068917931391573575e+02 1.177477768868679959e+04 5.104500743244983028e+02 0.000000000000000000e+00
1.061389830508474748e-02 0.000000000000000000e+00 8.253839803781244200e+02 8.034834140444233240e-13 4.760421299437235803e+02 1.123735376328591519e+04 4.772838943811367471e+02 0.000000000000000000e+00
1.066372881355932313e-02 0.000000000000000000e+00 7.791679038800067474e+02 4.503407111407157028e-13 4.649110046022256029e+02 1.078652390666562314e+04 4.618419778846781014e+02 0.000000000000000000e+00
1.071355932203389878e-02 0.000000000000000000e+00 7.506394390332145576e+02 2.583367830220797171e-13 4.605629379293451962e+02 1.040283823617562848e+04 4.541223738771752210e+02 0.000000000000000000e+00
1.076338983050847617e-02 0.000000000000000000e+00 7.324712928056599139e+02 1.504827009647638610e-13 4.588013309798452042e+02 1.005749164559881865e+04 4.501207744554394594e+02 0.000000000000000000e+00
1.081322033898305182e-02 0.000000000000000000e+00 7.206897355877575819e+02 8.862652028835548716e-14 4.580743066652527204e+02 9.742930876051503219e+03 4.480041250899072907e+02 0.000000000000000000e+00
1.086305084745762747e-02 0.000000000000000000e+00 7.129321741699505992e+02 5.264183451161208113e-14 4.577661751448101768e+02 9.458558299247593823e+03 4.468605903270001249e+02 0.000000000000000000e+00
1.091288135593220486e-02 0.000000000000000000e+00 7.077679941848149383e+02 3.147979550379760568e-14 4.576331793795542353e+02 9.200175009455175314e+03 4.462331655881717438e+02 0.000000000000000000e+00
1.096271186440678051e-02 0.000000000000000000e+00 7.043052422214335593e+02 1.893470495845500615e-14 4.575753979389643291e+02 8.962055106282505221e+03 4.458858111424043500e+02 0.000000000000000000e+00
1.101254237288135616e-02 0.000000000000000000e+00 7.019704386218669470e+02 1.144664536193469319e-14 4.575500375531349277e+02 8.742181016436286882e+03 4.456918443608731764e+02 0.000000000000000000e+00
1.106237288135593355e-02 0.000000000000000000e+00 7.003873331170602796e+02 6.954654872391996092e-15 4.575387510714991777e+02 8.540327432900683561e+03 4.455824383156008821e+02 0.000000000000000000e+00
1.111220338983050920e-02 0.000000000000000000e+00 6.993094601131882655e+02 4.247017887531410981e-15 4.575336888012556642e+02 8.354378579955759051e+03 4.455202654049454054e+02 0.000000000000000000e+00
1.116203389830508486e-02 0.000000000000000000e+00 6.985748311056504463e+02 2.609657489581917867e-15 4.575314188421994004e+02 8.182221654493564529e+03 4.454848511550183616e+02 0.000000000000000000e+00
1.121186440677966224e-02 0.000000000000000000e+00 6.980727041058098621e+02 1.616599046713209119e-15 4.575303899793160554e+02 8.023245286742415374e+03 4.454645301652998910e+02 0.000000000000000000e+00
1.126169491525423789e-02 0.000000000000000000e+00 6.977291057238331859e+02 1.012983236915682004e-15 4.575299200085166831e+02 7.877073005880356504e+03 4.454528087729002550e+02 0.000000000000000000e+00
1.131152542372881528e-02 0.000000000000000000e+00 6.974937984803010522e+02 6.461742205350627921e-16 4.575297045351832139e+02 7.742689265824263202e+03 4.454460181817786975e+02 0.000000000000000000e+00
1.136135593220339093e-02 0.000000000000000000e+00 6.973329898012557351e+02 4.233141932543724529e-16 4.575296057934635314e+02 7.618862045921322533e+03 4.454420829905409391e+02 0.000000000000000000e+00
1.141118644067796659e-02 0.000000000000000000e+00 6.972232883211851231e+02 2.887009888987195159e-16 4.575295602242185851e+02 7.505989241967125963e+03 4.454397955431793434e+02 0.000000000000000000e+00
1.146101694915254397e-02 0.000000000000000000e+00 6.971484899442768892e+02 2.081293650041758921e-16 4.575295390176165142e+02 7.403521764256607639e+03 4.454384593960709253e+02 0.000000000000000000e+00
1.151084745762711962e-02 0.000000000000000000e+00 6.970977878876452678e+02 1.611825184088548860e-16 4.575295292326370600e+02 7.310930727422064592e+03 4.454376824569873179e+02 0.000000000000000000e+00
1.156067796610169528e-02 0.000000000000000000e+00 6.970635692689616008e+02 1.357529499297920434e-16 4.575295246790716988e+02 7.228662749136449747e+03 4.454372300816474421e+02 0.000000000000000000e+00
1.161050847457627266e-02 0.000000000000000000e+00 6.970405540840718004e+02 1.244072649808332768e-16 4.575295225554298213e+02 7.157335069108162315e+03 4.454369665882944673e+02 0.000000000000000000e+00
1.166033898305084832e-02 0.000000000000000000e+00 6.970250774108812948e+02 1.195038030600413225e-16 4.575295215604649570e+02 7.095635419785443446e+03 4.454368125977900945e+02 0.000000000000000000e+00
1.171016949152542397e-02 0.000000000000000000e+00 6.970147678177145281e+02 1.173911706024753654e-16 4.575295210994175932e+02 7.042609208328766726e+03 4.454367234216923634e+02 0.000000000000000000e+00
1.176000000000000136e-02 0.000000000000000000e+00 6.970079286708775044e+02 1.164834394275054414e-16 4.575295208839328325e+02 6.997187948355854132e+03 4.454366716914811946e+02 0.000000000000000000e+00
1.180983050847457701e-02 0.000000000000000000e+00 6.970034249286686645e+02 1.160983752870016488e-16 4.575295207833925701e+02 6.958547920257794431e+03 4.454366418096583971e+02 0.000000000000000000e+00
1.185966101694915439e-02 0.000000000000000000e+00 6.970004908875247338e+02 1.159372127643751958e-16 4.575295207370307367e+02 6.925743729958914628e+03 4.454366247077558683e+02 0.000000000000000000e+00
1.190949152542373005e-02 0.000000000000000000e+00 6.969985945011800368e+02 1.158706346315608689e-16 4.575295207154536570e+02 6.898407627056913043e+03 4.454366149346633961e+02 0.000000000000000000e+00
1.195932203389830570e-02 0.000000000000000000e+00 6.969973907375153885e+02 1.158434403702522325e-16 4.575295207055965534e+02 6.875692711129726376e+03 4.454366094450653577e+02 0.000000000000000000e+00
1.200915254237288309e-02 0.000000000000000000e+00 6.969966366581141983e+02 1.158325152775357041e-16 4.575295207010816512e+02 6.856975839133549016e+03 4.454366063808772651e+02 0.000000000000000000e+00
1.205898305084745874e-02 0.000000000000000000e+00 6.969961772787086147e+02 1.158281990886988640e-16 4.575295206990799670e+02 6.842019441460880444e+03 4.454366047190785025e+02 0.000000000000000000e+00
1.210881355932203439e-02 0.000000000000000000e+00 6.969959027976818788e+02 1.158264953638827910e-16 4.575295206981897422e+02 6.830134732802164763e+03 4.454366038278657243e+02 0.000000000000000000e+00
1.215864406779661178e-02 0.000000000000000000e+00 6.969957453687618454e+02 1.158258317202359051e-16 4.575295206978075839e+02 6.821004402595476677e+03 4.454366033677890755e+02 0.000000000000000000e+00
1.220847457627118743e-02 0.000000000000000000e+00 6.969956599869876754e+02 1.158255764713700076e-16 4.575295206976519466e+02 6.814132145637207032e+03 4.454366031428672272e+02 0.000000000000000000e+00
1.225830508474576308e-02 0.000000000000000000e+00 6.969956162321249167e+02 1.158254810064492789e-16 4.575295206975906126e+02 6.809211383425645181e+03 4.454366030380209622e+02 0.000000000000000000e+00
1.230813559322034047e-02 0.000000000000000000e+00 6.969955958971663676e+02 1.158254467919552883e-16 4.575295206975685574e+02 6.805882464405997780e+03 4.454366029936099380e+02 0.000000000000000000e+00
1.235796610169491612e-02 0.000000000000000000e+00 6.969955878734551789e+02 1.158254355026326696e-16 4.575295206975617361e+02 6.803906179731647171e+03 4.454366029775400193e+02 0.000000000000000000e+00
1.240779661016949177e-02 0.000000000000000000e+00 6.969955856660578775e+02 1.158254323430198695e-16 4.575295206975602582e+02 6.802912438587531142e+03 4.454366029734820813e+02 0.000000000000000000e+00
1.245762711864406916e-02 0.000000000000000000e+00 6.969955853648906441e+02 1.158254317451165761e-16 4.575295206975600877e+02 6.802606013394290130e+03 4.454366029729440015e+02 0.000000000000000000e+00
1.250745762711864481e-02 0.000000000000000000e+00 6.969955853648906441e+02 1.158254317451165761e-16 4.575295206975600877e+02 6.802606013394290130e+03 4.454366029729440015e+02 0.000000000000000000e+00
1.255728813559322220e-02 0.000000000000000000e+00 6.969955853648906441e+02 1.158254317451165761e-16 4.575295206975600877e+02 6.802606013394290130e+03 4.454366029729440015e+02 0.000000000000000000e+00
1.260711864406779785e-02 0.000000000000000000e+00 5.746975832505378321e+02 1.650639587083344784e-16 3.832893426249331128e+02 9.101002583824467365e+03 0.000000000000000000e+00 0.000000000000000000e+00
1.265694915254237350e-02 0.000000000000000000e+00 6.356528024820532892e+02 2.340752016953827867e-15 4.166492868202901150e+02 9.561167046946495248e+03 0.000000000000000000e+00 0.000000000000000000e+00
1.270677966101695089e-02 0.000000000000000000e+00 6.959730589717374869e+02 2.126521172312937134e-13 4.451969504023294348e+02 1.010743524605266430e+04 0.000000000000000000e+00 0.000000000000000000e+00
1.275661016949152654e-02 0.000000000000000000e+00 7.362873399649948851e+02 3.330414794046800203e-13 4.581216543134685821e+02 1.061953579549904316e+04 0.000000000000000000e+00 0.000000000000000000e+00
1.280644067796610219e-02 0.000000000000000000e+00 7.647492582026836772e+02 5.002945512444631241e-13 4.643201981265879681e+02 1.105401323628319915e+04 0.000000000000000000e+00 0.000000000000000000e+00
1.285627118644067958e-02 0.000000000000000000e+00 7.854476017878291714e+02 6.663136144579837461e-13 4.673960127890435956e+02 1.146033950731652112e+04 0.000000000000000000e+00 0.000000000000000000e+00
1.290610169491525523e-02 0.000000000000000000e+00 8.007647104599246859e+02 8.287359252316869394e-13 4.689548564275580134e+02 1.184839093694929579e+04 0.000000000000000000e+00 0.000000000000000000e+00
1.295593220338983088e-02 0.000000000000000000e+00 8.122613642032457619e+02 1.000516318802623265e-12 4.697636989923540796e+02 1.221361390687215135e+04 0.000000000000000000e+00 0.000000000000000000e+00
1.300576271186440827e-02 0.000000000000000000e+00 8.209840274094141250e+02 1.177401755616647854e-12 4.701901490589747254e+02 1.255283348338563337e+04 0.000000000000000000e+00 0.000000000000000000e+00
1.305559322033898392e-02 0.000000000000000000e+00 8.276327314713770420e+02 1.347748574083488701e-12 4.704153784189836074e+02 1.287653631824651893e+04 0.000000000000000000e+00 0.000000000000000000e+00
1.310542372881356131e-02 0.000000000000000000e+00 8.327354222989969230e+02 1.546000370704959676e-12 4.705360932036364261e+02 1.318721174247742056e+04 0.000000000000000000e+00 0.000000000000000000e+00
1.315525423728813696e-02 0.000000000000000000e+00 8.366675046662454633e+02 1.719698142772101235e-12 4.706013900036443260e+02 1.348096452002926344e+04 0.000000000000000000e+00 0.000000000000000000e+00
1.320508474576271261e-02 0.000000000000000000e+00 8.397071159998954499e+02 1.928145103730038107e-12 4.706369035534960403e+02 1.375876285809701585e+04 0.000000000000000000e+00 0.000000000000000000e+00
1.325491525423729000e-02 0.000000000000000000e+00 8.420598767631382771e+02 2.127840485337883798e-12 4.706562503617287803e+02 1.402455116677474689e+04 0.000000000000000000e+00 0.000000000000000000e+00
1.330474576271186565e-02 0.000000000000000000e+00 8.438816664573706703e+02 2.354793197854576759e-12 4.706668802127226172e+02 1.427846096260658123e+04 0.000000000000000000e+00 0.000000000000000000e+00
1.335457627118644131e-02 0.000000000000000000e+00 8.452962670836019470e+02 2.595620320719667877e-12 4.706727699165115268e+02 1.451837235276715001e+04 0.000000000000000000e+00 0.000000000000000000e+00
1.340440677966101869e-02 0.000000000000000000e+00 8.463888691283177650e+02 2.838114876073061562e-12 4.706760157514402181e+02 1.474469874596396585e+04 0.000000000000000000e+00 0.000000000000000000e+00
1.345423728813559434e-02 0.000000000000000000e+00 8.472340141666674072e+02 3.111727994443797297e-12 4.706778232792620429e+02 1.496004722328790194e+04 0.000000000000000000e+00 0.000000000000000000e+00
1.350406779661017000e-02 0.000000000000000000e+00 8.478840081118174794e+02 3.403987749682956204e-12 4.706788323603315121e+02 1.516206973446029588e+04 0.000000000000000000e+00 0.000000000000000000e+00
1.355389830508474738e-02 0.000000000000000000e+00 8.483811288563584867e+02 3.715281287420374005e-12 4.706793950046214263e+02 1.535018877377096760e+04 0.000000000000000000e+00 0.000000000000000000e+00
1.360372881355932304e-02 0.000000000000000000e+00 8.487593994657622716e+02 4.035490252242751543e-12 4.706797095931563035e+02 1.552496545385064564e+04 0.000000000000000000e+00 0.000000000000000000e+00
1.365355932203389869e-02 0.000000000000000000e+00 8.490449692401349466e+02 4.329766866645655801e-12 4.706798859462535347e+02 1.568456066536626349e+04 0.000000000000000000e+00 0.000000000000000000e+00
1.370338983050847607e-02 0.000000000000000000e+00 8.492590367870246837e+02 4.508513079627122633e-12 4.706799850014763820e+02 1.582593985675591102e+04 0.000000000000000000e+00 0.000000000000000000e+00
1.375322033898305173e-02 0.000000000000000000e+00 8.494184353605172646e+02 4.607212118535856274e-12 4.706800399738712031e+02 1.595101411012429708e+04 0.000000000000000000e+00 0.000000000000000000e+00
1.380305084745762911e-02 0.000000000000000000e+00 8.495369792589162898e+02 4.660315357708266937e-12 4.706800706638692304e+02 1.606070375786524164e+04 0.000000000000000000e+00 0.000000000000000000e+00
1.385288135593220477e-02 0.000000000000000000e+00 8.496246960302254365e+02 4.687791090321011008e-12 4.706800879410552056e+02 1.615629690660981578e+04 0.000000000000000000e+00 0.000000000000000000e+00
1.390271186440678042e-02 0.000000000000000000e+00 8.496889158818589749e+02 4.702655143078703655e-12 4.706800975230340782e+02 1.623911037744775967e+04 0.000000000000000000e+00 0.000000000000000000e+00
1.395254237288135780e-02 0.000000000000000000e+00 8.497355761933800977e+02 4.710594010454198086e-12 4.706801028479903835e+02 1.631106641552598740e+04 0.000000000000000000e+00 0.000000000000000000e+00
1.400237288135593346e-02 0.000000000000000000e+00 8.497690426330767650e+02 4.714759870467125696e-12 4.706801057724658222e+02 1.637232259195734150e+04 0.000000000000000000e+00 0.000000000000000000e+00
1.405220338983050911e-02 0.000000000000000000e+00 8.497927947441535252e+02 4.716921060533923623e-12 4.706801073861154237e+02 1.642408021418178396e+04 0.000000000000000000e+00 0.000000000000000000e+00
1.410203389830508650e-02 0.000000000000000000e+00 8.498092755955019584e+02 4.718033262648675321e-12 4.706801082516459473e+02 1.646770046437632482e+04 0.000000000000000000e+00 0.000000000000000000e+00
1.415186440677966215e-02 0.000000000000000000e+00 8.498205712879899920e+02 4.718596849433270923e-12 4.706801087195528908e+02 1.650359236269659959e+04 0.000000000000000000e+00 0.000000000000000000e+00
1.420169491525423780e-02 0.000000000000000000e+00 8.498280568096347452e+02 4.718874751955433139e-12 4.706801089637417022e+02 1.653261462912073330e+04 0.000000000000000000e+00 0.000000000000000000e+00
1.425152542372881519e-02 0.000000000000000000e+00 8.498328916807969335e+02 4.719011241109579520e-12 4.706801090905725005e+02 1.655547493804804617e+04 0.000000000000000000e+00 0.000000000000000000e+00
1.430135593220339084e-02 0.000000000000000000e+00 8.498358215472973143e+02 4.719077795233525266e-12 4.706801091515044959e+02 1.657293038078437530e+04 0.000000000000000000e+00 0.000000000000000000e+00
1.435118644067796823e-02 0.000000000000000000e+00 8.498374980815393656e+02 4.719110447382030240e-12 4.706801091801997927e+02 1.658581236036732662e+04 0.000000000000000000e+00 0.000000000000000000e+00
1.440101694915254388e-02 0.000000000000000000e+00 8.498383915390727452e+02 4.719125995190660867e-12 4.706801091928610958e+02 1.659475002067994501e+04 0.000000000000000000e+00 0.000000000000000000e+00
1.445084745762711953e-02 0.000000000000000000e+00 8.498387980907061774e+02 4.719132977324641273e-12 4.706801091976785187e+02 1.660032052675481100e+04 0.000000000000000000e+00 0.000000000000000000e+00
1.450067796610169692e-02 0.000000000000000000e+00 8.498389252667070650e+02 4.719135795736953080e-12 4.706801091989565293e+02 1.660331271448487678e+04 0.000000000000000000e+00 0.000000000000000000e+00
1.455050847457627257e-02 0.000000000000000000e+00 8.498389483341977666e+02 4.719136608855214915e-12 4.706801091991760018e+02 1.660438528825949834e+04 0.000000000000000000e+00 0.000000000000000000e+00
1.460033898305084822e-02 0.000000000000000000e+00 8.498389483341977666e+02 4.719136616546364484e-12 4.706801091991760018e+02 1.660439465063245370e+04 0.000000000000000000e+00 0.000000000000000000e+00
1.465016949152542561e-02 0.000000000000000000e+00 0.000000000000000000e+00 0.000000000000000000e+00 0.000000000000000000e+00 0.000000000000000000e+00 0.000000000000000000e+00 0.000000000000000000e+00
