0.000000000000000000e+00 1.000000000000000000e+00 6.000000000000000000e+00 7.000000000000000000e+00 8.000000000000000000e+00 1.400000000000000000e+01 2.600000000000000000e+01 2.900000000000000000e+01
0.000000000000000000e+00 0.000000000000000000e+00 8.498389483341977666e+02 4.719136616546364484e-12 4.706801091991760018e+02 1.660439465063245370e+04 0.000000000000000000e+00 0.000000000000000000e+00
4.983050847457627555e-05 0.000000000000000000e+00 8.498389483341977666e+02 4.719136616546364484e-12 4.706801091991760018e+02 1.660439465063245370e+04 0.000000000000000000e+00 0.000000000000000000e+00
9.966101694915255110e-05 0.000000000000000000e+00 8.498389483341977666e+02 4.719136616546364484e-12 4.706801091991760018e+02 1.660439465063245370e+04 0.000000000000000000e+00 0.000000000000000000e+00
1.494915254237288266e-04 0.000000000000000000e+00 8.498389483341977666e+02 4.719136047320818305e-12 4.706801091991760018e+02 1.660361893883151788e+04 0.000000000000000000e+00 0.000000000000000000e+00
1.993220338983051022e-04 0.000000000000000000e+00 8.498389252667070650e+02 4.719133852632364275e-12 4.706801091989565293e+02 1.660111408418712017e+04 0.000000000000000000e+00 0.000000000000000000e+00
2.491525423728814049e-04 0.000000000000000000e+00 8.498387980907061774e+02 4.719128317568996460e-12 4.706801091976785187e+02 1.659625672395155925e+04 0.000000000000000000e+00 0.000000000000000000e+00
2.989830508474576533e-04 0.000000000000000000e+00 8.498383915390727452e+02 4.719115775596179293e-12 4.706801091928610958e+02 1.658814338755200515e+04 0.000000000000000000e+00 0.000000000000000000e+00
3.488135593220339017e-04 0.000000000000000000e+00 8.498374980815393656e+02 4.719088928347258267e-12 4.706801091801997927e+02 1.657634506049843549e+04 0.000000000000000000e+00 0.000000000000000000e+00
3.986440677966102044e-04 0.000000000000000000e+00 8.498358215472973143e+02 4.719033813725034410e-12 4.706801091515044959e+02 1.656009210003135013e+04 0.000000000000000000e+00 0.000000000000000000e+00
4.484745762711865071e-04 0.000000000000000000e+00 8.498328916807969335e+02 4.718923201944171384e-12 4.706801090905725005e+02 1.653897892382680948e+04 0.000000000000000000e+00 0.000000000000000000e+00
4.983050847457628097e-04 0.000000000000000000e+00 8.498280568096347452e+02 4.718704081934084638e-12 4.706801089637417022e+02 1.651203977887190922e+04 0.000000000000000000e+00 0.000000000000000000e+00
5.481355932203390039e-04 0.000000000000000000e+00 8.498205712879899920e+02 4.718274912960559319e-12 4.706801087195528908e+02 1.647899080464287545e+04 0.000000000000000000e+00 0.000000000000000000e+00
5.979661016949153066e-04 0.000000000000000000e+00 8.498092755955019584e+02 4.717437771613239106e-12 4.706801082516459473e+02 1.643842415710507703e+04 0.000000000000000000e+00 0.000000000000000000e+00
6.477966101694916093e-04 0.000000000000000000e+00 8.497927947441535252e+02 4.715803108944454144e-12 4.706801073861154237e+02 1.638981535115749284e+04 0.000000000000000000e+00 0.000000000000000000e+00
6.976271186440678035e-04 0.000000000000000000e+00 8.497690426330767650e+02 4.712649273423321963e-12 4.706801057724658222e+02 1.633271303119213553e+04 0.000000000000000000e+00 0.000000000000000000e+00
7.474576271186441061e-04 0.000000000000000000e+00 8.497355761933800977e+02 4.706654845352759082e-12 4.706801028479903835e+02 1.626556919695312899e+04 0.000000000000000000e+00 0.000000000000000000e+00
7.972881355932204088e-04 0.000000000000000000e+00 8.496889158818589749e+02 4.695266973847066449e-12 4.706800975230340782e+02 1.618775349380345506e+04 0.000000000000000000e+00 0.000000000000000000e+00
8.471186440677967115e-04 0.000000000000000000e+00 8.496246960302254365e+02 4.673817440254626657e-12 4.706800879410552056e+02 1.609842248684993501e+04 0.000000000000000000e+00 0.000000000000000000e+00
8.969491525423730141e-04 0.000000000000000000e+00 8.495369792589162898e+02 4.634220144028477442e-12 4.706800706638692304e+02 1.599555884871573471e+04 0.000000000000000000e+00 0.000000000000000000e+00
9.467796610169492083e-04 0.000000000000000000e+00 8.494184353605172646e+02 4.562447905412753487e-12 4.706800399738712031e+02 1.587891805546440992e+04 0.000000000000000000e+00 0.000000000000000000e+00
9.966101694915256194e-04 0.000000000000000000e+00 8.492590367870246837e+02 4.434134247481023230e-12 4.706799850014763820e+02 1.574735041501996966e+04 0.000000000000000000e+00 0.000000000000000000e+00
1.046440677966101705e-03 0.000000000000000000e+00 8.490449692401349466e+02 4.207058880536042166e-12 4.706798859462535347e+02 1.559804658400024709e+04 0.000000000000000000e+00 0.000000000000000000e+00
1.096271186440678008e-03 0.000000000000000000e+00 8.487593994657622716e+02 3.900748823264730214e-12 4.706797095931563035e+02 1.543217896153274160e+04 0.000000000000000000e+00 0.000000000000000000e+00
1.146101694915254311e-03 0.000000000000000000e+00 8.483811288563584867e+02 3.584221498289595982e-12 4.706793950046214263e+02 1.525259279120003157e+04 0.000000000000000000e+00 0.000000000000000000e+00
1.195932203389830613e-03 0.000000000000000000e+00 8.478840081118174794e+02 3.285861879703059942e-12 4.706788323603315121e+02 1.505964756604195645e+04 0.000000000000000000e+00 0.000000000000000000e+00
1.245762711864406916e-03 0.000000000000000000e+00 8.472340141666674072e+02 3.003001366243244714e-12 4.706778232792620429e+02 1.485293472890476187e+04 0.000000000000000000e+00 0.000000000000000000e+00
1.295593220338983219e-03 0.000000000000000000e+00 8.463888691283177650e+02 2.744091779098406586e-12 4.706760157514402181e+02 1.463455754765763595e+04 0.000000000000000000e+00 0.000000000000000000e+00
1.345423728813559521e-03 0.000000000000000000e+00 8.452962670836019470e+02 2.502528197081979845e-12 4.706727699165115268e+02 1.440498518337081077e+04 0.000000000000000000e+00 0.000000000000000000e+00
1.395254237288135607e-03 0.000000000000000000e+00 8.438816664573707840e+02 2.280304729591927763e-12 4.706668802127226172e+02 1.416182764857246184e+04 0.000000000000000000e+00 0.000000000000000000e+00
1.445084745762711910e-03 0.000000000000000000e+00 8.420598767631382771e+02 2.062130825708610543e-12 4.706562503617287803e+02 1.390573237829537902e+04 0.000000000000000000e+00 0.000000000000000000e+00
1.494915254237288212e-03 0.000000000000000000e+00 8.397071159998954499e+02 1.874500665725432187e-12 4.706369035534960403e+02 1.363847033884137272e+04 0.000000000000000000e+00 0.000000000000000000e+00
1.544745762711864515e-03 0.000000000000000000e+00 8.366675046662454633e+02 1.672436823952112691e-12 4.706013900036443260e+02 1.335829798861159907e+04 0.000000000000000000e+00 0.000000000000000000e+00
1.594576271186440818e-03 0.000000000000000000e+00 8.327354222989970367e+02 1.487823146193810419e-12 4.705360932036364261e+02 1.306200207598980705e+04 0.000000000000000000e+00 0.000000000000000000e+00
1.644406779661017120e-03 0.000000000000000000e+00 8.276327314713771557e+02 1.316808905626734246e-12 4.704153784189836074e+02 1.275090897392298939e+04 0.000000000000000000e+00 0.000000000000000000e+00
1.694237288135593423e-03 0.000000000000000000e+00 8.209840274094142387e+02 1.129963867234762613e-12 4.701901490589748391e+02 1.242618287539710582e+04 0.000000000000000000e+00 0.000000000000000000e+00
1.744067796610169726e-03 0.000000000000000000e+00 8.122613642032463304e+02 9.784455955320633078e-13 4.697636989923540796e+02 1.208612489456943877e+04 0.000000000000000000e+00 0.000000000000000000e+00
1.793898305084746028e-03 0.000000000000000000e+00 8.007647104599249133e+02 7.892564198662478885e-13 4.689548564275580134e+02 1.171916503787979127e+04 0.000000000000000000e+00 0.000000000000000000e+00
1.843728813559322114e-03 0.000000000000000000e+00 7.854476017878292851e+02 6.545656709015407279e-13 4.673960127890435956e+02 1.133191808976514949e+04 0.000000000000000000e+00 0.000000000000000000e+00
1.893559322033898417e-03 0.000000000000000000e+00 7.647492582026843593e+02 4.637252474157394035e-13 4.643201981265881955e+02 1.092676783667483505e+04 0.000000000000000000e+00 0.000000000000000000e+00
1.943389830508474719e-03 0.000000000000000000e+00 7.362873399649953399e+02 3.292748037571583089e-13 4.581216543134687527e+02 1.049208841134031718e+04 0.000000000000000000e+00 0.000000000000000000e+00
1.993220338983051239e-03 0.000000000000000000e+00 6.959730589717374869e+02 1.735005127265386991e-13 4.451969504023294348e+02 9.978188269133701397e+03 0.000000000000000000e+00 0.000000000000000000e+00
2.043050847457627325e-03 0.000000000000000000e+00 6.356528024820551082e+02 1.878713284918691232e-15 4.166492868202911950e+02 9.439926439110169667e+03 0.000000000000000000e+00 0.000000000000000000e+00
2.092881355932203410e-03 0.000000000000000000e+00 5.746975832505386279e+02 1.582715481840080761e-16 3.832893426249335107e+02 9.087445958385189442e+03 0.000000000000000000e+00 0.000000000000000000e+00
2.142711864406779930e-03 0.000000000000000000e+00 6.969955853648906441e+02 1.158254317451165761e-16 4.575295206975600877e+02 6.802606013394290130e+03 4.454366029729440015e+02 0.000000000000000000e+00
2.192542372881356016e-03 0.000000000000000000e+00 6.969955853648906441e+02 1.158254317451165761e-16 4.575295206975600877e+02 6.802606013394290130e+03 4.454366029729440015e+02 0.000000000000000000e+00
2.242372881355932535e-03 0.000000000000000000e+00 6.969955853648906441e+02 1.158254321518433734e-16 4.575295206975600877e+02 6.802818686845102093e+03 4.454366029729440015e+02 0.000000000000000000e+00
2.292203389830508621e-03 0.000000000000000000e+00 6.969955856660578775e+02 1.158254345951753033e-16 4.575295206975602582e+02 6.803644684210324158e+03 4.454366029734820813e+02 0.000000000000000000e+00
2.342033898305085141e-03 0.000000000000000000e+00 6.969955878734551789e+02 1.158254433790384873e-16 4.575295206975617361e+02 6.805385471083129232e+03 4.454366029775400193e+02 0.000000000000000000e+00
2.391864406779661226e-03 0.000000000000000000e+00 6.969955958971663676e+02 1.158254698163433726e-16 4.575295206975685574e+02 6.808354271839245484e+03 4.454366029936099380e+02 0.000000000000000000e+00
2.441694915254237312e-03 0.000000000000000000e+00 6.969956162321249167e+02 1.158255430012659241e-16 4.575295206975906126e+02 6.812797661982253885e+03 4.454366030380209622e+02 0.000000000000000000e+00
2.491525423728813832e-03 0.000000000000000000e+00 6.969956599869876754e+02 1.158257370522677977e-16 4.575295206976519466e+02 6.819135799337140270e+03 4.454366031428672272e+02 0.000000000000000000e+00
2.541355932203389918e-03 0.000000000000000000e+00 6.969957453687618454e+02 1.158262362249787500e-16 4.575295206978075839e+02 6.827556470777191862e+03 4.454366033677890755e+02 0.000000000000000000e+00
2.591186440677966437e-03 0.000000000000000000e+00 6.969959027976818788e+02 1.158275089527985921e-16 4.575295206981897422e+02 6.838585571037182490e+03 4.454366038278657243e+02 0.000000000000000000e+00
2.641016949152542523e-03 0.000000000000000000e+00 6.969961772787086147e+02 1.158306977464011212e-16 4.575295206990799670e+02 6.852440768197288889e+03 4.454366047190785025e+02 0.000000000000000000e+00
2.690847457627119042e-03 0.000000000000000000e+00 6.969966366581141983e+02 1.158385684132928282e-16 4.575295207010816512e+02 6.869663520531395989e+03 4.454366063808772651e+02 0.000000000000000000e+00
2.740677966101695128e-03 0.000000000000000000e+00 6.969973907375153885e+02 1.158577728353802251e-16 4.575295207055965534e+02 6.890836664064139768e+03 4.454366094450653577e+02 0.000000000000000000e+00
2.790508474576271214e-03 0.000000000000000000e+00 6.969985945011800368e+02 1.159041877480446212e-16 4.575295207154536570e+02 6.916231136038240948e+03 4.454366149346633961e+02 0.000000000000000000e+00
2.840338983050847733e-03 0.000000000000000000e+00 6.970004908875247338e+02 1.160157880658435218e-16 4.575295207370307367e+02 6.946685801759156675e+03 4.454366247077558683e+02 0.000000000000000000e+00
2.890169491525423819e-03 0.000000000000000000e+00 6.970034249286686645e+02 1.162806197891797827e-16 4.575295207833925701e+02 6.982726540173187459e+03 4.454366418096583971e+02 0.000000000000000000e+00
2.940000000000000339e-03 0.000000000000000000e+00 6.970079286708775044e+02 1.169008702644270407e-16 4.575295208839328325e+02 7.024931643924855052e+03 4.454366716914811946e+02 0.000000000000000000e+00
2.989830508474576425e-03 0.000000000000000000e+00 6.970147678177145281e+02 1.183404879971319354e-16 4.575295210994175932e+02 7.074352833429257771e+03 4.454367234216923634e+02 0.000000000000000000e+00
3.039661016949152944e-03 0.000000000000000000e+00 6.970250774108812948e+02 1.216613407674793916e-16 4.575295215604649570e+02 7.131912407053309835e+03 4.454368125977900945e+02 0.000000000000000000e+00
3.089491525423729030e-03 0.000000000000000000e+00 6.970405540840718004e+02 1.291902073060775008e-16 4.575295225554298213e+02 7.197971466179414165e+03 4.454369665882944673e+02 0.000000000000000000e+00
3.139322033898305549e-03 0.000000000000000000e+00 6.970635692689616008e+02 1.460585946808874055e-16 4.575295246790716988e+02 7.274315013854711651e+03 4.454372300816474421e+02 0.000000000000000000e+00
3.189152542372881635e-03 0.000000000000000000e+00 6.970977878876452678e+02 1.803917212916357279e-16 4.575295292326370600e+02 7.361381696303101307e+03 4.454376824569873179e+02 0.000000000000000000e+00
3.238983050847457721e-03 0.000000000000000000e+00 6.971484899442768892e+02 2.410436787738522413e-16 4.575295390176165142e+02 7.458261880037824994e+03 4.454384593960709253e+02 0.000000000000000000e+00
3.288813559322034241e-03 0.000000000000000000e+00 6.972232883211851231e+02 3.436007662321875328e-16 4.575295602242185851e+02 7.565076974641518063e+03 4.454397955431793434e+02 0.000000000000000000e+00
3.338644067796610326e-03 0.000000000000000000e+00 6.973329898012557351e+02 5.139221881515356807e-16 4.575296057934635314e+02 7.682608777441627353e+03 4.454420829905409391e+02 0.000000000000000000e+00
3.388474576271186846e-03 0.000000000000000000e+00 6.974937984803010522e+02 7.942015640841621519e-16 4.575297045351832139e+02 7.810451645607266073e+03 4.454460181817786975e+02 0.000000000000000000e+00
3.438305084745762932e-03 0.000000000000000000e+00 6.977291057238331859e+02 1.254558048453021256e-15 4.575299200085166831e+02 7.949081252440056232e+03 4.454528087729002550e+02 0.000000000000000000e+00
3.488135593220339451e-03 0.000000000000000000e+00 6.980727041058098621e+02 2.010967141517823739e-15 4.575303899793160554e+02 8.099800354854042780e+03 4.454645301652998910e+02 0.000000000000000000e+00
3.537966101694915537e-03 0.000000000000000000e+00 6.985748311056504463e+02 3.254728951532024407e-15 4.575314188421994004e+02 8.263428342141354733e+03 4.454848511550183616e+02 0.000000000000000000e+00
3.587796610169492056e-03 0.000000000000000000e+00 6.993094601131882655e+02 5.303804363632876365e-15 4.575336888012556642e+02 8.440008434664958259e+03 4.455202654049454054e+02 0.000000000000000000e+00
3.637627118644068142e-03 0.000000000000000000e+00 7.003873331170602796e+02 8.691502663705683213e-15 4.575387510714991777e+02 8.630578847597053027e+03 4.455824383156008821e+02 0.000000000000000000e+00
3.687457627118644228e-03 0.000000000000000000e+00 7.019704386218669470e+02 1.430990829933937805e-14 4.575500375531349277e+02 8.837570766108936368e+03 4.456918443608731764e+02 0.000000000000000000e+00
3.737288135593220748e-03 0.000000000000000000e+00 7.043052422214335593e+02 2.367348129118084394e-14 4.575753979389643291e+02 9.062656311963628468e+03 4.458858111424042932e+02 0.000000000000000000e+00
3.787118644067796833e-03 0.000000000000000000e+00 7.077679941848148246e+02 3.935800931807061117e-14 4.576331793795542353e+02 9.305873571760732375e+03 4.462331655881717438e+02 0.000000000000000000e+00
3.836949152542373353e-03 0.000000000000000000e+00 7.129321741699502581e+02 6.581004215795537782e-14 4.577661751448101768e+02 9.569704038663823667e+03 4.468605903270000681e+02 0.000000000000000000e+00
3.886779661016949439e-03 0.000000000000000000e+00 7.206897355877573546e+02 1.107840932071872334e-13 4.580743066652527204e+02 9.860545943208375320e+03 4.480041250899072907e+02 0.000000000000000000e+00
3.936610169491525958e-03 0.000000000000000000e+00 7.324712928056598003e+02 1.880790475034320652e-13 4.588013309798450905e+02 1.018092855681977017e+04 4.501207744554394594e+02 0.000000000000000000e+00
3.986440677966102478e-03 0.000000000000000000e+00 7.506394390332137618e+02 3.228341082627120286e-13 4.605629379293450825e+02 1.053257829235850477e+04 4.541223738771750504e+02 0.000000000000000000e+00
4.036271186440678130e-03 0.000000000000000000e+00 7.791679038800054968e+02 5.626931213792867575e-13 4.649110046022254323e+02 1.092343103258980227e+04 4.618419778846777035e+02 0.000000000000000000e+00
4.086101694915254649e-03 0.000000000000000000e+00 8.253839803781232831e+02 1.003792112535868776e-12 4.760421299437233529e+02 1.138343929965961979e+04 4.772838943811362356e+02 0.000000000000000000e+00
4.135932203389831169e-03 0.000000000000000000e+00 9.048233341744110021e+02 1.865866223827372776e-12 5.068917931391556522e+02 1.192836612844522278e+04 5.104500743244967111e+02 0.000000000000000000e+00
4.185762711864406821e-03 0.000000000000000000e+00 1.003473057975974484e+03 3.309784227038083439e-12 5.537096905362731150e+02 1.239649888928236214e+04 5.559335780715142619e+02 0.000000000000000000e+00
4.235593220338983340e-03 0.000000000000000000e+00 8.498389483341977666e+02 4.719136616546364484e-12 4.706801091991760018e+02 1.660439465063245370e+04 0.000000000000000000e+00 0.000000000000000000e+00
4.285423728813559860e-03 0.000000000000000000e+00 8.498389483341977666e+02 4.719136616546364484e-12 4.706801091991760018e+02 1.660439465063245370e+04 0.000000000000000000e+00 0.000000000000000000e+00
4.335254237288136379e-03 0.000000000000000000e+00 8.498389483341977666e+02 4.719136324386940342e-12 4.706801091991760018e+02 1.660400547269763410e+04 0.000000000000000000e+00 0.000000000000000000e+00
4.385084745762712032e-03 0.000000000000000000e+00 8.498389393415333188e+02 4.719134777315221824e-12 4.706801091990895429e+02 1.660214144337458856e+04 0.000000000000000000e+00 0.000000000000000000e+00
4.434915254237288551e-03 0.000000000000000000e+00 8.498388462458614185e+02 4.719130341834537178e-12 4.706801091981872105e+02 1.659792891528453038e+04 0.000000000000000000e+00 0.000000000000000000e+00
4.484745762711865071e-03 0.000000000000000000e+00 8.498385380343200950e+02 4.719120101597901551e-12 4.706801091946873044e+02 1.659077394633458607e+04 0.000000000000000000e+00 0.000000000000000000e+00
4.534576271186440723e-03 0.000000000000000000e+00 8.498378237834074298e+02 4.719098416411225226e-12 4.706801091851119168e+02 1.658024452789662973e+04 0.000000000000000000e+00 0.000000000000000000e+00
4.584406779661017242e-03 0.000000000000000000e+00 8.498364218298095238e+02 4.719053534242775393e-12 4.706801091625686695e+02 1.656528770703282134e+04 0.000000000000000000e+00 0.000000000000000000e+00
4.634237288135593762e-03 0.000000000000000000e+00 8.498338691776968972e+02 4.718962709780807182e-12 4.706801091118554723e+02 1.654567628549501023e+04 0.000000000000000000e+00 0.000000000000000000e+00
4.684067796610170281e-03 0.000000000000000000e+00 8.498296795441874565e+02 4.718781911651502631e-12 4.706801090093748599e+02 1.652030547964196012e+04 0.000000000000000000e+00 0.000000000000000000e+00
4.733898305084745933e-03 0.000000000000000000e+00 8.498230348755457726e+02 4.718427201271110957e-12 4.706801088056323579e+02 1.648892448515817159e+04 0.000000000000000000e+00 0.000000000000000000e+00
4.783728813559322453e-03 0.000000000000000000e+00 8.498129839902717322e+02 4.717739037292879204e-12 4.706801084192177314e+02 1.645071642061075545e+04 0.000000000000000000e+00 0.000000000000000000e+00
4.833559322033898972e-03 0.000000000000000000e+00 8.497981091812356453e+02 4.716405968156007569e-12 4.706801076863227991e+02 1.640461108085554224e+04 0.000000000000000000e+00 0.000000000000000000e+00
4.883389830508474624e-03 0.000000000000000000e+00 8.497766635598841276e+02 4.713813695013352381e-12 4.706801063352149299e+02 1.635006424394869100e+04 0.000000000000000000e+00 0.000000000000000000e+00
4.933220338983051144e-03 0.000000000000000000e+00 8.497462816843932387e+02 4.708894991040057355e-12 4.706801038620990312e+02 1.628583319495025717e+04 0.000000000000000000e+00 0.000000000000000000e+00
4.983050847457627663e-03 0.000000000000000000e+00 8.497038493892371207e+02 4.699564493782113620e-12 4.706800993828391029e+02 1.621124248779649497e+04 0.000000000000000000e+00 0.000000000000000000e+00
5.032881355932204183e-03 0.000000000000000000e+00 8.496451463194899816e+02 4.681852871128417021e-12 4.706800912433306507e+02 1.612541437063082594e+04 0.000000000000000000e+00 0.000000000000000000e+00
5.082711864406779835e-03 0.000000000000000000e+00 8.495650781006280567e+02 4.649039012958459589e-12 4.706800767569218920e+02 1.602673555282871712e+04 0.000000000000000000e+00 0.000000000000000000e+00
5.132542372881356355e-03 0.000000000000000000e+00 8.494561453073253006e+02 4.588689998938595916e-12 4.706800506808905311e+02 1.591380386431516490e+04 0.000000000000000000e+00 0.000000000000000000e+00
5.182372881355932874e-03 0.000000000000000000e+00 8.493090541474819020e+02 4.479961613765778944e-12 4.706800037788286204e+02 1.578666574308388226e+04 0.000000000000000000e+00 0.000000000000000000e+00
5.232203389830508526e-03 0.000000000000000000e+00 8.491125144415266277e+02 4.285791741800885862e-12 4.706799203815738792e+02 1.564264315974426427e+04 0.000000000000000000e+00 0.000000000000000000e+00
5.282033898305085046e-03 0.000000000000000000e+00 8.488501435160591200e+02 3.984741082915538928e-12 4.706797717098199882e+02 1.548075319727914939e+04 0.000000000000000000e+00 0.000000000000000000e+00
5.331864406779661565e-03 0.000000000000000000e+00 8.485003536677568263e+02 3.670376841801496048e-12 4.706795046267839666e+02 1.530494373224629999e+04 0.000000000000000000e+00 0.000000000000000000e+00
5.381694915254238085e-03 0.000000000000000000e+00 8.480394951024769625e+02 3.366579146008348162e-12 4.706790260390504272e+02 1.511594973078930889e+04 0.000000000000000000e+00 0.000000000000000000e+00
5.431525423728813737e-03 0.000000000000000000e+00 8.474371106130724911e+02 3.078025495322884728e-12 4.706781721667774718e+02 1.491317584424494999e+04 0.000000000000000000e+00 0.000000000000000000e+00
5.481355932203390256e-03 0.000000000000000000e+00 8.466533518286795470e+02 2.812912874199032713e-12 4.706766442157751271e+02 1.469808701405598549e+04 0.000000000000000000e+00 0.000000000000000000e+00
5.531186440677966776e-03 0.000000000000000000e+00 8.456360815797680743e+02 2.575751883625389161e-12 4.706738885379550084e+02 1.447215735039409446e+04 0.000000000000000000e+00 0.000000000000000000e+00
5.581016949152542428e-03 0.000000000000000000e+00 8.443233673270651707e+02 2.342229592869482974e-12 4.706689261155942177e+02 1.423287720307415111e+04 0.000000000000000000e+00 0.000000000000000000e+00
5.630847457627118947e-03 0.000000000000000000e+00 8.426287030656683328e+02 2.120769441932790360e-12 4.706599621667618294e+02 1.398004058462315697e+04 0.000000000000000000e+00 0.000000000000000000e+00
5.680677966101695467e-03 0.000000000000000000e+00 8.404410327939730223e+02 1.925845633865266025e-12 4.706436493709198885e+02 1.371573406683350186e+04 0.000000000000000000e+00 0.000000000000000000e+00
5.730508474576271986e-03 0.000000000000000000e+00 8.376176557530919808e+02 1.721272743921477170e-12 4.706138012116630875e+02 1.343979993646226649e+04 0.000000000000000000e+00 0.000000000000000000e+00
5.780338983050847639e-03 0.000000000000000000e+00 8.339662864717951152e+02 1.551042060160772811e-12 4.705590768754722149e+02 1.314850530623663690e+04 0.000000000000000000e+00 0.000000000000000000e+00
5.830169491525424158e-03 0.000000000000000000e+00 8.292319081634810800e+02 1.356629557797217296e-12 4.704579932088504961e+02 1.284095614604532966e+04 0.000000000000000000e+00 0.000000000000000000e+00
5.880000000000000678e-03 0.000000000000000000e+00 8.230650004642568547e+02 1.201422562506627955e-12 4.702689501764306783e+02 1.252054056889183448e+04 0.000000000000000000e+00 0.000000000000000000e+00
5.929830508474577197e-03 0.000000000000000000e+00 8.150001084506825464e+02 1.012812871120046578e-12 4.699141562449440244e+02 1.218563556692439306e+04 0.000000000000000000e+00 0.000000000000000000e+00
5.979661016949152849e-03 0.000000000000000000e+00 8.043919344059277137e+02 8.693294071483112316e-13 4.692433774882064199e+02 1.182716081724063770e+04 0.000000000000000000e+00 0.000000000000000000e+00
6.029491525423729369e-03 0.000000000000000000e+00 7.902883544882885190e+02 6.790932045270961986e-13 4.679508722136886263e+02 1.144421245759743761e+04 0.000000000000000000e+00 0.000000000000000000e+00
6.079322033898305888e-03 0.000000000000000000e+00 7.713271717369674434e+02 5.614453437681456020e-13 4.654183893001345496e+02 1.104472445590451571e+04 0.000000000000000000e+00 0.000000000000000000e+00
6.129152542372881540e-03 0.000000000000000000e+00 7.454119434088696607e+02 3.430892098668819144e-13 4.603730254914182751e+02 1.062254229774508713e+04 0.000000000000000000e+00 0.000000000000000000e+00
6.178983050847458060e-03 0.000000000000000000e+00 7.090919579378107755e+02 2.899278829141333525e-13 4.499890983465264185e+02 1.013564810614182534e+04 0.000000000000000000e+00 0.000000000000000000e+00
6.228813559322034579e-03 0.000000000000000000e+00 6.554194803506121616e+02 6.417425742160064267e-15 4.269776307491096077e+02 9.586883937685755882e+03 0.000000000000000000e+00 0.000000000000000000e+00
6.278644067796611099e-03 0.000000000000000000e+00 5.885658487623710471e+02 2.133546563092314540e-16 3.916331767397941235e+02 9.149817686276177483e+03 0.000000000000000000e+00 0.000000000000000000e+00
6.328474576271186751e-03 0.000000000000000000e+00 6.969955853648906441e+02 1.158254317451165761e-16 4.575295206975600877e+02 6.802606013394290130e+03 4.454366029729440015e+02 0.000000000000000000e+00
6.378305084745763270e-03 0.000000000000000000e+00 6.969955853648906441e+02 1.158254317451165761e-16 4.575295206975600877e+02 6.802606013394290130e+03 4.454366029729440015e+02 0.000000000000000000e+00
6.428135593220339790e-03 0.000000000000000000e+00 6.969955853648906441e+02 1.158254319419876125e-16 4.575295206975600877e+02 6.802712716479131814e+03 4.454366029729440015e+02 0.000000000000000000e+00
6.477966101694915442e-03 0.000000000000000000e+00 6.969955853974801130e+02 1.158254335308481883e-16 4.575295206975600877e+02 6.803320286895945173e+03 4.454366029730020387e+02 0.000000000000000000e+00
6.527796610169491962e-03 0.000000000000000000e+00 6.969955869575463794e+02 1.158254397322263508e-16 4.575295206975611109e+02 6.804768164893154790e+03 4.454366029758266450e+02 0.000000000000000000e+00
6.577627118644068481e-03 0.000000000000000000e+00 6.969955928848503390e+02 1.158254590472541831e-16 4.575295206975658289e+02 6.807348344510123752e+03 4.454366029874424839e+02 0.000000000000000000e+00
6.627457627118645000e-03 0.000000000000000000e+00 6.969956087047174833e+02 1.158255144056133693e-16 4.575295206975819156e+02 6.811337850979834911e+03 4.454366030211442080e+02 0.000000000000000000e+00
6.677288135593220653e-03 0.000000000000000000e+00 6.969956437900036690e+02 1.158256632207093309e-16 4.575295206976269924e+02 6.817088305433454479e+03 4.454366031026897872e+02 0.000000000000000000e+00
6.727118644067797172e-03 0.000000000000000000e+00 6.969957155480416304e+02 1.158260503191093448e-16 4.575295206977489215e+02 6.824870567385921277e+03 4.454366032869299374e+02 0.000000000000000000e+00
6.776949152542373692e-03 0.000000000000000000e+00 6.969958486510066678e+02 1.158270388227586543e-16 4.575295206980471221e+02 6.835136029992601834e+03 4.454366036647484748e+02 0.000000000000000000e+00
6.826779661016949344e-03 0.000000000000000000e+00 6.969960825196251335e+02 1.158295171985118463e-16 4.575295206987415213e+02 6.848212766725409892e+03 4.454366044001549767e+02 0.000000000000000000e+00
6.876610169491525863e-03 0.000000000000000000e+00 6.969964811659963289e+02 1.158356433359364218e-16 4.575295207003410383e+02 6.864456214518640081e+03 4.454366057992256742e+02 0.000000000000000000e+00
6.926440677966102383e-03 0.000000000000000000e+00 6.969971379123891211e+02 1.158505991678549029e-16 4.575295207039300749e+02 6.884399015629616770e+03 4.454366083794350857e+02 0.000000000000000000e+00
6.976271186440678902e-03 0.000000000000000000e+00 6.969981940025143103e+02 1.158867304295963609e-16 4.575295207118306280e+02 6.908503435146957599e+03 4.454366130384038343e+02 0.000000000000000000e+00
7.026101694915254554e-03 0.000000000000000000e+00 6.969998595576665821e+02 1.159731204934602241e-16 4.575295207289941573e+02 6.937480379624677880e+03 4.454366213148480824e+02 0.000000000000000000e+00
7.075932203389831074e-03 0.000000000000000000e+00 6.970024557174020856e+02 1.161772491401007637e-16 4.575295207664649979e+02 6.971817625397984557e+03 4.454366359359513581e+02 0.000000000000000000e+00
7.125762711864407593e-03 0.000000000000000000e+00 6.970064411186417601e+02 1.166580342851618728e-16 4.575295208470300850e+02 7.012102894826034571e+03 4.454366614058395726e+02 0.000000000000000000e+00
7.175593220338984113e-03 0.000000000000000000e+00 6.970125099956012491e+02 1.177852461082882924e-16 4.575295210197600113e+02 7.059397895083980984e+03 4.454367055721357360e+02 0.000000000000000000e+00
7.225423728813559765e-03 0.000000000000000000e+00 6.970216963157173495e+02 1.203895087724208169e-16 4.575295213925494409e+02 7.114447229215012158e+03 4.454367821290330767e+02 0.000000000000000000e+00
7.275254237288136284e-03 0.000000000000000000e+00 6.970354617397769061e+02 1.263329412302277307e-16 4.575295221887794241e+02 7.178132271079766724e+03 4.454369135542814320e+02 0.000000000000000000e+00
7.325084745762712804e-03 0.000000000000000000e+00 6.970560371309683205e+02 1.397080604387220445e-16 4.575295238959591302e+02 7.251412859068249418e+03 4.454371396176117059e+02 0.000000000000000000e+00
7.374915254237288456e-03 0.000000000000000000e+00 6.970866360218315094e+02 1.685188561343784161e-16 4.575295275630034553e+02 7.335509471559462327e+03 4.454375279488663750e+02 0.000000000000000000e+00
7.424745762711864976e-03 0.000000000000000000e+00 6.971319647693047727e+02 2.204797713221224484e-16 4.575295354599247162e+02 7.429662466180635420e+03 4.454381944873646262e+02 0.000000000000000000e+00
7.474576271186441495e-03 0.000000000000000000e+00 6.971989071205698565e+02 3.089693862827035418e-16 4.575295524318184448e+02 7.533574580186021194e+03 4.454393379202423375e+02 0.000000000000000000e+00
7.524406779661018015e-03 0.000000000000000000e+00 6.972972867672077655e+02 4.562784975244210286e-16 4.575295889884220060e+02 7.647783315851398584e+03 4.454412990186921775e+02 0.000000000000000000e+00
7.574237288135593667e-03 0.000000000000000000e+00 6.974414500801689201e+02 6.994359927423337448e-16 4.575296681126407066e+02 7.772886591372475777e+03 4.454446678569784126e+02 0.000000000000000000e+00
7.624067796610170186e-03 0.000000000000000000e+00 6.976524790366401021e+02 1.098889204059992694e-15 4.575298405091688210e+02 7.908326582434254306e+03 4.454504749358437721e+02 0.000000000000000000e+00
7.673898305084746706e-03 0.000000000000000000e+00 6.979608084809808588e+02 1.755399800126473063e-15 4.575302160104012046e+02 8.055502855505984371e+03 4.454604962869670999e+02 0.000000000000000000e+00
7.723728813559322358e-03 0.000000000000000000e+00 6.984112082977433147e+02 2.834084128918393346e-15 4.575310363843171331e+02 8.215333056780957122e+03 4.454778392160681619e+02 0.000000000000000000e+00
7.773559322033898877e-03 0.000000000000000000e+00 6.990705276947503535e+02 4.610395229388043721e-15 4.575328528925664386e+02 8.388173702553453040e+03 4.455080952954071449e+02 0.000000000000000000e+00
7.823389830508474529e-03 0.000000000000000000e+00 7.000362270654987924e+02 7.543918936150131508e-15 4.575368749530487094e+02 8.574632057250191792e+03 4.455609891166281500e+02 0.000000000000000000e+00
7.873220338983051916e-03 0.000000000000000000e+00 7.014532592052370319e+02 1.240394922009797660e-14 4.575458191249053925e+02 8.776644948060116803e+03 4.456538918624400480e+02 0.000000000000000000e+00
7.923050847457627568e-03 0.000000000000000000e+00 7.035426846313380338e+02 2.049233923184899820e-14 4.575659398848772526e+02 8.996598895170060132e+03 4.458185705270873314e+02 0.000000000000000000e+00
7.972881355932204955e-03 0.000000000000000000e+00 7.066354483808639770e+02 3.401856944041204592e-14 4.576116771042664482e+02 9.234355688004086915e+03 4.461126305373005039e+02 0.000000000000000000e+00
8.022711864406780607e-03 0.000000000000000000e+00 7.112360981963428230e+02 5.678472903071836299e-14 4.577160967149864632e+02 9.491893325018738324e+03 4.466412189567560063e+02 0.000000000000000000e+00
8.072542372881356260e-03 0.000000000000000000e+00 7.181362963089835603e+02 9.539256293554186970e-14 4.579577064054018365e+02 9.774242509643288940e+03 4.476029529462771848e+02 0.000000000000000000e+00
8.122372881355933646e-03 0.000000000000000000e+00 7.285900858507662861e+02 1.615240298547684822e-13 4.585280256770500955e+02 1.008653645289384804e+04 4.493794118819572532e+02 0.000000000000000000e+00
8.172203389830509299e-03 0.000000000000000000e+00 7.446091435422683844e+02 2.762880712317663770e-13 4.598928779549439696e+02 1.042849794176183241e+04 4.527063877247817345e+02 0.000000000000000000e+00
8.222033898305084951e-03 0.000000000000000000e+00 7.696057081257064283e+02 4.791784918485312117e-13 4.632276299912733748e+02 1.080642497230603294e+04 4.590735570679153739e+02 0.000000000000000000e+00
8.271864406779662338e-03 0.000000000000000000e+00 8.097170441647916732e+02 8.481603518470579500e-13 4.716940957564573296e+02 1.124233670491200064e+04 4.716858195169587020e+02 0.000000000000000000e+00
8.321694915254237990e-03 0.000000000000000000e+00 8.773040459916052214e+02 1.553409541684622181e-12 4.947199784347326954e+02 1.176754822883279849e+04 4.982020867047972956e+02 0.000000000000000000e+00
8.371525423728813642e-03 0.000000000000000000e+00 9.785627069479772899e+02 2.937002161833856814e-12 5.420995727380170592e+02 1.229497219175823557e+04 5.444859340307752973e+02 0.000000000000000000e+00
8.421355932203391029e-03 0.000000000000000000e+00 8.498389483341977666e+02 4.719136616546364484e-12 4.706801091991760018e+02 1.660439465063245370e+04 0.000000000000000000e+00 0.000000000000000000e+00
8.471186440677966681e-03 0.000000000000000000e+00 8.498389483341977666e+02 4.719136616546364484e-12 4.706801091991760018e+02 1.660439465063245370e+04 0.000000000000000000e+00 0.000000000000000000e+00
8.521016949152542333e-03 0.000000000000000000e+00 8.498389483341977666e+02 4.719136467595696319e-12 4.706801091991760018e+02 1.660420537554336624e+04 0.000000000000000000e+00 0.000000000000000000e+00
8.570847457627119720e-03 0.000000000000000000e+00 8.498389483341977666e+02 4.719135328942453620e-12 4.706801091991760018e+02 1.660278909258416752e+04 0.000000000000000000e+00 0.000000000000000000e+00
8.620677966101695372e-03 0.000000000000000000e+00 8.498388879349980698e+02 4.719131897941376660e-12 4.706801091986067718e+02 1.659930959327395976e+04 0.000000000000000000e+00 0.000000000000000000e+00
8.670508474576272759e-03 0.000000000000000000e+00 8.498386611636866519e+02 4.719123829905274713e-12 4.706801091961538646e+02 1.659313343263826391e+04 0.000000000000000000e+00 0.000000000000000000e+00
8.720338983050848411e-03 0.000000000000000000e+00 8.498380912565831977e+02 4.719106536527584661e-12 4.706801091888905262e+02 1.658363329060255273e+04 0.000000000000000000e+00 0.000000000000000000e+00
8.770169491525424063e-03 0.000000000000000000e+00 8.498368982738626300e+02 4.719070561472629892e-12 4.706801091706275884e+02 1.657006533733393371e+04 0.000000000000000000e+00 0.000000000000000000e+00
8.820000000000001450e-03 0.000000000000000000e+00 8.498347361601255443e+02 4.718996948895400703e-12 4.706801091303332782e+02 1.655190563299437417e+04 0.000000000000000000e+00 0.000000000000000000e+00
8.869830508474577102e-03 0.000000000000000000e+00 8.498310747873173341e+02 4.718847765573448689e-12 4.706801090459155148e+02 1.652831177253787610e+04 0.000000000000000000e+00 0.000000000000000000e+00
8.919661016949152754e-03 0.000000000000000000e+00 8.498252579306573580e+02 4.718549968270331478e-12 4.706801088797825514e+02 1.649862400425419401e+04 0.000000000000000000e+00 0.000000000000000000e+00
8.969491525423730141e-03 0.000000000000000000e+00 8.498163031767248867e+02 4.717963188273384837e-12 4.706801085563508309e+02 1.646229397705736847e+04 0.000000000000000000e+00 0.000000000000000000e+00
9.019322033898305793e-03 0.000000000000000000e+00 8.498029415795417663e+02 4.716823975439969171e-12 4.706801079431459129e+02 1.641837451628573035e+04 0.000000000000000000e+00 0.000000000000000000e+00
9.069152542372881445e-03 0.000000000000000000e+00 8.497835953855011439e+02 4.714638650477088354e-12 4.706801068094156335e+02 1.636642350150936181e+04 0.000000000000000000e+00 0.000000000000000000e+00
9.118983050847458832e-03 0.000000000000000000e+00 8.497560249068849316e+02 4.710471233092955502e-12 4.706801047276411509e+02 1.630513043711441424e+04 0.000000000000000000e+00 0.000000000000000000e+00
9.168813559322034484e-03 0.000000000000000000e+00 8.497173508372151218e+02 4.702611080120371288e-12 4.706801009255323720e+02 1.623337777930524499e+04 0.000000000000000000e+00 0.000000000000000000e+00
9.218644067796610136e-03 0.000000000000000000e+00 8.496638642661066569e+02 4.688012613437264930e-12 4.706800940959594755e+02 1.615104156754917130e+04 0.000000000000000000e+00 0.000000000000000000e+00
9.268474576271187523e-03 0.000000000000000000e+00 8.495904527081650031e+02 4.661250875232671058e-12 4.706800817658295841e+02 1.605621998414453446e+04 0.000000000000000000e+00 0.000000000000000000e+00
9.318305084745763175e-03 0.000000000000000000e+00 8.494907496880731514e+02 4.612295113083336464e-12 4.706800597056098354e+02 1.594800523772122506e+04 0.000000000000000000e+00 0.000000000000000000e+00
9.368135593220340562e-03 0.000000000000000000e+00 8.493559757127384273e+02 4.521600504246784771e-12 4.706800201998256625e+02 1.582477593157563570e+04 0.000000000000000000e+00 0.000000000000000000e+00
9.417966101694916214e-03 0.000000000000000000e+00 8.491745625786880964e+02 4.356128993535499267e-12 4.706799493607632598e+02 1.568566394534747451e+04 0.000000000000000000e+00 0.000000000000000000e+00
9.467796610169491867e-03 0.000000000000000000e+00 8.489324985958779735e+02 4.073498972367002295e-12 4.706798233133755502e+02 1.552871665823458170e+04 0.000000000000000000e+00 0.000000000000000000e+00
9.517627118644069253e-03 0.000000000000000000e+00 8.486103281770405147e+02 3.757216624503538242e-12 4.706795968801359322e+02 1.535651942105105809e+04 0.000000000000000000e+00 0.000000000000000000e+00
9.567457627118644906e-03 0.000000000000000000e+00 8.481847752711412340e+02 3.447004333461557871e-12 4.706791932391895443e+02 1.517127834151069146e+04 0.000000000000000000e+00 0.000000000000000000e+00
9.617288135593220558e-03 0.000000000000000000e+00 8.476263247970008479e+02 3.159725201380096693e-12 4.706784715559517167e+02 1.497248423390363678e+04 0.000000000000000000e+00 0.000000000000000000e+00
9.667118644067797945e-03 0.000000000000000000e+00 8.468984406012641557e+02 2.890051300849490389e-12 4.706771756752211218e+02 1.476079919878772307e+04 0.000000000000000000e+00 0.000000000000000000e+00
9.716949152542373597e-03 0.000000000000000000e+00 8.459544396373645441e+02 2.640887780002511268e-12 4.706748442518679099e+02 1.453771022235796954e+04 0.000000000000000000e+00 0.000000000000000000e+00
9.766779661016949249e-03 0.000000000000000000e+00 8.447344064643021966e+02 2.401667348580258669e-12 4.706706694719312054e+02 1.430236439725739911e+04 0.000000000000000000e+00 0.000000000000000000e+00
9.816610169491526636e-03 0.000000000000000000e+00 8.431575126560891249e+02 2.187309450871398811e-12 4.706630951105465783e+02 1.405368019571699551e+04 0.000000000000000000e+00 0.000000000000000000e+00
9.866440677966102288e-03 0.000000000000000000e+00 8.411240004090674347e+02 1.983918710786582962e-12 4.706493218460084336e+02 1.379255012224695747e+04 0.000000000000000000e+00 0.000000000000000000e+00
9.916271186440679675e-03 0.000000000000000000e+00 8.384993169667926622e+02 1.776612187682883141e-12 4.706242418542544215e+02 1.352023781592746491e+04 0.000000000000000000e+00 0.000000000000000000e+00
9.966101694915255327e-03 0.000000000000000000e+00 8.351078926224437282e+02 1.601736051591578237e-12 4.705783298816213573e+02 1.323351587629131245e+04 0.000000000000000000e+00 0.000000000000000000e+00
1.001593220338983098e-02 0.000000000000000000e+00 8.307126324020190395e+02 1.402083462926772688e-12 4.704934123322141772e+02 1.293006138015058968e+04 0.000000000000000000e+00 0.000000000000000000e+00
1.006576271186440837e-02 0.000000000000000000e+00 8.249966394968620307e+02 1.250944862273939474e-12 4.703352810913829671e+02 1.261347850063157057e+04 0.000000000000000000e+00 0.000000000000000000e+00
1.011559322033898402e-02 0.000000000000000000e+00 8.175357298024282500e+02 1.051385496023636423e-12 4.700401269689559172e+02 1.228328300089373261e+04 0.000000000000000000e+00 0.000000000000000000e+00
1.016542372881355967e-02 0.000000000000000000e+00 8.077329469923870420e+02 9.225564381509814710e-13 4.694814641704103337e+02 1.193252390840430780e+04 0.000000000000000000e+00 0.000000000000000000e+00
1.021525423728813706e-02 0.000000000000000000e+00 7.947373649358000876e+02 7.104920885039647485e-13 4.684076346311506995e+02 1.155495373472807296e+04 0.000000000000000000e+00 0.000000000000000000e+00
1.026508474576271271e-02 0.000000000000000000e+00 7.773460216683439512e+02 6.140464329230113141e-13 4.663258663511936106e+02 1.116094181715987179e+04 0.000000000000000000e+00 0.000000000000000000e+00
1.031491525423728836e-02 0.000000000000000000e+00 7.537131307387534207e+02 3.695730509318449640e-13 4.622093700928625708e+02 1.074755089497158406e+04 0.000000000000000000e+00 0.000000000000000000e+00
1.036474576271186575e-02 0.000000000000000000e+00 7.207950445965983590e+02 3.155167619668046497e-13 4.537544983371401486e+02 1.028398999291166911e+04 0.000000000000000000e+00 0.000000000000000000e+00
1.041457627118644140e-02 0.000000000000000000e+00 6.731382009477181327e+02 2.351777090387696517e-14 4.355260781461153670e+02 9.739689855518874538e+03 0.000000000000000000e+00 0.000000000000000000e+00
1.046440677966101705e-02 0.000000000000000000e+00 6.058103381442465434e+02 4.070891688066751952e-16 4.006843339345351751e+02 9.246342669979921993e+03 0.000000000000000000e+00 0.000000000000000000e+00
1.051423728813559444e-02 0.000000000000000000e+00 6.969955853648906441e+02 1.158254317451165761e-16 4.575295206975600877e+02 6.802606013394290130e+03 4.454366029729440015e+02 0.000000000000000000e+00
1.056406779661017009e-02 0.000000000000000000e+00 6.969955853648906441e+02 1.158254317451165761e-16 4.575295206975600877e+02 6.802606013394290130e+03 4.454366029729440015e+02 0.000000000000000000e+00
1.061389830508474748e-02 0.000000000000000000e+00 6.969955853648906441e+02 1.158254318024085608e-16 4.575295206975600877e+02 6.802638631874764542e+03 4.454366029729440015e+02 0.000000000000000000e+00
1.066372881355932313e-02 0.000000000000000000e+00 6.969955853648906441e+02 1.158254328203860054e-16 4.575295206975600877e+02 6.803090171912124788e+03 4.454366029729440015e+02 0.000000000000000000e+00
1.071355932203389878e-02 0.000000000000000000e+00 6.969955862659420518e+02 1.158254372785742714e-16 4.575295206975606561e+02 6.804291303854824946e+03 4.454366029745593778e+02 0.000000000000000000e+00
1.076338983050847617e-02 0.000000000000000000e+00 6.969955904178549417e+02 1.158254517293088600e-16 4.575295206975637825e+02 6.806513429621212708e+03 4.454366029825065425e+02 0.000000000000000000e+00
1.081322033898305182e-02 0.000000000000000000e+00 6.969956021740910046e+02 1.158254933465945768e-16 4.575295206975746396e+02 6.810082263012837757e+03 4.454366030067850488e+02 0.000000000000000000e+00
1.086305084745762747e-02 0.000000000000000000e+00 6.969956312269729324e+02 1.158256057542137676e-16 4.575295206976097688e+02 6.815284452464696187e+03 4.454366030727779844e+02 0.000000000000000000e+00
1.091288135593220486e-02 0.000000000000000000e+00 6.969956905989093912e+02 1.158258985048724680e-16 4.575295206977031626e+02 6.822428246280846906e+03 4.454366032210472213e+02 0.000000000000000000e+00
1.096271186440678051e-02 0.000000000000000000e+00 6.969958022048706425e+02 1.158266486032107227e-16 4.575295206979328100e+02 6.831891297518495776e+03 4.454366035282583312e+02 0.000000000000000000e+00
1.101254237288135616e-02 0.000000000000000000e+00 6.969960019041371879e+02 1.158285356617862535e-16 4.575295206984777678e+02 6.844087421046309828e+03 4.454366041374058227e+02 0.000000000000000000e+00
1.106237288135593355e-02 0.000000000000000000e+00 6.969963465634716613e+02 1.158332663790460374e-16 4.575295206997530499e+02 6.859373385823650096e+03 4.454366053113620865e+02 0.000000000000000000e+00
1.111220338983050920e-02 0.000000000000000000e+00 6.969969158095138937e+02 1.158449570445674954e-16 4.575295207025949935e+02 6.878325468417102456e+03 4.454366074749521545e+02 0.000000000000000000e+00
1.116203389830508486e-02 0.000000000000000000e+00 6.969978403296887564e+02 1.158734174414515802e-16 4.575295207089060341e+02 6.901209003105442207e+03 4.454366114185380638e+02 0.000000000000000000e+00
1.121186440677966224e-02 0.000000000000000000e+00 6.969993046630377194e+02 1.159418640718915135e-16 4.575295207226835146e+02 6.928671965193040705e+03 4.454366184504305579e+02 0.000000000000000000e+00
1.126169491525423789e-02 0.000000000000000000e+00 6.970015953372812874e+02 1.161048277890754378e-16 4.575295207527564685e+02 6.961507413612372147e+03 4.454366308999225339e+02 0.000000000000000000e+00
1.131152542372881528e-02 0.000000000000000000e+00 6.970051268058170990e+02 1.164883355528119297e-16 4.575295208173101855e+02 7.000074190204415572e+03 4.454366526389905516e+02 0.000000000000000000e+00
1.136135593220339093e-02 0.000000000000000000e+00 6.970105218922590211e+02 1.173798821996778113e-16 4.575295209565425694e+02 7.045268835811316421e+03 4.454366904788926718e+02 0.000000000000000000e+00
1.141118644067796659e-02 0.000000000000000000e+00 6.970186759154127003e+02 1.194277957769456323e-16 4.575295212556299589e+02 7.097968191381007273e+03 4.454367558187282157e+02 0.000000000000000000e+00
1.146101694915254397e-02 0.000000000000000000e+00 6.970309499112032654e+02 1.240876554539563573e-16 4.575295218981296443e+02 7.158917675038722336e+03 4.454368685898299418e+02 0.000000000000000000e+00
1.151084745762711962e-02 0.000000000000000000e+00 6.970492860498549135e+02 1.346031337858808806e-16 4.575295232681197035e+02 7.229226581372892724e+03 4.454370619906991351e+02 0.000000000000000000e+00
1.156067796610169528e-02 0.000000000000000000e+00 6.970766130166169887e+02 1.582134155156004122e-16 4.575295262163464258e+02 7.310395926042438077e+03 4.454373946526134773e+02 0.000000000000000000e+00
1.161050847457627266e-02 0.000000000000000000e+00 6.971171686047313187e+02 2.025870928055658981e-16 4.575295325587217121e+02 7.401748016869720232e+03 4.454379660950068569e+02 0.000000000000000000e+00
1.166033898305084832e-02 0.000000000000000000e+00 6.971770514073451750e+02 2.788326331175950179e-16 4.575295461763274147e+02 7.502782990310013702e+03 4.454389455784589131e+02 0.000000000000000000e+00
1.171016949152542397e-02 0.000000000000000000e+00 6.972652257320135050e+02 4.063597678228810178e-16 4.575295755362112118e+02 7.614231099788071333e+03 4.454406268668358280e+02 0.000000000000000000e+00
1.176000000000000136e-02 0.000000000000000000e+00 6.973946152420331828e+02 6.169837102403471249e-16 4.575296392088993116e+02 7.735939314205984374e+03 4.454435176475768117e+02 0.000000000000000000e+00
1.180983050847457701e-02 0.000000000000000000e+00 6.975837960011446057e+02 9.640413067297455068e-16 4.575297770962121149e+02 7.868537918430439277e+03 4.454484835784125494e+02 0.000000000000000000e+00
1.185966101694915439e-02 0.000000000000000000e+00 6.978605967487790167e+02 1.533691371064823017e-15 4.575300772939498302e+02 8.012157268314413159e+03 4.454570563364879945e+02 0.000000000000000000e+00
1.190949152542373005e-02 0.000000000000000000e+00 6.982647813787506266e+02 2.469088369455677250e-15 4.575307343140798366e+02 8.168239616166503765e+03 4.454718883085093921e+02 0.000000000000000000e+00
1.195932203389830570e-02 0.000000000000000000e+00 6.988559961480652873e+02 4.009510522670010027e-15 4.575321815607765643e+02 8.337499340254616982e+03 4.454976818304406265e+02 0.000000000000000000e+00
1.200915254237288309e-02 0.000000000000000000e+00 6.997210425720602416e+02 6.550271490090352545e-15 4.575353753124975924e+02 8.519908047629973225e+03 4.455426763684232014e+02 0.000000000000000000e+00
1.205898305084745874e-02 0.000000000000000000e+00 7.009914615676926815e+02 1.075593858286001251e-14 4.575424882693784525e+02 8.717141302133008139e+03 4.456217767347786776e+02 0.000000000000000000e+00
1.210881355932203439e-02 0.000000000000000000e+00 7.028610476163973999e+02 1.774551050483495749e-14 4.575584771879330788e+02 8.931968156178660138e+03 4.457616245632483469e+02 0.000000000000000000e+00
1.215864406779661178e-02 0.000000000000000000e+00 7.056237268027720120e+02 2.941680431755682548e-14 4.575945759970531412e+02 9.164462995534169750e+03 4.460104179444412011e+02 0.000000000000000000e+00
1.220847457627118743e-02 0.000000000000000000e+00 7.097274986860938952e+02 4.902239994751400346e-14 4.576768065140595354e+02 9.416152123654779643e+03 4.464567470101109734e+02 0.000000000000000000e+00
1.225830508474576308e-02 0.000000000000000000e+00 7.158702007553306430e+02 8.219248025494709301e-14 4.578669670558470557e+02 9.690645505130014499e+03 4.472670643667694890e+02 0.000000000000000000e+00
1.230813559322034047e-02 0.000000000000000000e+00 7.251428598577787170e+02 1.388319109193240062e-13 4.583133210572415237e+02 9.994483197736542934e+03 4.487562390236225269e+02 0.000000000000000000e+00
1.235796610169491612e-02 0.000000000000000000e+00 7.392944386446677072e+02 2.367165269490796476e-13 4.593716629406584957e+02 1.032733196953452352e+04 4.515280053941798428e+02 0.000000000000000000e+00
1.240779661016949177e-02 0.000000000000000000e+00 7.612523860586555884e+02 4.087222724521923315e-13 4.619416711942365055e+02 1.069415969564029911e+04 4.567986149965786353e+02 0.000000000000000000e+00
1.245762711864406916e-02 0.000000000000000000e+00 7.962134887517134985e+02 7.185723528622910745e-13 4.684420237246221745e+02 1.110958169792188710e+04 4.671630400050061667e+02 0.000000000000000000e+00
1.250745762711864481e-02 0.000000000000000000e+00 8.540135893466214156e+02 1.300386105694115291e-12 4.855983746557822087e+02 1.161063497770675167e+04 4.884258407352151039e+02 0.000000000000000000e+00
1.255728813559322220e-02 0.000000000000000000e+00 9.506767572887840743e+02 2.490290114498089049e-12 5.289000136073074145e+02 1.216316626711038407e+04 5.316868105063895200e+02 0.000000000000000000e+00
1.260711864406779785e-02 0.000000000000000000e+00 8.498389483341977666e+02 4.719136616546364484e-12 4.706801091991760018e+02 1.660439465063245370e+04 0.000000000000000000e+00 0.000000000000000000e+00
1.265694915254237350e-02 0.000000000000000000e+00 8.498389483341977666e+02 4.719136616546364484e-12 4.706801091991760018e+02 1.660439465063245370e+04 0.000000000000000000e+00 0.000000000000000000e+00
1.270677966101695089e-02 0.000000000000000000e+00 8.498389483341977666e+02 4.719136616546364484e-12 4.706801091991760018e+02 1.660439465063245370e+04 0.000000000000000000e+00 0.000000000000000000e+00
1.275661016949152654e-02 0.000000000000000000e+00 8.498389483341977666e+02 4.719136616546364484e-12 4.706801091991760018e+02 1.660439465063245370e+04 0.000000000000000000e+00 0.000000000000000000e+00
1.280644067796610219e-02 0.000000000000000000e+00 8.498389483341977666e+02 4.719136616546364484e-12 4.706801091991760018e+02 1.660439465063245370e+04 0.000000000000000000e+00 0.000000000000000000e+00
1.285627118644067958e-02 0.000000000000000000e+00 8.498389483341977666e+02 4.719136616546364484e-12 4.706801091991760018e+02 1.660439465063245370e+04 0.000000000000000000e+00 0.000000000000000000e+00
1.290610169491525523e-02 0.000000000000000000e+00 8.498389483341977666e+02 4.719136616546364484e-12 4.706801091991760018e+02 1.660439465063245370e+04 0.000000000000000000e+00 0.000000000000000000e+00
1.295593220338983088e-02 0.000000000000000000e+00 8.498389483341977666e+02 4.719136616546364484e-12 4.706801091991760018e+02 1.660439465063245370e+04 0.000000000000000000e+00 0.000000000000000000e+00
1.300576271186440827e-02 0.000000000000000000e+00 8.498389483341977666e+02 4.719136616546364484e-12 4.706801091991760018e+02 1.660439465063245370e+04 0.000000000000000000e+00 0.000000000000000000e+00
1.305559322033898392e-02 0.000000000000000000e+00 8.498389483341977666e+02 4.719136616546364484e-12 4.706801091991760018e+02 1.660439465063245370e+04 0.000000000000000000e+00 0.000000000000000000e+00
1.310542372881356131e-02 0.000000000000000000e+00 8.498389483341977666e+02 4.719136616546364484e-12 4.706801091991760018e+02 1.660439465063245370e+04 0.000000000000000000e+00 0.000000000000000000e+00
1.315525423728813696e-02 0.000000000000000000e+00 8.498389483341977666e+02 4.719136616546364484e-12 4.706801091991760018e+02 1.660439465063245370e+04 0.000000000000000000e+00 0.000000000000000000e+00
1.320508474576271261e-02 0.000000000000000000e+00 8.498389483341977666e+02 4.719136616546364484e-12 4.706801091991760018e+02 1.660439465063245370e+04 0.000000000000000000e+00 0.000000000000000000e+00
1.325491525423729000e-02 0.000000000000000000e+00 8.498389483341977666e+02 4.719136616546364484e-12 4.706801091991760018e+02 1.660439465063245370e+04 0.000000000000000000e+00 0.000000000000000000e+00
1.330474576271186565e-02 0.000000000000000000e+00 8.498389483341977666e+02 4.719136616546364484e-12 4.706801091991760018e+02 1.660439465063245370e+04 0.000000000000000000e+00 0.000000000000000000e+00
1.335457627118644131e-02 0.000000000000000000e+00 8.498389483341977666e+02 4.719136616546364484e-12 4.706801091991760018e+02 1.660439465063245370e+04 0.000000000000000000e+00 0.000000000000000000e+00
1.340440677966101869e-02 0.000000000000000000e+00 8.498389483341977666e+02 4.719136616546364484e-12 4.706801091991760018e+02 1.660439465063245370e+04 0.000000000000000000e+00 0.000000000000000000e+00
1.345423728813559434e-02 0.000000000000000000e+00 8.498389483341977666e+02 4.719136616546364484e-12 4.706801091991760018e+02 1.660439465063245370e+04 0.000000000000000000e+00 0.000000000000000000e+00
1.350406779661017000e-02 0.000000000000000000e+00 8.498389483341977666e+02 4.719136616546365292e-12 4.706801091991760018e+02 1.660439465063245370e+04 0.000000000000000000e+00 0.000000000000000000e+00
1.355389830508474738e-02 0.000000000000000000e+00 8.498389483341977666e+02 4.719136616546363677e-12 4.706801091991760018e+02 1.660439465063245370e+04 0.000000000000000000e+00 0.000000000000000000e+00
1.360372881355932304e-02 0.000000000000000000e+00 8.498389483341977666e+02 4.719136616546362869e-12 4.706801091991760018e+02 1.660439465063245370e+04 0.000000000000000000e+00 0.000000000000000000e+00
1.365355932203389869e-02 0.000000000000000000e+00 8.498389483341977666e+02 4.719136616546362061e-12 4.706801091991760018e+02 1.660439465063245370e+04 0.000000000000000000e+00 0.000000000000000000e+00
1.370338983050847607e-02 0.000000000000000000e+00 8.498389483341977666e+02 4.719136616546361253e-12 4.706801091991760018e+02 1.660439465063245370e+04 0.000000000000000000e+00 0.000000000000000000e+00
1.375322033898305173e-02 0.000000000000000000e+00 8.498389483341977666e+02 4.719136616546361253e-12 4.706801091991760018e+02 1.660439465063245370e+04 0.000000000000000000e+00 0.000000000000000000e+00
1.380305084745762911e-02 0.000000000000000000e+00 8.498389483341977666e+02 4.719136616546358830e-12 4.706801091991760018e+02 1.660439465063245370e+04 0.000000000000000000e+00 0.000000000000000000e+00
1.385288135593220477e-02 0.000000000000000000e+00 8.498389483341977666e+02 4.719136616546360445e-12 4.706801091991760018e+02 1.660439465063245370e+04 0.000000000000000000e+00 0.000000000000000000e+00
1.390271186440678042e-02 0.000000000000000000e+00 8.498389483341977666e+02 4.719136616546362061e-12 4.706801091991760018e+02 1.660439465063245370e+04 0.000000000000000000e+00 0.000000000000000000e+00
1.395254237288135780e-02 0.000000000000000000e+00 8.498389483341977666e+02 4.719136616546363677e-12 4.706801091991760018e+02 1.660439465063245370e+04 0.000000000000000000e+00 0.000000000000000000e+00
1.400237288135593346e-02 0.000000000000000000e+00 8.498389483341977666e+02 4.719136616546358022e-12 4.706801091991760018e+02 1.660439465063245370e+04 0.000000000000000000e+00 0.000000000000000000e+00
1.405220338983050911e-02 0.000000000000000000e+00 8.498389483341977666e+02 4.719136616546358830e-12 4.706801091991760018e+02 1.660439465063245370e+04 0.000000000000000000e+00 0.000000000000000000e+00
1.410203389830508650e-02 0.000000000000000000e+00 8.498389483341977666e+02 4.719136616546355599e-12 4.706801091991760018e+02 1.660439465063245370e+04 0.000000000000000000e+00 0.000000000000000000e+00
1.415186440677966215e-02 0.000000000000000000e+00 8.498389483341977666e+02 4.719136616546357214e-12 4.706801091991760018e+02 1.660439465063245370e+04 0.000000000000000000e+00 0.000000000000000000e+00
1.420169491525423780e-02 0.000000000000000000e+00 8.498389483341977666e+02 4.719136616546358022e-12 4.706801091991760018e+02 1.660439465063245370e+04 0.000000000000000000e+00 0.000000000000000000e+00
1.425152542372881519e-02 0.000000000000000000e+00 8.498389483341977666e+02 4.719136616546358830e-12 4.706801091991760018e+02 1.660439465063245370e+04 0.000000000000000000e+00 0.000000000000000000e+00
1.430135593220339084e-02 0.000000000000000000e+00 8.498389483341977666e+02 4.719136616546356406e-12 4.706801091991760018e+02 1.660439465063245370e+04 0.000000000000000000e+00 0.000000000000000000e+00
1.435118644067796823e-02 0.000000000000000000e+00 8.498389483341977666e+02 4.719136616546355599e-12 4.706801091991760018e+02 1.660439465063245370e+04 0.000000000000000000e+00 0.000000000000000000e+00
1.440101694915254388e-02 0.000000000000000000e+00 8.498389483341977666e+02 4.719136616546354791e-12 4.706801091991760018e+02 1.660439465063245370e+04 0.000000000000000000e+00 0.000000000000000000e+00
1.445084745762711953e-02 0.000000000000000000e+00 8.498389483341977666e+02 4.719136616546356406e-12 4.706801091991760018e+02 1.660439465063245370e+04 0.000000000000000000e+00 0.000000000000000000e+00
1.450067796610169692e-02 0.000000000000000000e+00 8.498389483341977666e+02 4.719136616546352367e-12 4.706801091991760018e+02 1.660439465063245370e+04 0.000000000000000000e+00 0.000000000000000000e+00
1.455050847457627257e-02 0.000000000000000000e+00 8.498389483341977666e+02 4.719136616546355599e-12 4.706801091991760018e+02 1.660439465063245370e+04 0.000000000000000000e+00 0.000000000000000000e+00
1.460033898305084822e-02 0.000000000000000000e+00 8.498389483341977666e+02 4.719136616546354791e-12 4.706801091991760018e+02 1.660439465063245370e+04 0.000000000000000000e+00 0.000000000000000000e+00
1.465016949152542561e-02 0.000000000000000000e+00 0.000000000000000000e+00 0.000000000000000000e+00 0.000000000000000000e+00 0.000000000000000000e+00 0.000000000000000000e+00 0.000000000000000000e+00
