0.000000000000000000e+00 1.000000000000000000e+00 6.000000000000000000e+00 7.000000000000000000e+00 8.000000000000000000e+00 1.400000000000000000e+01 2.600000000000000000e+01 2.900000000000000000e+01
0.000000000000000000e+00 0.000000000000000000e+00 4.231459016018800867e+03 2.334072198362898275e-05 2.722912066362449423e+03 3.016485581762011319e-07 0.000000000000000000e+00 0.000000000000000000e+00
1.372549019607843107e-04 0.000000000000000000e+00 4.231459016018800867e+03 2.334072198362902002e-05 2.722912066362449423e+03 3.016485581762008672e-07 0.000000000000000000e+00 0.000000000000000000e+00
2.745098039215686215e-04 0.000000000000000000e+00 4.231459016018800867e+03 2.334072198362900985e-05 2.722912066362449423e+03 3.016485581762009730e-07 0.000000000000000000e+00 0.000000000000000000e+00
4.117647058823529051e-04 0.000000000000000000e+00 4.231459016018800867e+03 2.334072198362899291e-05 2.722912066362449423e+03 3.016485581762009201e-07 0.000000000000000000e+00 0.000000000000000000e+00
5.490196078431372429e-04 0.000000000000000000e+00 4.231459016018800867e+03 2.334072198362898275e-05 2.722912066362449423e+03 3.016485581762011319e-07 0.000000000000000000e+00 0.000000000000000000e+00
6.862745098039215808e-04 0.000000000000000000e+00 4.231459016018800867e+03 2.334072198362898275e-05 2.722912066362449423e+03 3.016485581762011319e-07 0.000000000000000000e+00 0.000000000000000000e+00
8.235294117647058102e-04 0.000000000000000000e+00 4.231459016018800867e+03 2.334072198362898275e-05 2.722912066362449423e+03 3.016485581762011319e-07 0.000000000000000000e+00 0.000000000000000000e+00
9.607843137254901481e-04 0.000000000000000000e+00 4.231459016018800867e+03 2.334072198362898275e-05 2.722912066362449423e+03 3.016485581762011319e-07 0.000000000000000000e+00 0.000000000000000000e+00
1.098039215686274486e-03 0.000000000000000000e+00 3.928437577417524153e+03 2.282940973654826671e-05 2.612960605232770376e+03 2.302534151787464119e-07 1.012611215504233314e+03 0.000000000000000000e+00
1.235294117647058824e-03 0.000000000000000000e+00 3.876301207641713518e+03 2.433095280034302754e-05 2.616958567233011308e+03 2.001258628756351361e-07 1.014391357003837811e+03 0.000000000000000000e+00
1.372549019607843162e-03 0.000000000000000000e+00 3.865642568784233390e+03 2.513824860677866263e-05 2.617256926911701612e+03 1.856290347772672291e-07 1.014600062526293527e+03 0.000000000000000000e+00
1.509803921568627499e-03 0.000000000000000000e+00 3.863833694510623445e+03 2.529309194922247029e-05 2.617276102715513389e+03 1.826202685679115263e-07 1.014621196229816633e+03 0.000000000000000000e+00
1.647058823529411620e-03 0.000000000000000000e+00 3.863623182878400257e+03 2.530129936986509344e-05 2.617277119666085582e+03 1.824005519802443158e-07 1.014622803399434247e+03 0.000000000000000000e+00
1.784313725490195958e-03 0.000000000000000000e+00 3.863618357164333702e+03 2.530142031933314508e-05 2.617277135840136452e+03 1.823965116456255473e-07 1.014622833832536685e+03 0.000000000000000000e+00
1.921568627450980296e-03 0.000000000000000000e+00 3.863618357164333702e+03 2.530142031933314508e-05 2.617277135840136452e+03 1.823965116456255473e-07 1.014622833832536685e+03 0.000000000000000000e+00
2.058823529411764851e-03 0.000000000000000000e+00 3.775001429359685972e+03 2.427508218416269434e-05 2.594100398235136254e+03 1.642058670575623494e-07 0.000000000000000000e+00 5.072204358904904439e+03
2.196078431372548972e-03 0.000000000000000000e+00 3.747505077607227577e+03 2.426230345871954372e-05 2.593423508579428471e+03 1.492286647833321169e-07 0.000000000000000000e+00 5.143614786115532297e+03
2.333333333333333093e-03 0.000000000000000000e+00 3.740279599669864183e+03 2.425546169132112052e-05 2.593338168194327864e+03 1.415494547870903297e-07 0.000000000000000000e+00 5.163772420478903769e+03
2.470588235294117647e-03 0.000000000000000000e+00 3.739004903328547243e+03 2.425341702151173365e-05 2.593332797144996675e+03 1.391677383717470590e-07 0.000000000000000000e+00 5.167636761776654566e+03
2.607843137254901768e-03 0.000000000000000000e+00 3.738835280884327403e+03 2.425328419263820268e-05 2.593332486576099654e+03 1.389623670258105547e-07 0.000000000000000000e+00 5.168188742319291123e+03
2.745098039215686323e-03 0.000000000000000000e+00 3.738825883555740347e+03 2.425328044820321396e-05 2.593332476662337740e+03 1.389548906180355391e-07 0.000000000000000000e+00 5.168220999896283502e+03
2.882352941176470444e-03 0.000000000000000000e+00 3.738825883555740347e+03 2.425328044820321396e-05 2.593332476662337740e+03 1.389548906180355391e-07 0.000000000000000000e+00 5.168220999896283502e+03
3.019607843137254999e-03 0.000000000000000000e+00 4.068873218974325482e+03 2.758312852984434009e-05 2.730152092969168734e+03 1.703612459204317019e-07 0.000000000000000000e+00 0.000000000000000000e+00
3.156862745098039120e-03 0.000000000000000000e+00 4.175577839729382504e+03 2.509138699919332931e-05 2.724436095898350231e+03 2.381065893566731008e-07 0.000000000000000000e+00 0.000000000000000000e+00
3.294117647058823241e-03 0.000000000000000000e+00 4.220741923971858341e+03 2.386599433049136322e-05 2.723007136670209093e+03 2.792697448233270459e-07 0.000000000000000000e+00 0.000000000000000000e+00
3.431372549019607796e-03 0.000000000000000000e+00 4.229865478571285166e+03 2.338521051708451195e-05 2.722917766266024955e+03 2.989654243652692539e-07 0.000000000000000000e+00 0.000000000000000000e+00
3.568627450980391917e-03 0.000000000000000000e+00 4.231329034715990019e+03 2.334240477292188044e-05 2.722912295989961422e+03 3.014978435784757553e-07 0.000000000000000000e+00 0.000000000000000000e+00
3.705882352941176471e-03 0.000000000000000000e+00 4.231459016018800867e+03 2.334072198362898275e-05 2.722912066362449423e+03 3.016485581762011319e-07 0.000000000000000000e+00 0.000000000000000000e+00
3.843137254901960592e-03 0.000000000000000000e+00 4.231459016018800867e+03 2.334072198362898275e-05 2.722912066362449423e+03 3.016485581762011319e-07 0.000000000000000000e+00 0.000000000000000000e+00
3.980392156862745147e-03 0.000000000000000000e+00 4.231459016018800867e+03 2.334072198362898275e-05 2.722912066362449423e+03 3.016485581762011319e-07 0.000000000000000000e+00 0.000000000000000000e+00
4.117647058823529702e-03 0.000000000000000000e+00 3.917092252551700767e+03 2.310133180033263275e-05 2.613986792309205612e+03 2.245285979803828055e-07 1.013039616874838998e+03 0.000000000000000000e+00
4.254901960784313389e-03 0.000000000000000000e+00 3.873528176800169149e+03 2.448560071303672753e-05 2.617065262411393178e+03 1.972569843670335628e-07 1.014455901987513357e+03 0.000000000000000000e+00
4.392156862745097944e-03 0.000000000000000000e+00 3.865135309223871900e+03 2.519200176918693458e-05 2.617263874679765649e+03 1.846626331501533017e-07 1.014606880438821918e+03 0.000000000000000000e+00
4.529411764705882498e-03 0.000000000000000000e+00 3.780699788727759824e+03 2.427443823480190349e-05 2.594242828200664917e+03 1.695924757797289567e-07 0.000000000000000000e+00 5.057994404582541392e+03
4.666666666666666186e-03 0.000000000000000000e+00 3.751395823327803100e+03 2.426437643281314336e-05 2.593498573680060872e+03 1.516495745162374923e-07 0.000000000000000000e+00 5.133237448003716963e+03
4.803921568627450740e-03 0.000000000000000000e+00 3.741002891382865982e+03 2.425654472901093829e-05 2.593342756951103183e+03 1.427506614429551056e-07 0.000000000000000000e+00 5.161660825591237881e+03
4.941176470588235295e-03 0.000000000000000000e+00 3.739119160408211428e+03 2.425354036954887414e-05 2.593333082732464845e+03 1.393356398832931954e-07 0.000000000000000000e+00 5.167276290879013686e+03
5.078431372549019850e-03 0.000000000000000000e+00 4.110710303184595432e+03 2.624297343002940697e-05 2.727900470576407770e+03 2.048436807326695316e-07 0.000000000000000000e+00 0.000000000000000000e+00
5.215686274509803537e-03 0.000000000000000000e+00 4.203717767711135821e+03 2.446810902635032257e-05 2.723366133642147361e+03 2.580666291690947571e-07 0.000000000000000000e+00 0.000000000000000000e+00
5.352941176470588092e-03 0.000000000000000000e+00 4.226551179810488065e+03 2.356446336938708376e-05 2.722940866857436049e+03 2.910063805603062668e-07 0.000000000000000000e+00 0.000000000000000000e+00
5.490196078431372646e-03 0.000000000000000000e+00 4.230858439279473714e+03 2.335277941671870590e-05 2.722913619287885012e+03 3.007804195534779119e-07 0.000000000000000000e+00 0.000000000000000000e+00
5.627450980392156334e-03 0.000000000000000000e+00 3.911639635591466231e+03 2.322633559146916214e-05 2.614464995107182403e+03 2.219007054609465534e-07 1.013241591404913606e+03 0.000000000000000000e+00
5.764705882352940888e-03 0.000000000000000000e+00 3.791754003660988019e+03 2.356838555791508142e-05 2.594144742980023238e+03 1.855440885580023153e-07 0.000000000000000000e+00 5.059836851999752980e+03
5.901960784313725443e-03 0.000000000000000000e+00 3.755132003221795912e+03 2.417996523841738570e-05 2.593543031087102918e+03 1.546651450992241249e-07 0.000000000000000000e+00 5.128091668600315643e+03
6.039215686274509998e-03 0.000000000000000000e+00 4.085415171365555125e+03 2.704284689114399098e-05 2.729477386079317512e+03 1.893895392844812555e-07 0.000000000000000000e+00 0.000000000000000000e+00
6.176470588235293685e-03 0.000000000000000000e+00 4.187460113489970354e+03 2.486570465552380798e-05 2.723949105544168106e+03 2.458889454284971578e-07 0.000000000000000000e+00 0.000000000000000000e+00
6.313725490196078240e-03 0.000000000000000000e+00 4.223160713853098059e+03 2.375167189202796993e-05 2.722977157644801082e+03 2.836439132899181200e-07 0.000000000000000000e+00 0.000000000000000000e+00
6.450980392156862794e-03 0.000000000000000000e+00 4.230285064546407739e+03 2.336987598663477114e-05 2.722915871384903767e+03 2.997827883323066460e-07 0.000000000000000000e+00 0.000000000000000000e+00
6.588235294117646482e-03 0.000000000000000000e+00 4.231377188047521486e+03 2.334167050806009765e-05 2.722912204718174507e+03 3.015593710805347310e-07 0.000000000000000000e+00 0.000000000000000000e+00
6.725490196078431036e-03 0.000000000000000000e+00 4.231459016018800867e+03 2.334072198362898275e-05 2.722912066362449423e+03 3.016485581762011319e-07 0.000000000000000000e+00 0.000000000000000000e+00
6.862745098039215591e-03 0.000000000000000000e+00 0.000000000000000000e+00 0.000000000000000000e+00 0.000000000000000000e+00 0.000000000000000000e+00 0.000000000000000000e+00 0.000000000000000000e+00
