0.000000000000000000e+00 1.000000000000000000e+00 6.000000000000000000e+00 7.000000000000000000e+00 8.000000000000000000e+00 1.400000000000000000e+01 2.600000000000000000e+01 2.900000000000000000e+01
0.000000000000000000e+00 0.000000000000000000e+00 4.231459016018800867e+03 2.334072198362898275e-05 2.722912066362449423e+03 3.016485581762011319e-07 0.000000000000000000e+00 0.000000000000000000e+00
1.372549019607843107e-04 0.000000000000000000e+00 4.231459016018800867e+03 2.334072198362898275e-05 2.722912066362449423e+03 3.016485581762011319e-07 0.000000000000000000e+00 0.000000000000000000e+00
2.745098039215686215e-04 0.000000000000000000e+00 4.231459016018800867e+03 2.334072198362898275e-05 2.722912066362449423e+03 3.016485581762011319e-07 0.000000000000000000e+00 0.000000000000000000e+00
4.117647058823529051e-04 0.000000000000000000e+00 4.231402890529609977e+03 2.334167709359419052e-05 2.722912224475505809e+03 3.015913800749932457e-07 0.000000000000000000e+00 0.000000000000000000e+00
5.490196078431372429e-04 0.000000000000000000e+00 4.230650014637465574e+03 2.337007975417066964e-05 2.722916416185996695e+03 3.004412093184013265e-07 0.000000000000000000e+00 0.000000000000000000e+00
6.862745098039215808e-04 0.000000000000000000e+00 4.225692884137998590e+03 2.375455316735925252e-05 2.722986446433574656e+03 2.898486607268274588e-07 0.000000000000000000e+00 0.000000000000000000e+00
8.235294117647058102e-04 0.000000000000000000e+00 4.200611413083427578e+03 2.487633548330277978e-05 2.724096822118196997e+03 2.637443093806515955e-07 0.000000000000000000e+00 0.000000000000000000e+00
9.607843137254901481e-04 0.000000000000000000e+00 4.127553250412443049e+03 2.707042712337147505e-05 2.730404922943195288e+03 2.198700295553008726e-07 0.000000000000000000e+00 0.000000000000000000e+00
1.098039215686274486e-03 0.000000000000000000e+00 3.863618357164333702e+03 2.530142031933314508e-05 2.617277135840136452e+03 1.823965116456255473e-07 1.014622833832536685e+03 0.000000000000000000e+00
1.235294117647058824e-03 0.000000000000000000e+00 3.863618357164333702e+03 2.530142031933314508e-05 2.617277135840136452e+03 1.823965116456255473e-07 1.014622833832536685e+03 0.000000000000000000e+00
1.372549019607843162e-03 0.000000000000000000e+00 3.863612898069111452e+03 2.530141838695157302e-05 2.617277130740296798e+03 1.823913192252518432e-07 1.014622940104331406e+03 0.000000000000000000e+00
1.509803921568627499e-03 0.000000000000000000e+00 3.863477198555520772e+03 2.530132898561707951e-05 2.617276925266981380e+03 1.822101752691017201e-07 1.014626105750097508e+03 0.000000000000000000e+00
1.647058823529411620e-03 0.000000000000000000e+00 3.862412919191748188e+03 2.529977220619572875e-05 2.617273246558130268e+03 1.799743544982184875e-07 1.014659833941407669e+03 0.000000000000000000e+00
1.784313725490195958e-03 0.000000000000000000e+00 3.856416931538797144e+03 2.529333688155486841e-05 2.617215877540737438e+03 1.719171249525794100e-07 1.014938245892937402e+03 0.000000000000000000e+00
1.921568627450980296e-03 0.000000000000000000e+00 3.830394565473110106e+03 2.528123693550281075e-05 2.616605560616143066e+03 1.577107596294436838e-07 1.016697144585915339e+03 0.000000000000000000e+00
2.058823529411764851e-03 0.000000000000000000e+00 3.738825883555740347e+03 2.425328044820321396e-05 2.593332476662337740e+03 1.389548906180355391e-07 0.000000000000000000e+00 5.168220999896283502e+03
2.196078431372548972e-03 0.000000000000000000e+00 3.738825883555740347e+03 2.425328044820321396e-05 2.593332476662337740e+03 1.389548906180355391e-07 0.000000000000000000e+00 5.168220999896283502e+03
2.333333333333333093e-03 0.000000000000000000e+00 3.738827493089285781e+03 2.425324234209460999e-05 2.593332473209125965e+03 1.389564392383316668e-07 0.000000000000000000e+00 5.168220857422294102e+03
2.470588235294117647e-03 0.000000000000000000e+00 3.739013583666127488e+03 2.424834733142993640e-05 2.593331954232919088e+03 1.391242385771671240e-07 0.000000000000000000e+00 5.168205129885775023e+03
2.607843137254901768e-03 0.000000000000000000e+00 3.740811119845174289e+03 2.414910835950106837e-05 2.593321342496565649e+03 1.416984103005318766e-07 0.000000000000000000e+00 5.168062275062846311e+03
2.745098039215686323e-03 0.000000000000000000e+00 3.752102484249764075e+03 2.347643701650341608e-05 2.593152925257739753e+03 1.575798231523109023e-07 0.000000000000000000e+00 5.167221661304310146e+03
2.882352941176470444e-03 0.000000000000000000e+00 3.812573096448391425e+03 2.215790786854950778e-05 2.590512890335809516e+03 1.938237334915844515e-07 0.000000000000000000e+00 5.163023471532083931e+03
3.019607843137254999e-03 0.000000000000000000e+00 4.231459016018800867e+03 2.334072198362898275e-05 2.722912066362449423e+03 3.016485581762011319e-07 0.000000000000000000e+00 0.000000000000000000e+00
3.156862745098039120e-03 0.000000000000000000e+00 4.231459016018800867e+03 2.334072198362898275e-05 2.722912066362449423e+03 3.016485581762011319e-07 0.000000000000000000e+00 0.000000000000000000e+00
3.294117647058823241e-03 0.000000000000000000e+00 4.231459016018800867e+03 2.334072198362898275e-05 2.722912066362449423e+03 3.016485581762011319e-07 0.000000000000000000e+00 0.000000000000000000e+00
3.431372549019607796e-03 0.000000000000000000e+00 4.231369780260983134e+03 2.334241647018988545e-05 2.722912328805596644e+03 3.015517815486166744e-07 0.000000000000000000e+00 0.000000000000000000e+00
3.568627450980391917e-03 0.000000000000000000e+00 4.230360219798228172e+03 2.338552171254406023e-05 2.722918582709934526e+03 2.999103420680693279e-07 0.000000000000000000e+00 0.000000000000000000e+00
3.705882352941176471e-03 0.000000000000000000e+00 4.224043280642124955e+03 2.386970626703780509e-05 2.723020771312169472e+03 2.869723687509708830e-07 0.000000000000000000e+00 0.000000000000000000e+00
3.843137254901960592e-03 0.000000000000000000e+00 4.192663610532066741e+03 2.510406023204527526e-05 2.724654801007506194e+03 2.588311636116379176e-07 0.000000000000000000e+00 0.000000000000000000e+00
3.980392156862745147e-03 0.000000000000000000e+00 4.118181516502915656e+03 2.761480988274252806e-05 2.731193670295790980e+03 2.098231936856173171e-07 0.000000000000000000e+00 0.000000000000000000e+00
4.117647058823529702e-03 0.000000000000000000e+00 3.862833091720010088e+03 2.530049293726558248e-05 2.617275088774069900e+03 1.809391440993569873e-07 1.014645231238517226e+03 0.000000000000000000e+00
4.254901960784313389e-03 0.000000000000000000e+00 3.858651835894324904e+03 2.529511956458983107e-05 2.617244674296437097e+03 1.740969480957351284e-07 1.014821225918195069e+03 0.000000000000000000e+00
4.392156862745097944e-03 0.000000000000000000e+00 3.837726538015892856e+03 2.528391871292734309e-05 2.616800278704025914e+03 1.614619625437060958e-07 1.016170396720899703e+03 0.000000000000000000e+00
4.529411764705882498e-03 0.000000000000000000e+00 3.739401052347034238e+03 2.423372332573277537e-05 2.593330237471612236e+03 1.395571433698464803e-07 0.000000000000000000e+00 5.168173545142115472e+03
4.666666666666666186e-03 0.000000000000000000e+00 3.743534350093035755e+03 2.394298636887178899e-05 2.593292768162084940e+03 1.464195303353417195e-07 0.000000000000000000e+00 5.167854044735870957e+03
4.803921568627450740e-03 0.000000000000000000e+00 3.767144225574721531e+03 2.299717867040692367e-05 2.592697810498081253e+03 1.699732622350354237e-07 0.000000000000000000e+00 5.166149139542811099e+03
4.941176470588235295e-03 0.000000000000000000e+00 3.857639710527154421e+03 2.130714846735553726e-05 2.587993557212718770e+03 2.204978136101600282e-07 0.000000000000000000e+00 5.159875641707566501e+03
5.078431372549019850e-03 0.000000000000000000e+00 4.230187198537581025e+03 2.339637891903709541e-05 2.722919956719309994e+03 2.995549878912242878e-07 0.000000000000000000e+00 0.000000000000000000e+00
5.215686274509803537e-03 0.000000000000000000e+00 4.223004582656692037e+03 2.393288093107917935e-05 2.723042476406832066e+03 2.853206902261977975e-07 0.000000000000000000e+00 0.000000000000000000e+00
5.352941176470588092e-03 0.000000000000000000e+00 4.187290754141384241e+03 2.522482673925442582e-05 2.725012418504310517e+03 2.548532265705115623e-07 0.000000000000000000e+00 0.000000000000000000e+00
5.490196078431372646e-03 0.000000000000000000e+00 4.109666065299336879e+03 2.788049139290774259e-05 2.731606872908871992e+03 1.974951289776314488e-07 0.000000000000000000e+00 0.000000000000000000e+00
5.627450980392156334e-03 0.000000000000000000e+00 3.844123056961690054e+03 2.512404204642396178e-05 2.616876878301666238e+03 1.675059026378760079e-07 1.015862186230465340e+03 0.000000000000000000e+00
5.764705882352940888e-03 0.000000000000000000e+00 3.755883913820774069e+03 2.332915384457211490e-05 2.593061970895220838e+03 1.612885753939720995e-07 0.000000000000000000e+00 5.166948846400519869e+03
5.901960784313725443e-03 0.000000000000000000e+00 3.828487666020587312e+03 2.189885933123633622e-05 2.589631223678527022e+03 2.016651997160664667e-07 0.000000000000000000e+00 5.161948095847142213e+03
6.039215686274509998e-03 0.000000000000000000e+00 4.231459016018800867e+03 2.334072198362898275e-05 2.722912066362449423e+03 3.016485581762011319e-07 0.000000000000000000e+00 0.000000000000000000e+00
6.176470588235293685e-03 0.000000000000000000e+00 4.231459016018800867e+03 2.334072198362898275e-05 2.722912066362449423e+03 3.016485581762011319e-07 0.000000000000000000e+00 0.000000000000000000e+00
6.313725490196078240e-03 0.000000000000000000e+00 4.231459016018800867e+03 2.334072198362898275e-05 2.722912066362449423e+03 3.016485581762011319e-07 0.000000000000000000e+00 0.000000000000000000e+00
6.450980392156862794e-03 0.000000000000000000e+00 4.231459016018800867e+03 2.334072198362898275e-05 2.722912066362449423e+03 3.016485581762011319e-07 0.000000000000000000e+00 0.000000000000000000e+00
6.588235294117646482e-03 0.000000000000000000e+00 4.231459016018800867e+03 2.334072198362898952e-05 2.722912066362449423e+03 3.016485581762010260e-07 0.000000000000000000e+00 0.000000000000000000e+00
6.725490196078431036e-03 0.000000000000000000e+00 4.231459016018800867e+03 2.334072198362900646e-05 2.722912066362449423e+03 3.016485581762010260e-07 0.000000000000000000e+00 0.000000000000000000e+00
6.862745098039215591e-03 0.000000000000000000e+00 0.000000000000000000e+00 0.000000000000000000e+00 0.000000000000000000e+00 0.000000000000000000e+00 0.000000000000000000e+00 0.000000000000000000e+00
