0.000000000000000000e+00 1.000000000000000000e+00 6.000000000000000000e+00 7.000000000000000000e+00 8.000000000000000000e+00 1.400000000000000000e+01 2.600000000000000000e+01 2.900000000000000000e+01
0.000000000000000000e+00 0.000000000000000000e+00 4.231459016018800867e+03 2.334072198362898275e-05 2.722912066362449423e+03 3.016485581762011319e-07 0.000000000000000000e+00 0.000000000000000000e+00
1.372549019607843107e-04 0.000000000000000000e+00 4.231459016018800867e+03 2.334072198362898275e-05 2.722912066362449423e+03 3.016485581762011319e-07 0.000000000000000000e+00 0.000000000000000000e+00
2.745098039215686215e-04 0.000000000000000000e+00 4.231459016018800867e+03 2.334116238389476479e-05 2.722912066362449423e+03 3.016205661309154126e-07 0.000000000000000000e+00 0.000000000000000000e+00
4.117647058823529051e-04 0.000000000000000000e+00 4.231402890529609977e+03 2.335208849817871124e-05 2.722912224475505809e+03 3.011129833374942913e-07 0.000000000000000000e+00 0.000000000000000000e+00
5.490196078431372429e-04 0.000000000000000000e+00 4.230650014637465574e+03 2.348651896565142637e-05 2.722916416185996695e+03 2.968170126374740256e-07 0.000000000000000000e+00 0.000000000000000000e+00
6.862745098039215808e-04 0.000000000000000000e+00 4.225692884137998590e+03 2.418616085335467214e-05 2.722986446433574656e+03 2.793492664042563814e-07 0.000000000000000000e+00 0.000000000000000000e+00
8.235294117647058102e-04 0.000000000000000000e+00 4.200611413083427578e+03 2.553582584590129642e-05 2.724096822118196997e+03 2.501821954400522533e-07 0.000000000000000000e+00 0.000000000000000000e+00
9.607843137254901481e-04 0.000000000000000000e+00 4.127553250412443049e+03 2.769097805103959263e-05 2.730404922943195288e+03 2.092664082181069740e-07 0.000000000000000000e+00 0.000000000000000000e+00
1.098039215686274486e-03 0.000000000000000000e+00 3.863618357164333702e+03 2.530142031933314508e-05 2.617277135840136452e+03 1.823965116456255473e-07 1.014622833832536685e+03 0.000000000000000000e+00
1.235294117647058824e-03 0.000000000000000000e+00 3.863618357164333702e+03 2.530141948621815871e-05 2.617277135840136452e+03 1.823941975107336416e-07 1.014622833832536685e+03 0.000000000000000000e+00
1.372549019607843162e-03 0.000000000000000000e+00 3.863612898069111452e+03 2.530138201139527871e-05 2.617277130740296798e+03 1.823105695883762650e-07 1.014622940104331406e+03 0.000000000000000000e+00
1.509803921568627499e-03 0.000000000000000000e+00 3.863477198555520772e+03 2.530088474713066936e-05 2.617276925266981380e+03 1.814846257016117928e-07 1.014626105750097508e+03 0.000000000000000000e+00
1.647058823529411620e-03 0.000000000000000000e+00 3.862412919191748188e+03 2.529722083674318798e-05 2.617273246558130268e+03 1.766749857614024267e-07 1.014659833941407669e+03 0.000000000000000000e+00
1.784313725490195958e-03 0.000000000000000000e+00 3.856416931538797144e+03 2.528927623601908624e-05 2.617215877540737438e+03 1.670498212779206581e-07 1.014938245892937402e+03 0.000000000000000000e+00
1.921568627450980296e-03 0.000000000000000000e+00 3.830394565473110106e+03 2.527602340196038585e-05 2.616605560616143066e+03 1.519734890566177012e-07 1.016697144585915339e+03 0.000000000000000000e+00
2.058823529411764851e-03 0.000000000000000000e+00 3.738825883555740347e+03 2.425328044820321396e-05 2.593332476662337740e+03 1.389548906180355391e-07 0.000000000000000000e+00 5.168220999896283502e+03
2.196078431372548972e-03 0.000000000000000000e+00 3.738825883555740347e+03 2.425326916504740780e-05 2.593332476662337740e+03 1.389553547269735473e-07 0.000000000000000000e+00 5.168220999896283502e+03
2.333333333333333093e-03 0.000000000000000000e+00 3.738827493089285781e+03 2.425107268499550957e-05 2.593332473209125965e+03 1.390360291121206141e-07 0.000000000000000000e+00 5.168220857422294102e+03
2.470588235294117647e-03 0.000000000000000000e+00 3.739013583666127488e+03 2.421731961213457806e-05 2.593331954232919088e+03 1.400348207881812355e-07 0.000000000000000000e+00 5.168205129885775023e+03
2.607843137254901768e-03 0.000000000000000000e+00 3.740811119845174289e+03 2.388963664200721384e-05 2.593321342496565649e+03 1.478740372328777789e-07 0.000000000000000000e+00 5.168062275062846311e+03
2.745098039215686323e-03 0.000000000000000000e+00 3.752102484249764075e+03 2.299743975757365173e-05 2.593152925257739753e+03 1.706531175700416464e-07 0.000000000000000000e+00 5.167221661304310146e+03
2.882352941176470444e-03 0.000000000000000000e+00 3.812573096448391425e+03 2.154436835948498653e-05 2.590512890335809516e+03 2.149281041901207378e-07 0.000000000000000000e+00 5.163023471532083931e+03
3.019607843137254999e-03 0.000000000000000000e+00 4.231459016018800867e+03 2.334072198362898275e-05 2.722912066362449423e+03 3.016485581762011319e-07 0.000000000000000000e+00 0.000000000000000000e+00
3.156862745098039120e-03 0.000000000000000000e+00 4.231459016018800867e+03 2.334072198362898275e-05 2.722912066362449423e+03 3.016485581762011319e-07 0.000000000000000000e+00 0.000000000000000000e+00
3.294117647058823241e-03 0.000000000000000000e+00 4.231459016018800867e+03 2.334150066898847510e-05 2.722912066362449423e+03 3.016008618863164831e-07 0.000000000000000000e+00 0.000000000000000000e+00
3.431372549019607796e-03 0.000000000000000000e+00 4.231369780260983134e+03 2.335746526955146979e-05 2.722912328805596644e+03 3.008970739900469143e-07 0.000000000000000000e+00 0.000000000000000000e+00
3.568627450980391917e-03 0.000000000000000000e+00 4.230360219798228172e+03 2.354597947207167215e-05 2.722918582709934526e+03 2.951842300506812820e-07 0.000000000000000000e+00 0.000000000000000000e+00
3.705882352941176471e-03 0.000000000000000000e+00 4.224043280642124955e+03 2.433615916869709471e-05 2.723020771312169472e+03 2.758851102972142399e-07 0.000000000000000000e+00 0.000000000000000000e+00
3.843137254901960592e-03 0.000000000000000000e+00 4.192663610532066741e+03 2.579771302401927694e-05 2.724654801007506194e+03 2.448844402136325278e-07 0.000000000000000000e+00 0.000000000000000000e+00
3.980392156862745147e-03 0.000000000000000000e+00 4.118181516502915656e+03 2.797512137354885825e-05 2.731193670295790980e+03 2.034400861805445647e-07 0.000000000000000000e+00 0.000000000000000000e+00
4.117647058823529702e-03 0.000000000000000000e+00 3.862833091720010088e+03 2.529839184409384486e-05 2.617275088774069900e+03 1.781562440583377356e-07 1.014645231238517226e+03 0.000000000000000000e+00
4.254901960784313389e-03 0.000000000000000000e+00 3.858651835894324904e+03 2.529108192496905234e-05 2.617244674296437097e+03 1.695064622769936349e-07 1.014821225918195069e+03 0.000000000000000000e+00
4.392156862745097944e-03 0.000000000000000000e+00 3.837726538015892856e+03 2.527123177769810417e-05 2.616800278704025914e+03 1.560637641347613318e-07 1.016170396720899703e+03 0.000000000000000000e+00
4.529411764705882498e-03 0.000000000000000000e+00 3.739401052347034238e+03 2.414971263702650641e-05 2.593330237471612236e+03 1.417736721305185235e-07 0.000000000000000000e+00 5.168173545142115472e+03
4.666666666666666186e-03 0.000000000000000000e+00 3.743534350093035755e+03 2.356816444251147948e-05 2.593292768162084940e+03 1.556724144679274290e-07 0.000000000000000000e+00 5.167854044735870957e+03
4.803921568627450740e-03 0.000000000000000000e+00 3.767144225574721531e+03 2.245624609093221856e-05 2.592697810498081253e+03 1.861179327925591906e-07 0.000000000000000000e+00 5.166149139542811099e+03
4.941176470588235295e-03 0.000000000000000000e+00 3.857639710527154421e+03 2.076033169526127534e-05 2.587993557212718770e+03 2.413574731931198894e-07 0.000000000000000000e+00 5.159875641707566501e+03
5.078431372549019850e-03 0.000000000000000000e+00 4.230187198537581025e+03 2.358220002437771254e-05 2.722919956719309994e+03 2.941700266685983975e-07 0.000000000000000000e+00 0.000000000000000000e+00
5.215686274509803537e-03 0.000000000000000000e+00 4.223004582656692037e+03 2.441537330736251644e-05 2.723042476406832066e+03 2.734996860871222949e-07 0.000000000000000000e+00 0.000000000000000000e+00
5.352941176470588092e-03 0.000000000000000000e+00 4.187290754141384241e+03 2.592799063885761144e-05 2.725012418504310517e+03 2.382101736639607575e-07 0.000000000000000000e+00 0.000000000000000000e+00
5.490196078431372646e-03 0.000000000000000000e+00 4.109666065299336879e+03 2.799687577072112104e-05 2.731606872908871992e+03 1.914184264390575271e-07 0.000000000000000000e+00 0.000000000000000000e+00
5.627450980392156334e-03 0.000000000000000000e+00 3.844123056961690054e+03 2.480121092556452242e-05 2.616876878301666238e+03 1.694917866545129574e-07 1.015862186230465340e+03 0.000000000000000000e+00
5.764705882352940888e-03 0.000000000000000000e+00 3.755883913820774069e+03 2.282782532607053409e-05 2.593061970895220838e+03 1.753692091140108240e-07 0.000000000000000000e+00 5.166948846400519869e+03
5.901960784313725443e-03 0.000000000000000000e+00 3.828487666020587312e+03 2.127972614348885174e-05 2.589631223678527022e+03 2.239426118058121954e-07 0.000000000000000000e+00 5.161948095847142213e+03
6.039215686274509998e-03 0.000000000000000000e+00 4.231459016018800867e+03 2.334072198362898275e-05 2.722912066362449423e+03 3.016485581762011319e-07 0.000000000000000000e+00 0.000000000000000000e+00
6.176470588235293685e-03 0.000000000000000000e+00 4.231459016018800867e+03 2.334072198362898275e-05 2.722912066362449423e+03 3.016485581762011319e-07 0.000000000000000000e+00 0.000000000000000000e+00
6.313725490196078240e-03 0.000000000000000000e+00 4.231459016018800867e+03 2.334072198362898275e-05 2.722912066362449423e+03 3.016485581762011319e-07 0.000000000000000000e+00 0.000000000000000000e+00
6.450980392156862794e-03 0.000000000000000000e+00 4.231459016018800867e+03 2.334072198362898275e-05 2.722912066362449423e+03 3.016485581762010789e-07 0.000000000000000000e+00 0.000000000000000000e+00
6.588235294117646482e-03 0.000000000000000000e+00 4.231459016018800867e+03 2.334072198362900307e-05 2.722912066362449423e+03 3.016485581762010789e-07 0.000000000000000000e+00 0.000000000000000000e+00
6.725490196078431036e-03 0.000000000000000000e+00 4.231459016018800867e+03 2.334072198362900646e-05 2.722912066362449423e+03 3.016485581762009730e-07 0.000000000000000000e+00 0.000000000000000000e+00
6.862745098039215591e-03 0.000000000000000000e+00 0.000000000000000000e+00 0.000000000000000000e+00 0.000000000000000000e+00 0.000000000000000000e+00 0.000000000000000000e+00 0.000000000000000000e+00
