0.000000000000000000e+00 1.000000000000000000e+00 6.000000000000000000e+00 7.000000000000000000e+00 8.000000000000000000e+00 1.400000000000000000e+01 2.600000000000000000e+01 2.900000000000000000e+01
0.000000000000000000e+00 0.000000000000000000e+00 8.446471695902951069e+02 5.407322256191482541e-12 4.780438357673608607e+02 9.525502750961019046e+03 0.000000000000000000e+00 0.000000000000000000e+00
2.745098039215686215e-04 0.000000000000000000e+00 8.446471695902951069e+02 5.407322256191484156e-12 4.780438357673608607e+02 9.525502750961013589e+03 0.000000000000000000e+00 0.000000000000000000e+00
5.490196078431372429e-04 0.000000000000000000e+00 8.446471695902951069e+02 5.407322256191484964e-12 4.780438357673608607e+02 9.525502750961013589e+03 0.000000000000000000e+00 0.000000000000000000e+00
8.235294117647058102e-04 0.000000000000000000e+00 8.446471695902951069e+02 5.407322256191482541e-12 4.780438357673608607e+02 9.525502750961015408e+03 0.000000000000000000e+00 0.000000000000000000e+00
1.098039215686274486e-03 0.000000000000000000e+00 8.446471695902951069e+02 5.407322256191482541e-12 4.780438357673608607e+02 9.525502750961017227e+03 0.000000000000000000e+00 0.000000000000000000e+00
1.372549019607843162e-03 0.000000000000000000e+00 8.446471695902951069e+02 5.407322256191482541e-12 4.780438357673608607e+02 9.525502750961019046e+03 0.000000000000000000e+00 0.000000000000000000e+00
1.647058823529411620e-03 0.000000000000000000e+00 8.446471695902951069e+02 5.407322256191482541e-12 4.780438357673608607e+02 9.525502750961019046e+03 0.000000000000000000e+00 0.000000000000000000e+00
1.921568627450980296e-03 0.000000000000000000e+00 8.446471695902951069e+02 5.407322256191482541e-12 4.780438357673608607e+02 9.525502750961019046e+03 0.000000000000000000e+00 0.000000000000000000e+00
2.196078431372548972e-03 0.000000000000000000e+00 4.472439656115641924e+02 3.425609374189414238e-11 4.154881494460322529e+02 5.641912267787241944e+03 1.757852650839495709e+03 0.000000000000000000e+00
2.470588235294117647e-03 0.000000000000000000e+00 4.269450292827689282e+02 8.197540232499804068e-11 4.169891723685506122e+02 4.627517766707813280e+03 1.769145143089315752e+03 0.000000000000000000e+00
2.745098039215686323e-03 0.000000000000000000e+00 4.258552274107655080e+02 1.257375955441157214e-10 4.170101931531761466e+02 4.098997715697690182e+03 1.769685951803352509e+03 0.000000000000000000e+00
3.019607843137254999e-03 0.000000000000000000e+00 4.257975239786117641e+02 1.321071571240652563e-10 4.170105510356170839e+02 3.893821151382127937e+03 1.769713063116059175e+03 0.000000000000000000e+00
3.294117647058823241e-03 0.000000000000000000e+00 4.257954622003570648e+02 1.321811801503496265e-10 4.170105562554295489e+02 3.847591523692565715e+03 1.769714038327641447e+03 0.000000000000000000e+00
3.568627450980391917e-03 0.000000000000000000e+00 4.257954524310516717e+02 1.321814709229417722e-10 4.170105562699083066e+02 3.846045468930482457e+03 1.769714043448487018e+03 0.000000000000000000e+00
3.843137254901960592e-03 0.000000000000000000e+00 4.257954524310516717e+02 1.321814709229417722e-10 4.170105562699083066e+02 3.846045468930482457e+03 1.769714043448487018e+03 0.000000000000000000e+00
4.117647058823529702e-03 0.000000000000000000e+00 3.885311000933598393e+02 1.026817900238218327e-10 4.041356454982864648e+02 3.171425195831839119e+03 0.000000000000000000e+00 9.280480347768572756e+03
4.392156862745097944e-03 0.000000000000000000e+00 3.807421865638561371e+02 8.600645281275926390e-11 4.030033488876432557e+02 2.881533960064224175e+03 0.000000000000000000e+00 1.031177058913632209e+04
4.666666666666666186e-03 0.000000000000000000e+00 3.804465492011584047e+02 7.828537248462718062e-11 4.029911496550439551e+02 2.720290200776493748e+03 0.000000000000000000e+00 1.044772672785341092e+04
4.941176470588235295e-03 0.000000000000000000e+00 3.804330949048240313e+02 7.671528053780192835e-11 4.029909683686601056e+02 2.645602924035449178e+03 0.000000000000000000e+00 1.046593910587310347e+04
5.215686274509803537e-03 0.000000000000000000e+00 3.804325938946421388e+02 7.669260867253038437e-11 4.029909657663367852e+02 2.625194667792824021e+03 0.000000000000000000e+00 1.046764617820368767e+04
5.490196078431372646e-03 0.000000000000000000e+00 3.804325876706421923e+02 7.669246926903284856e-11 4.029909657505936593e+02 2.623442199220926796e+03 0.000000000000000000e+00 1.046769177665457937e+04
5.764705882352940888e-03 0.000000000000000000e+00 3.804325876706421923e+02 7.669246926903284856e-11 4.029909657505936593e+02 2.623442199220926796e+03 0.000000000000000000e+00 1.046769177665457937e+04
6.039215686274509998e-03 0.000000000000000000e+00 5.941648663865950084e+02 8.892437720331910905e-11 4.997474319154220552e+02 4.347266589676277363e+03 0.000000000000000000e+00 0.000000000000000000e+00
6.313725490196078240e-03 0.000000000000000000e+00 8.149737864792335813e+02 2.075637048458062942e-11 4.781977071044985337e+02 6.631001339542444839e+03 0.000000000000000000e+00 0.000000000000000000e+00
6.588235294117646482e-03 0.000000000000000000e+00 8.407110047751751836e+02 7.662899393140495769e-12 4.780455140156985294e+02 8.159075079454239130e+03 0.000000000000000000e+00 0.000000000000000000e+00
6.862745098039215591e-03 0.000000000000000000e+00 8.442585415918772469e+02 5.446091406872245076e-12 4.780438554572165231e+02 9.111321076355905461e+03 0.000000000000000000e+00 0.000000000000000000e+00
7.137254901960783833e-03 0.000000000000000000e+00 8.446296258480679171e+02 5.407512186514575352e-12 4.780438359160789332e+02 9.466603274185930786e+03 0.000000000000000000e+00 0.000000000000000000e+00
7.411764705882352942e-03 0.000000000000000000e+00 8.446471695902951069e+02 5.407322256191482541e-12 4.780438357673608607e+02 9.525502750961019046e+03 0.000000000000000000e+00 0.000000000000000000e+00
7.686274509803921184e-03 0.000000000000000000e+00 8.446471695902951069e+02 5.407322256191482541e-12 4.780438357673608607e+02 9.525502750961019046e+03 0.000000000000000000e+00 0.000000000000000000e+00
7.960784313725490294e-03 0.000000000000000000e+00 8.446471695902951069e+02 5.407322256191482541e-12 4.780438357673608607e+02 9.525502750961019046e+03 0.000000000000000000e+00 0.000000000000000000e+00
8.235294117647059403e-03 0.000000000000000000e+00 4.397237636482780658e+02 4.140904812857879820e-11 4.162022517715927279e+02 5.450653839710207649e+03 1.762162192447615553e+03 0.000000000000000000e+00
8.509803921568626778e-03 0.000000000000000000e+00 4.265571831930434428e+02 8.884755413439834672e-11 4.169986319170473621e+02 4.528398927486730827e+03 1.769340795519909761e+03 0.000000000000000000e+00
8.784313725490195887e-03 0.000000000000000000e+00 4.258338337069167210e+02 1.286624737936850687e-10 4.170103534190868686e+02 4.052982133279115260e+03 1.769696063548050915e+03 0.000000000000000000e+00
9.058823529411764996e-03 0.000000000000000000e+00 3.984426827436779490e+02 1.087111154896127501e-10 4.064119050591613131e+02 3.302462718994746410e+03 0.000000000000000000e+00 8.511673389552770459e+03
9.333333333333332371e-03 0.000000000000000000e+00 3.810375635545880186e+02 8.859800736531598386e-11 4.030222999148454051e+02 2.930169401718974768e+03 0.000000000000000000e+00 1.022998451685082000e+04
9.607843137254901481e-03 0.000000000000000000e+00 3.804598837166454928e+02 7.940673828430597453e-11 4.029914149667156380e+02 2.747211864808851260e+03 0.000000000000000000e+00 1.043596986967347948e+04
9.882352941176470590e-03 0.000000000000000000e+00 3.804336604299468831e+02 7.675377216111253948e-11 4.029909724079449802e+02 2.655334961449278126e+03 0.000000000000000000e+00 1.046459005986898046e+04
1.015686274509803970e-02 0.000000000000000000e+00 7.493462209490289752e+02 4.423882200168897907e-11 4.804602952810655552e+02 5.483967302075421685e+03 0.000000000000000000e+00 0.000000000000000000e+00
1.043137254901960707e-02 0.000000000000000000e+00 8.319703839644623713e+02 1.277193512569446479e-11 4.780654371071978517e+02 7.351461317437795515e+03 0.000000000000000000e+00 0.000000000000000000e+00
1.070588235294117618e-02 0.000000000000000000e+00 8.431124018594051677e+02 6.005688668771117207e-12 4.780440880576034033e+02 8.650287779177004268e+03 0.000000000000000000e+00 0.000000000000000000e+00
1.098039215686274529e-02 0.000000000000000000e+00 8.445260452526243853e+02 5.411601158818574066e-12 4.780438384908231910e+02 9.318318203362527129e+03 0.000000000000000000e+00 0.000000000000000000e+00
1.125490196078431267e-02 0.000000000000000000e+00 4.370451929837331591e+02 4.453405715463150516e-11 4.164210513700315346e+02 5.354600929303071098e+03 1.763674739574817750e+03 0.000000000000000000e+00
1.152941176470588178e-02 0.000000000000000000e+00 4.058044418720738804e+02 7.796097774211497068e-11 4.081232900876537997e+02 3.885092105638106659e+03 0.000000000000000000e+00 8.050615172125286335e+03
1.180392156862745089e-02 0.000000000000000000e+00 3.813030195450899669e+02 8.804887831808917112e-11 4.030410610857949223e+02 3.108331200860364788e+03 0.000000000000000000e+00 1.017544263634669187e+04
1.207843137254902000e-02 0.000000000000000000e+00 6.639362419761830552e+02 7.261134380483770325e-11 4.888317313802029958e+02 5.025101843179964817e+03 0.000000000000000000e+00 0.000000000000000000e+00
1.235294117647058737e-02 0.000000000000000000e+00 8.223012786705282906e+02 1.755699233618467098e-11 4.781233723473463897e+02 6.961816316425642981e+03 0.000000000000000000e+00 0.000000000000000000e+00
1.262745098039215648e-02 0.000000000000000000e+00 8.417495654342937996e+02 6.960414367877459883e-12 4.780447283214967342e+02 8.347198316792937476e+03 0.000000000000000000e+00 0.000000000000000000e+00
1.290196078431372559e-02 0.000000000000000000e+00 8.443791838283226525e+02 5.426234970420751996e-12 4.780438460376528269e+02 9.191267323290225249e+03 0.000000000000000000e+00 0.000000000000000000e+00
1.317647058823529296e-02 0.000000000000000000e+00 8.446376217489225837e+02 5.407404640569870426e-12 4.780438358319096324e+02 9.486829545875891199e+03 0.000000000000000000e+00 0.000000000000000000e+00
1.345098039215686207e-02 0.000000000000000000e+00 8.446471695902951069e+02 5.407322256191482541e-12 4.780438357673608607e+02 9.525502750961019046e+03 0.000000000000000000e+00 0.000000000000000000e+00
1.372549019607843118e-02 0.000000000000000000e+00 0.000000000000000000e+00 0.000000000000000000e+00 0.000000000000000000e+00 0.000000000000000000e+00 0.000000000000000000e+00 0.000000000000000000e+00
