0.000000000000000000e+00 1.000000000000000000e+00 6.000000000000000000e+00 7.000000000000000000e+00 8.000000000000000000e+00 1.400000000000000000e+01 2.600000000000000000e+01 2.900000000000000000e+01
0.000000000000000000e+00 0.000000000000000000e+00 8.446471695902951069e+02 5.407322256191482541e-12 4.780438357673608607e+02 9.525502750961019046e+03 0.000000000000000000e+00 0.000000000000000000e+00
1.386138613861386286e-04 0.000000000000000000e+00 8.446471695902951069e+02 5.407322256191482541e-12 4.780438357673608607e+02 9.525502750961019046e+03 0.000000000000000000e+00 0.000000000000000000e+00
2.772277227722772571e-04 0.000000000000000000e+00 8.446471695902951069e+02 5.407322256191482541e-12 4.780438357673608607e+02 9.525502750961019046e+03 0.000000000000000000e+00 0.000000000000000000e+00
4.158415841584158857e-04 0.000000000000000000e+00 8.446471695902951069e+02 5.407322256191482541e-12 4.780438357673608607e+02 9.525502750961019046e+03 0.000000000000000000e+00 0.000000000000000000e+00
5.544554455445545142e-04 0.000000000000000000e+00 8.446471695902951069e+02 5.407322256191482541e-12 4.780438357673608607e+02 9.525502750961019046e+03 0.000000000000000000e+00 0.000000000000000000e+00
6.930693069306931428e-04 0.000000000000000000e+00 8.446467896890814018e+02 5.407336764677364755e-12 4.780438357694474689e+02 9.516414357766008834e+03 0.000000000000000000e+00 0.000000000000000000e+00
8.316831683168317713e-04 0.000000000000000000e+00 8.446384678928809535e+02 5.407628220958135252e-12 4.780438358643735342e+02 9.475413916443059861e+03 0.000000000000000000e+00 0.000000000000000000e+00
9.702970297029703999e-04 0.000000000000000000e+00 8.445902314934368178e+02 5.411636837458407460e-12 4.780438372124005468e+02 9.380373897782197673e+03 0.000000000000000000e+00 0.000000000000000000e+00
1.108910891089109028e-03 0.000000000000000000e+00 8.444027140889855900e+02 5.459521805221960485e-12 4.780438514096899780e+02 9.203964099860715578e+03 0.000000000000000000e+00 0.000000000000000000e+00
1.247524752475247765e-03 0.000000000000000000e+00 8.437894424009731438e+02 5.967705637348708070e-12 4.780439865778134276e+02 8.910700377720102551e+03 0.000000000000000000e+00 0.000000000000000000e+00
1.386138613861386286e-03 0.000000000000000000e+00 8.419546956077422237e+02 8.233175682819569955e-12 4.780452492154244624e+02 8.487569537925102850e+03 0.000000000000000000e+00 0.000000000000000000e+00
1.524752475247524806e-03 0.000000000000000000e+00 8.369128290646038977e+02 1.374398851194332101e-11 4.780572109291017000e+02 7.956625098458069260e+03 0.000000000000000000e+00 0.000000000000000000e+00
1.663366336633663543e-03 0.000000000000000000e+00 8.233957234870189268e+02 2.609577623374327600e-11 4.781769033290164543e+02 7.315076956523198533e+03 0.000000000000000000e+00 0.000000000000000000e+00
1.801980198019802280e-03 0.000000000000000000e+00 7.856641002078536076e+02 5.443858023854869356e-11 4.795039413613261559e+02 6.535440877384134183e+03 0.000000000000000000e+00 0.000000000000000000e+00
1.940594059405940800e-03 0.000000000000000000e+00 6.630673365578026051e+02 1.289199381008318002e-10 4.980435158322034681e+02 5.512577954829173905e+03 0.000000000000000000e+00 0.000000000000000000e+00
2.079207920792079320e-03 0.000000000000000000e+00 4.257954524310516717e+02 1.321814709229417722e-10 4.170105562699083066e+02 3.846045468930482457e+03 1.769714043448487018e+03 0.000000000000000000e+00
2.217821782178218057e-03 0.000000000000000000e+00 4.257954524310516717e+02 1.321814709229417722e-10 4.170105562699083066e+02 3.846045468930482457e+03 1.769714043448487018e+03 0.000000000000000000e+00
2.356435643564356794e-03 0.000000000000000000e+00 4.257954524310516717e+02 1.321814709229417722e-10 4.170105562699083066e+02 3.846045468930482457e+03 1.769714043448487018e+03 0.000000000000000000e+00
2.495049504950495531e-03 0.000000000000000000e+00 4.257954524310516717e+02 1.321814709229417722e-10 4.170105562699083066e+02 3.846045468930482457e+03 1.769714043448487018e+03 0.000000000000000000e+00
2.633663366336633834e-03 0.000000000000000000e+00 4.257954523611865056e+02 1.321814500416462687e-10 4.170105562698374797e+02 3.845647699680562710e+03 1.769714043455941010e+03 0.000000000000000000e+00
2.772277227722772571e-03 0.000000000000000000e+00 4.257954373852526828e+02 1.321809131230555301e-10 4.170105562506717547e+02 3.841764169878368648e+03 1.769714045528443421e+03 0.000000000000000000e+00
2.910891089108911308e-03 0.000000000000000000e+00 4.257952744259096676e+02 1.321748671853891593e-10 4.170105559367792125e+02 3.830552358647807523e+03 1.769714075791312553e+03 0.000000000000000000e+00
3.049504950495049611e-03 0.000000000000000000e+00 4.257942991388154610e+02 1.321170062766752893e-10 4.170105528790731455e+02 3.807277023376499983e+03 1.769714319409795053e+03 0.000000000000000000e+00
3.188118811881188348e-03 0.000000000000000000e+00 4.257896105103144464e+02 1.316241262959332190e-10 4.170105276830560115e+02 3.765620747502394806e+03 1.769715887305919523e+03 0.000000000000000000e+00
3.326732673267327085e-03 0.000000000000000000e+00 4.257689846356396401e+02 1.289735974443164701e-10 4.170103298306621582e+02 3.698408234201030155e+03 1.769725091273777707e+03 0.000000000000000000e+00
3.465346534653465822e-03 0.000000000000000000e+00 4.256829052053298597e+02 1.241943563070347549e-10 4.170087872189671430e+02 3.607358801746166137e+03 1.769776735203004364e+03 0.000000000000000000e+00
3.603960396039604559e-03 0.000000000000000000e+00 4.253281720854229775e+02 1.177047976222590895e-10 4.169963691249064368e+02 3.492494235268737611e+03 1.770065078066777687e+03 0.000000000000000000e+00
3.742574257425742863e-03 0.000000000000000000e+00 4.238016068034599471e+02 1.093546761939436103e-10 4.168885562888344225e+02 3.349110316397330735e+03 1.771750590064384369e+03 0.000000000000000000e+00
3.881188118811881600e-03 0.000000000000000000e+00 4.164359118539827023e+02 9.835959021432353648e-11 4.158053269113362944e+02 3.164268162456725349e+03 1.782854405297398444e+03 0.000000000000000000e+00
4.019801980198019903e-03 0.000000000000000000e+00 3.804325876706421923e+02 7.669246926903284856e-11 4.029909657505936593e+02 2.623442199220926796e+03 0.000000000000000000e+00 1.046769177665457937e+04
4.158415841584158640e-03 0.000000000000000000e+00 3.804325876706421923e+02 7.669246926903284856e-11 4.029909657505936593e+02 2.623442199220926796e+03 0.000000000000000000e+00 1.046769177665457937e+04
4.297029702970297377e-03 0.000000000000000000e+00 3.804325876706421923e+02 7.669246926903284856e-11 4.029909657505936593e+02 2.623442199220926796e+03 0.000000000000000000e+00 1.046769177665457937e+04
4.435643564356436114e-03 0.000000000000000000e+00 3.804325876706421923e+02 7.669246926903284856e-11 4.029909657505936593e+02 2.623442199220926796e+03 0.000000000000000000e+00 1.046769177665457937e+04
4.574257425742574851e-03 0.000000000000000000e+00 3.804325876706421923e+02 7.669246476346079257e-11 4.029909657505936593e+02 2.623507517998363255e+03 0.000000000000000000e+00 1.046769177665457937e+04
4.712871287128713588e-03 0.000000000000000000e+00 3.804325923081540850e+02 7.669190350412053479e-11 4.029909657420366784e+02 2.627919391133930731e+03 0.000000000000000000e+00 1.046769056104207448e+04
4.851485148514852325e-03 0.000000000000000000e+00 3.804327048501127706e+02 7.668433888680290943e-11 4.029909654922662412e+02 2.646456928303109635e+03 0.000000000000000000e+00 1.046767088331535342e+04
4.990099009900991062e-03 0.000000000000000000e+00 3.804336703427567272e+02 7.660630413965555877e-11 4.029909625922696819e+02 2.691650727107189596e+03 0.000000000000000000e+00 1.046756576173593749e+04
5.128712871287128931e-03 0.000000000000000000e+00 3.804395868661247846e+02 7.589922833787662744e-11 4.029909364715870197e+02 2.781900877138479245e+03 0.000000000000000000e+00 1.046717837788033830e+04
5.267326732673267668e-03 0.000000000000000000e+00 3.804710436945085803e+02 7.061952667642435634e-11 4.029907192800276903e+02 2.944640771561446400e+03 0.000000000000000000e+00 1.046597692080411434e+04
5.405940594059406405e-03 0.000000000000000000e+00 3.806280502312583280e+02 5.887227359348292182e-11 4.029889391382802728e+02 3.201030554242957805e+03 0.000000000000000000e+00 1.046261359516096127e+04
5.544554455445545142e-03 0.000000000000000000e+00 3.813881309848624710e+02 4.574543814117477324e-11 4.029740713784692616e+02 3.565833484176064758e+03 0.000000000000000000e+00 1.045406878092329862e+04
5.683168316831683879e-03 0.000000000000000000e+00 3.851302122460624560e+02 3.244814433377904473e-11 4.028422322897932304e+02 4.075488862576662086e+03 0.000000000000000000e+00 1.043342140742349875e+04
5.821782178217822616e-03 0.000000000000000000e+00 4.049682181396346436e+02 1.910647911000340440e-11 4.015378370439788682e+02 4.805407978890320919e+03 0.000000000000000000e+00 1.038361195183145537e+04
5.960396039603961353e-03 0.000000000000000000e+00 5.290935035355315676e+02 4.725550630052834944e-12 3.862978199218927671e+02 5.965344014947387222e+03 0.000000000000000000e+00 1.025489959795075629e+04
6.099009900990099223e-03 0.000000000000000000e+00 8.446471695902951069e+02 5.407322256191482541e-12 4.780438357673608607e+02 9.525502750961019046e+03 0.000000000000000000e+00 0.000000000000000000e+00
6.237623762376237960e-03 0.000000000000000000e+00 8.446471695902951069e+02 5.407322256191482541e-12 4.780438357673608607e+02 9.525502750961019046e+03 0.000000000000000000e+00 0.000000000000000000e+00
6.376237623762376697e-03 0.000000000000000000e+00 8.446471695902951069e+02 5.407322256191482541e-12 4.780438357673608607e+02 9.525502750961019046e+03 0.000000000000000000e+00 0.000000000000000000e+00
6.514851485148515434e-03 0.000000000000000000e+00 8.446471695902951069e+02 5.407322256191482541e-12 4.780438357673608607e+02 9.525502750961019046e+03 0.000000000000000000e+00 0.000000000000000000e+00
6.653465346534654171e-03 0.000000000000000000e+00 8.446470959860043877e+02 5.407327122632595050e-12 4.780438357677213048e+02 9.521327124178813392e+03 0.000000000000000000e+00 0.000000000000000000e+00
6.792079207920792908e-03 0.000000000000000000e+00 8.446427986940766459e+02 5.407459655055417169e-12 4.780438358068694811e+02 9.491715384856353921e+03 0.000000000000000000e+00 0.000000000000000000e+00
6.930693069306931645e-03 0.000000000000000000e+00 8.446118978462659470e+02 5.409400543784111167e-12 4.780438364699315343e+02 9.414406624418163119e+03 0.000000000000000000e+00 0.000000000000000000e+00
7.069306930693070382e-03 0.000000000000000000e+00 8.444817169944101352e+02 5.433495464801783966e-12 4.780438438333874842e+02 9.264383316607771121e+03 0.000000000000000000e+00 0.000000000000000000e+00
7.207920792079209119e-03 0.000000000000000000e+00 8.440397290678774880e+02 5.696299677206504371e-12 4.780439152058988839e+02 9.009061587640579091e+03 0.000000000000000000e+00 0.000000000000000000e+00
7.346534653465346988e-03 0.000000000000000000e+00 8.426850789849358989e+02 7.345112348917908954e-12 4.780445833659227901e+02 8.620162734266556072e+03 0.000000000000000000e+00 0.000000000000000000e+00
7.485148514851485725e-03 0.000000000000000000e+00 8.388863867154078662e+02 1.168746455297639836e-11 4.780508585726571482e+02 8.119603819022955577e+03 0.000000000000000000e+00 0.000000000000000000e+00
7.623762376237624462e-03 0.000000000000000000e+00 8.287031642571485008e+02 2.149717585157333622e-11 4.781124203612973815e+02 7.511274560681796174e+03 0.000000000000000000e+00 0.000000000000000000e+00
7.762376237623763199e-03 0.000000000000000000e+00 8.007851642650714439e+02 4.368785215353888779e-11 4.787715076146615161e+02 6.772539382628413478e+03 0.000000000000000000e+00 0.000000000000000000e+00
7.900990099009901069e-03 0.000000000000000000e+00 7.157810700721870489e+02 9.857049450351948523e-11 4.871910324715218508e+02 5.837857605511435395e+03 0.000000000000000000e+00 0.000000000000000000e+00
8.039603960396039806e-03 0.000000000000000000e+00 4.257944342187367965e+02 1.321265636653525227e-10 4.170105533795281758e+02 3.809454709360602919e+03 1.769714282358736682e+03 0.000000000000000000e+00
8.178217821782178543e-03 0.000000000000000000e+00 4.257902233290541858e+02 1.317063913681592666e-10 4.170105316355570153e+02 3.769400578564454463e+03 1.769715661398850216e+03 0.000000000000000000e+00
8.316831683168317280e-03 0.000000000000000000e+00 4.257716240849246674e+02 1.292491663955873047e-10 4.170103606149401685e+02 3.704054845271292834e+03 1.769723791175716315e+03 0.000000000000000000e+00
8.455445544554456017e-03 0.000000000000000000e+00 4.256937997566677154e+02 1.245967703885320567e-10 4.170090286687725438e+02 3.614630997080048473e+03 1.769769492024812280e+03 0.000000000000000000e+00
8.594059405940594754e-03 0.000000000000000000e+00 4.253734504312606646e+02 1.182232012304401234e-10 4.169983499202763824e+02 3.501821501307130347e+03 1.770024278337773467e+03 0.000000000000000000e+00
8.732673267326733491e-03 0.000000000000000000e+00 4.240013389557784649e+02 1.100072355487199949e-10 4.169062627380337744e+02 3.367655066243163674e+03 1.771506336243193573e+03 0.000000000000000000e+00
8.871287128712872228e-03 0.000000000000000000e+00 4.174618251910088134e+02 9.923399157613956794e-11 4.159944655973306453e+02 3.211158008513592449e+03 1.781144600387181981e+03 0.000000000000000000e+00
9.009900990099010964e-03 0.000000000000000000e+00 3.804340242173542492e+02 7.657471706951770884e-11 4.029909613541682916e+02 2.701241974520149142e+03 0.000000000000000000e+00 1.046753494188030891e+04
9.148514851485149701e-03 0.000000000000000000e+00 3.804415808078732653e+02 7.562906287154704207e-11 4.029909258825259144e+02 2.799817175917384247e+03 0.000000000000000000e+00 1.046707614577721324e+04
9.287128712871288438e-03 0.000000000000000000e+00 3.804813177861943245e+02 6.913271154200716807e-11 4.029906316664628321e+02 2.975424600952944729e+03 0.000000000000000000e+00 1.046567469088033249e+04
9.425742574257427175e-03 0.000000000000000000e+00 3.806782115679601475e+02 5.703830725761715200e-11 4.029882227984017504e+02 3.245863269656524608e+03 0.000000000000000000e+00 1.046181274323276557e+04
9.564356435643565912e-03 0.000000000000000000e+00 3.816308751729297342e+02 4.384734956354957296e-11 4.029679743747168459e+02 3.628450239587342821e+03 0.000000000000000000e+00 1.045210152420771192e+04
9.702970297029704649e-03 0.000000000000000000e+00 3.863519424721026212e+02 3.047229170433696669e-11 4.027862583119921283e+02 4.157704510223810757e+03 0.000000000000000000e+00 1.042870450262525446e+04
9.841584158415843386e-03 0.000000000000000000e+00 4.118415339563842394e+02 1.726022774502701052e-11 4.009436216177598453e+02 4.902627591860491520e+03 0.000000000000000000e+00 1.037191695289565905e+04
9.980198019801982123e-03 0.000000000000000000e+00 5.562029023477284682e+02 3.820572618454887811e-12 3.826378566430893784e+02 6.021825380716937616e+03 0.000000000000000000e+00 1.023195968534729036e+04
1.011881188118811913e-02 0.000000000000000000e+00 8.443786867631800988e+02 5.469828644246413132e-12 4.780438541678419710e+02 9.186862956452612707e+03 0.000000000000000000e+00 0.000000000000000000e+00
1.025742574257425786e-02 0.000000000000000000e+00 8.437128676400112681e+02 6.061198829186976811e-12 4.780440129698904457e+02 8.877306588813084090e+03 0.000000000000000000e+00 0.000000000000000000e+00
1.039603960396039660e-02 0.000000000000000000e+00 8.417350957631545043e+02 8.492576815511067006e-12 4.780454935591415051e+02 8.427658682914399833e+03 0.000000000000000000e+00 0.000000000000000000e+00
1.053465346534653534e-02 0.000000000000000000e+00 8.363226187739627449e+02 1.432122046912076019e-11 4.780595468156084848e+02 7.853643500762922486e+03 0.000000000000000000e+00 0.000000000000000000e+00
1.067326732673267407e-02 0.000000000000000000e+00 8.217926300763659810e+02 2.723061554931977400e-11 4.782010587106992716e+02 7.149896323317315364e+03 0.000000000000000000e+00 0.000000000000000000e+00
1.081188118811881281e-02 0.000000000000000000e+00 7.810237049804649132e+02 5.562736925753476019e-11 4.797847894155128188e+02 6.297133526915898074e+03 0.000000000000000000e+00 0.000000000000000000e+00
1.095049504950495155e-02 0.000000000000000000e+00 6.472700970880473506e+02 1.291397970475756146e-10 5.018287680864222580e+02 5.211244762598692432e+03 0.000000000000000000e+00 0.000000000000000000e+00
1.108910891089109028e-02 0.000000000000000000e+00 4.254008535816399785e+02 1.179058176573665515e-10 4.169992010552967372e+02 3.663279513338232846e+03 1.770000757392377636e+03 0.000000000000000000e+00
1.122772277227722902e-02 0.000000000000000000e+00 4.241262129599839454e+02 1.057835496138857930e-10 4.169138808669646323e+02 3.685599019845493785e+03 1.771368422104421597e+03 0.000000000000000000e+00
1.136633663366336776e-02 0.000000000000000000e+00 4.180757830286817693e+02 8.266157489569998231e-11 4.160749313195848345e+02 3.762271709000008741e+03 1.780244613889844686e+03 0.000000000000000000e+00
1.150495049504950650e-02 0.000000000000000000e+00 3.810410063459289631e+02 4.954290025433231626e-11 4.029817642807958578e+02 3.448779926852698736e+03 0.000000000000000000e+00 1.045732893864691505e+04
1.164356435643564523e-02 0.000000000000000000e+00 3.834045274089702957e+02 3.615442056845110373e-11 4.029115259656236390e+02 3.911759490464554801e+03 0.000000000000000000e+00 1.044124226621221715e+04
1.178217821782178397e-02 0.000000000000000000e+00 3.955780258428857223e+02 2.273235759794089473e-11 4.022428232850970744e+02 4.566627313381313797e+03 0.000000000000000000e+00 1.040262690418446437e+04
1.192079207920792271e-02 0.000000000000000000e+00 4.691580752175405564e+02 9.607206640517137945e-12 3.944578705508553185e+02 5.567458483807839002e+03 0.000000000000000000e+00 1.030484878944188313e+04
1.205940594059406144e-02 0.000000000000000000e+00 8.446471695902951069e+02 5.407322256191482541e-12 4.780438357673608607e+02 9.525502750961019046e+03 0.000000000000000000e+00 0.000000000000000000e+00
1.219801980198019845e-02 0.000000000000000000e+00 8.446471695902951069e+02 5.407322256191482541e-12 4.780438357673608607e+02 9.525502750961019046e+03 0.000000000000000000e+00 0.000000000000000000e+00
1.233663366336633718e-02 0.000000000000000000e+00 8.446471695902951069e+02 5.407322256191482541e-12 4.780438357673608607e+02 9.525502750961019046e+03 0.000000000000000000e+00 0.000000000000000000e+00
1.247524752475247592e-02 0.000000000000000000e+00 8.446471695902951069e+02 5.407322256191482541e-12 4.780438357673608607e+02 9.525502750961019046e+03 0.000000000000000000e+00 0.000000000000000000e+00
1.261386138613861466e-02 0.000000000000000000e+00 8.446471695902951069e+02 5.407322256191482541e-12 4.780438357673608607e+02 9.525502750961019046e+03 0.000000000000000000e+00 0.000000000000000000e+00
1.275247524752475339e-02 0.000000000000000000e+00 8.446471695902951069e+02 5.407322256191482541e-12 4.780438357673608607e+02 9.525502750961019046e+03 0.000000000000000000e+00 0.000000000000000000e+00
1.289108910891089213e-02 0.000000000000000000e+00 8.446471695902951069e+02 5.407322256191482541e-12 4.780438357673608607e+02 9.525502750961017227e+03 0.000000000000000000e+00 0.000000000000000000e+00
1.302970297029703087e-02 0.000000000000000000e+00 8.446471695902951069e+02 5.407322256191482541e-12 4.780438357673608607e+02 9.525502750961017227e+03 0.000000000000000000e+00 0.000000000000000000e+00
1.316831683168316960e-02 0.000000000000000000e+00 8.446471695902951069e+02 5.407322256191484156e-12 4.780438357673608607e+02 9.525502750961015408e+03 0.000000000000000000e+00 0.000000000000000000e+00
1.330693069306930834e-02 0.000000000000000000e+00 8.446471695902951069e+02 5.407322256191483349e-12 4.780438357673608607e+02 9.525502750961013589e+03 0.000000000000000000e+00 0.000000000000000000e+00
1.344554455445544708e-02 0.000000000000000000e+00 8.446471695902951069e+02 5.407322256191486580e-12 4.780438357673608607e+02 9.525502750961011770e+03 0.000000000000000000e+00 0.000000000000000000e+00
1.358415841584158582e-02 0.000000000000000000e+00 8.446471695902951069e+02 5.407322256191480117e-12 4.780438357673608607e+02 9.525502750961013589e+03 0.000000000000000000e+00 0.000000000000000000e+00
1.372277227722772455e-02 0.000000000000000000e+00 8.446471695902951069e+02 5.407322256191487388e-12 4.780438357673608607e+02 9.525502750961011770e+03 0.000000000000000000e+00 0.000000000000000000e+00
1.386138613861386329e-02 0.000000000000000000e+00 0.000000000000000000e+00 0.000000000000000000e+00 0.000000000000000000e+00 0.000000000000000000e+00 0.000000000000000000e+00 0.000000000000000000e+00
