0.000000000000000000e+00 1.000000000000000000e+00 6.000000000000000000e+00 7.000000000000000000e+00 8.000000000000000000e+00 1.400000000000000000e+01 2.600000000000000000e+01 2.900000000000000000e+01
0.000000000000000000e+00 0.000000000000000000e+00 8.446471695902951069e+02 5.407322256191482541e-12 4.780438357673608607e+02 9.525502750961019046e+03 0.000000000000000000e+00 0.000000000000000000e+00
2.745098039215686215e-04 0.000000000000000000e+00 8.446471695902951069e+02 5.407322256191482541e-12 4.780438357673608607e+02 9.525502750961019046e+03 0.000000000000000000e+00 0.000000000000000000e+00
5.490196078431372429e-04 0.000000000000000000e+00 8.446471695902951069e+02 5.407322256191482541e-12 4.780438357673608607e+02 9.525502750961019046e+03 0.000000000000000000e+00 0.000000000000000000e+00
8.235294117647058102e-04 0.000000000000000000e+00 8.446395422725655635e+02 5.407417566765580387e-12 4.780438358487936625e+02 9.497883175574443158e+03 0.000000000000000000e+00 0.000000000000000000e+00
1.098039215686274486e-03 0.000000000000000000e+00 8.444272591706882167e+02 5.429406273303059023e-12 4.780438488186969721e+02 9.282977233269240969e+03 0.000000000000000000e+00 0.000000000000000000e+00
1.372549019607843162e-03 0.000000000000000000e+00 8.422295443503651313e+02 7.261282252901831600e-12 4.780449728200135837e+02 8.647154045202549241e+03 0.000000000000000000e+00 0.000000000000000000e+00
1.647058823529411620e-03 0.000000000000000000e+00 8.257606975999495944e+02 2.110293079845341670e-11 4.781452320253188759e+02 7.531624825407073331e+03 0.000000000000000000e+00 0.000000000000000000e+00
1.921568627450980296e-03 0.000000000000000000e+00 6.909919211090264071e+02 9.809035426962371296e-11 4.917977012259616458e+02 5.819882084555411893e+03 0.000000000000000000e+00 0.000000000000000000e+00
2.196078431372548972e-03 0.000000000000000000e+00 4.257954524310516717e+02 1.321814709229417722e-10 4.170105562699083066e+02 3.846045468930482457e+03 1.769714043448487018e+03 0.000000000000000000e+00
2.470588235294117647e-03 0.000000000000000000e+00 4.257954524310516717e+02 1.321814709229417722e-10 4.170105562699083066e+02 3.846045468930482457e+03 1.769714043448487018e+03 0.000000000000000000e+00
2.745098039215686323e-03 0.000000000000000000e+00 4.257954444739224300e+02 1.321813656312102896e-10 4.170105562603668545e+02 3.844636616472073911e+03 1.769714044491724280e+03 0.000000000000000000e+00
3.019607843137254999e-03 0.000000000000000000e+00 4.257946601542881808e+02 1.321610966025193906e-10 4.170105541660269637e+02 3.821621572425255181e+03 1.769714222133780140e+03 0.000000000000000000e+00
3.294117647058823241e-03 0.000000000000000000e+00 4.257767618023479486e+02 1.305319129768868675e-10 4.170104164250641929e+02 3.735127072425097595e+03 1.769721346231671077e+03 0.000000000000000000e+00
3.568627450980391917e-03 0.000000000000000000e+00 4.254702783024867472e+02 1.207802647058416105e-10 4.170022297367257238e+02 3.549736548302751544e+03 1.769940252712552592e+03 0.000000000000000000e+00
3.843137254901960592e-03 0.000000000000000000e+00 4.197654439357476690e+02 1.033248641203358331e-10 4.163793225756917877e+02 3.249847550563144068e+03 1.777460518304887955e+03 0.000000000000000000e+00
4.117647058823529702e-03 0.000000000000000000e+00 3.804325876706421923e+02 7.669246926903284856e-11 4.029909657505936593e+02 2.623442199220926796e+03 0.000000000000000000e+00 1.046769177665457937e+04
4.392156862745097944e-03 0.000000000000000000e+00 3.804325876706421923e+02 7.669246926903284856e-11 4.029909657505936593e+02 2.623442199220926796e+03 0.000000000000000000e+00 1.046769177665457937e+04
4.666666666666666186e-03 0.000000000000000000e+00 3.804325885205932423e+02 7.669243532991946125e-11 4.029909657490350696e+02 2.623887751476812809e+03 0.000000000000000000e+00 1.046769152825705169e+04
4.941176470588235295e-03 0.000000000000000000e+00 3.804331115549342712e+02 7.667432667895936725e-11 4.029909643786464812e+02 2.656843982059685459e+03 0.000000000000000000e+00 1.046762059504297940e+04
5.215686274509803537e-03 0.000000000000000000e+00 3.804532346719211660e+02 7.489438272186570457e-11 4.029908534329562713e+02 2.827587367795484624e+03 0.000000000000000000e+00 1.046657911795669861e+04
5.490196078431372646e-03 0.000000000000000000e+00 3.809465102576130562e+02 5.340433976865741139e-11 4.029836343512594681e+02 3.320389009549781804e+03 0.000000000000000000e+00 1.045834900128111076e+04
5.764705882352940888e-03 0.000000000000000000e+00 3.927073555925579171e+02 2.620572666169036198e-11 4.024316061627416730e+02 4.328018248943091749e+03 0.000000000000000000e+00 1.040957592764395122e+04
6.039215686274509998e-03 0.000000000000000000e+00 8.446471695902951069e+02 5.407322256191482541e-12 4.780438357673608607e+02 9.525502750961019046e+03 0.000000000000000000e+00 0.000000000000000000e+00
6.313725490196078240e-03 0.000000000000000000e+00 8.446471695902951069e+02 5.407322256191482541e-12 4.780438357673608607e+02 9.525502750961019046e+03 0.000000000000000000e+00 0.000000000000000000e+00
6.588235294117646482e-03 0.000000000000000000e+00 8.446471695902951069e+02 5.407322256191482541e-12 4.780438357673608607e+02 9.525502750961019046e+03 0.000000000000000000e+00 0.000000000000000000e+00
6.862745098039215591e-03 0.000000000000000000e+00 8.446330881240919553e+02 5.407542420293178721e-12 4.780438359552473457e+02 9.483340138271054457e+03 0.000000000000000000e+00 0.000000000000000000e+00
7.137254901960783833e-03 0.000000000000000000e+00 8.443273683406883947e+02 5.452650847924020496e-12 4.780438608020980951e+02 9.224291179319796356e+03 0.000000000000000000e+00 0.000000000000000000e+00
7.411764705882352942e-03 0.000000000000000000e+00 8.413567723931940918e+02 8.125352641092469447e-12 4.780459744136834956e+02 8.514701313407114867e+03 0.000000000000000000e+00 0.000000000000000000e+00
7.686274509803921184e-03 0.000000000000000000e+00 8.195464724061250763e+02 2.560593373337320709e-11 4.782400386057530000e+02 7.331960672876607532e+03 0.000000000000000000e+00 0.000000000000000000e+00
7.960784313725490294e-03 0.000000000000000000e+00 6.315197869438813996e+02 1.303658781927153726e-10 5.057403082802857170e+02 5.451383312757086969e+03 0.000000000000000000e+00 0.000000000000000000e+00
8.235294117647059403e-03 0.000000000000000000e+00 4.257855895577633873e+02 1.314906480130878736e-10 4.170104981404509203e+02 3.762102218988764434e+03 1.769717465950489668e+03 0.000000000000000000e+00
8.509803921568626778e-03 0.000000000000000000e+00 4.256176549012816395e+02 1.234739225184951256e-10 4.170071180232741881e+02 3.597639390361619917e+03 1.769822962210797414e+03 0.000000000000000000e+00
8.784313725490195887e-03 0.000000000000000000e+00 4.226622994460929590e+02 1.078522176669593740e-10 4.167714329221845446e+02 3.334937062474367849e+03 1.773231352115602476e+03 0.000000000000000000e+00
9.058823529411764996e-03 0.000000000000000000e+00 3.804353991937787214e+02 7.655371939189178654e-11 4.029909560330955287e+02 2.703829796378360697e+03 0.000000000000000000e+00 1.046743032603721622e+04
9.333333333333332371e-03 0.000000000000000000e+00 3.805166447948410564e+02 6.785757426181245504e-11 4.029902922101719582e+02 2.990887194378008189e+03 0.000000000000000000e+00 1.046477487541337177e+04
9.607843137254901481e-03 0.000000000000000000e+00 3.824022410853458496e+02 4.177748486353134741e-11 4.029458116898384787e+02 3.669157008988191592e+03 0.000000000000000000e+00 1.044681754699670091e+04
9.882352941176470590e-03 0.000000000000000000e+00 4.332556346176755824e+02 1.386713125244206781e-11 3.988193444107363348e+02 5.027433048716129633e+03 0.000000000000000000e+00 1.034230735129951790e+04
1.015686274509803970e-02 0.000000000000000000e+00 8.442633726516170327e+02 5.471936373560839560e-12 4.780438703814496080e+02 9.191156828131055590e+03 0.000000000000000000e+00 0.000000000000000000e+00
1.043137254901960707e-02 0.000000000000000000e+00 8.408149023758777503e+02 8.650809576968244085e-12 4.780467749252380827e+02 8.421776099399281520e+03 0.000000000000000000e+00 0.000000000000000000e+00
1.070588235294117618e-02 0.000000000000000000e+00 8.156610704844401880e+02 2.810128743386314114e-11 4.783183297116071344e+02 7.116184733901084655e+03 0.000000000000000000e+00 0.000000000000000000e+00
1.098039215686274529e-02 0.000000000000000000e+00 6.046719300728460667e+02 1.437829308407707941e-10 5.119802412419221582e+02 5.086577785498381672e+03 0.000000000000000000e+00 0.000000000000000000e+00
1.125490196078431267e-02 0.000000000000000000e+00 4.235641921873278193e+02 1.056849190829777376e-10 4.168617070943924432e+02 3.666714027490018907e+03 1.772066286480797544e+03 0.000000000000000000e+00
1.152941176470588178e-02 0.000000000000000000e+00 3.812363145604822989e+02 4.956000436227240593e-11 4.029776056469641503e+02 3.425778740282757099e+03 0.000000000000000000e+00 1.045541582126241337e+04
1.180392156862745089e-02 0.000000000000000000e+00 4.001330411391942903e+02 2.201497818300436074e-11 4.019186618814435406e+02 4.543237649273876741e+03 0.000000000000000000e+00 1.039282027081325941e+04
1.207843137254902000e-02 0.000000000000000000e+00 8.446471695902951069e+02 5.407322256191482541e-12 4.780438357673608607e+02 9.525502750961019046e+03 0.000000000000000000e+00 0.000000000000000000e+00
1.235294117647058737e-02 0.000000000000000000e+00 8.446471695902951069e+02 5.407322256191482541e-12 4.780438357673608607e+02 9.525502750961019046e+03 0.000000000000000000e+00 0.000000000000000000e+00
1.262745098039215648e-02 0.000000000000000000e+00 8.446471695902951069e+02 5.407322256191482541e-12 4.780438357673608607e+02 9.525502750961019046e+03 0.000000000000000000e+00 0.000000000000000000e+00
1.290196078431372559e-02 0.000000000000000000e+00 8.446471695902951069e+02 5.407322256191482541e-12 4.780438357673608607e+02 9.525502750961017227e+03 0.000000000000000000e+00 0.000000000000000000e+00
1.317647058823529296e-02 0.000000000000000000e+00 8.446471695902951069e+02 5.407322256191483349e-12 4.780438357673608607e+02 9.525502750961015408e+03 0.000000000000000000e+00 0.000000000000000000e+00
1.345098039215686207e-02 0.000000000000000000e+00 8.446471695902951069e+02 5.407322256191481733e-12 4.780438357673608607e+02 9.525502750961015408e+03 0.000000000000000000e+00 0.000000000000000000e+00
1.372549019607843118e-02 0.000000000000000000e+00 0.000000000000000000e+00 0.000000000000000000e+00 0.000000000000000000e+00 0.000000000000000000e+00 0.000000000000000000e+00 0.000000000000000000e+00
