0.000000000000000000e+00 1.000000000000000000e+00 6.000000000000000000e+00 7.000000000000000000e+00 8.000000000000000000e+00 1.400000000000000000e+01 2.600000000000000000e+01 2.900000000000000000e+01
0.000000000000000000e+00 0.000000000000000000e+00 8.446651480667711667e+02 5.407322256191485772e-12 4.780361556788260486e+02 9.525502750961031779e+03 0.000000000000000000e+00 0.000000000000000000e+00
1.386138613861386286e-04 0.000000000000000000e+00 8.446651480667711667e+02 5.407322256191484964e-12 4.780361556788260486e+02 9.525502750961031779e+03 0.000000000000000000e+00 0.000000000000000000e+00
2.772277227722772571e-04 0.000000000000000000e+00 8.446651480667711667e+02 5.407322256191484964e-12 4.780361556788260486e+02 9.525502750961029960e+03 0.000000000000000000e+00 0.000000000000000000e+00
4.158415841584158857e-04 0.000000000000000000e+00 8.446651480667711667e+02 5.407322256191484964e-12 4.780361556788260486e+02 9.525502750961031779e+03 0.000000000000000000e+00 0.000000000000000000e+00
5.544554455445545142e-04 0.000000000000000000e+00 8.446651480667711667e+02 5.407322256191487388e-12 4.780361556788260486e+02 9.525502750961029960e+03 0.000000000000000000e+00 0.000000000000000000e+00
6.930693069306931428e-04 0.000000000000000000e+00 8.446651480667711667e+02 5.407322256191486580e-12 4.780361556788260486e+02 9.525502750961031779e+03 0.000000000000000000e+00 0.000000000000000000e+00
8.316831683168317713e-04 0.000000000000000000e+00 8.446651480667711667e+02 5.407322256191485772e-12 4.780361556788260486e+02 9.525502750961031779e+03 0.000000000000000000e+00 0.000000000000000000e+00
9.702970297029703999e-04 0.000000000000000000e+00 8.446651480667711667e+02 5.407322256191485772e-12 4.780361556788260486e+02 9.525502750961031779e+03 0.000000000000000000e+00 0.000000000000000000e+00
1.108910891089109028e-03 0.000000000000000000e+00 8.446651480667711667e+02 5.407322256191485772e-12 4.780361556788260486e+02 9.525502750961031779e+03 0.000000000000000000e+00 0.000000000000000000e+00
1.247524752475247765e-03 0.000000000000000000e+00 8.446651480667711667e+02 5.407322256191485772e-12 4.780361556788260486e+02 9.525502750961031779e+03 0.000000000000000000e+00 0.000000000000000000e+00
1.386138613861386286e-03 0.000000000000000000e+00 8.446651480667711667e+02 5.407322256191485772e-12 4.780361556788260486e+02 9.525502750961031779e+03 0.000000000000000000e+00 0.000000000000000000e+00
1.524752475247524806e-03 0.000000000000000000e+00 8.446651480667711667e+02 5.407322256191485772e-12 4.780361556788260486e+02 9.525502750961031779e+03 0.000000000000000000e+00 0.000000000000000000e+00
1.663366336633663543e-03 0.000000000000000000e+00 8.446651480667711667e+02 5.407322256191485772e-12 4.780361556788260486e+02 9.525502750961031779e+03 0.000000000000000000e+00 0.000000000000000000e+00
1.801980198019802280e-03 0.000000000000000000e+00 8.446651480667711667e+02 5.407322256191485772e-12 4.780361556788260486e+02 9.525502750961031779e+03 0.000000000000000000e+00 0.000000000000000000e+00
1.940594059405940800e-03 0.000000000000000000e+00 8.446651480667711667e+02 5.407322256191485772e-12 4.780361556788260486e+02 9.525502750961031779e+03 0.000000000000000000e+00 0.000000000000000000e+00
2.079207920792079320e-03 0.000000000000000000e+00 5.217998019511890107e+02 1.535253698363672102e-11 4.042014618945910911e+02 6.368852836270819353e+03 1.713966334362779207e+03 0.000000000000000000e+00
2.217821782178218057e-03 0.000000000000000000e+00 4.479786167989808519e+02 3.827040747801806950e-11 4.153190041003014699e+02 5.533328236170376840e+03 1.757401547284850949e+03 0.000000000000000000e+00
2.356435643564356794e-03 0.000000000000000000e+00 4.308546123464466859e+02 6.213680117101318071e-11 4.168132585204344878e+02 4.970955912262408674e+03 1.767082434595702580e+03 0.000000000000000000e+00
2.495049504950495531e-03 0.000000000000000000e+00 4.269949746461592213e+02 8.629556612263331408e-11 4.169813877615271736e+02 4.564608703729149056e+03 1.769118783591471811e+03 0.000000000000000000e+00
2.633663366336633834e-03 0.000000000000000000e+00 4.260792832672174768e+02 1.100877778630792890e-10 4.170020942232798120e+02 4.269467650623122609e+03 1.769577301523431743e+03 0.000000000000000000e+00
2.772277227722772571e-03 0.000000000000000000e+00 4.258617361298298647e+02 1.279143873456464211e-10 4.170047731335716890e+02 4.066314263743302035e+03 1.769682432816920709e+03 0.000000000000000000e+00
2.910891089108911308e-03 0.000000000000000000e+00 4.258122034026996516e+02 1.317170161549209200e-10 4.170051230886988378e+02 3.946771995928019351e+03 1.769705751034957757e+03 0.000000000000000000e+00
3.049504950495049611e-03 0.000000000000000000e+00 4.258016920649405392e+02 1.321371454379041125e-10 4.170051681182904986e+02 3.883761110224018466e+03 1.769710649690298169e+03 0.000000000000000000e+00
3.188118811881188348e-03 0.000000000000000000e+00 4.257997777667654873e+02 1.321780461195057032e-10 4.170051734352160224e+02 3.855448417946339305e+03 1.769711554548252707e+03 0.000000000000000000e+00
3.326732673267327085e-03 0.000000000000000000e+00 4.257995381339330834e+02 1.321813709167728858e-10 4.170051739104656008e+02 3.846669401568428839e+03 1.769711672921284617e+03 0.000000000000000000e+00
3.465346534653465822e-03 0.000000000000000000e+00 4.257995300699617474e+02 1.321814709229418498e-10 4.170051739249868774e+02 3.846045468930483366e+03 1.769711677356650398e+03 0.000000000000000000e+00
3.603960396039604559e-03 0.000000000000000000e+00 4.257995300699617474e+02 1.321814709229418498e-10 4.170051739249868774e+02 3.846045468930483366e+03 1.769711677356650398e+03 0.000000000000000000e+00
3.742574257425742863e-03 0.000000000000000000e+00 4.257995300699617474e+02 1.321814709229418498e-10 4.170051739249868774e+02 3.846045468930483366e+03 1.769711677356650398e+03 0.000000000000000000e+00
3.881188118811881600e-03 0.000000000000000000e+00 4.257995300699617474e+02 1.321814709229418498e-10 4.170051739249868774e+02 3.846045468930483366e+03 1.769711677356650398e+03 0.000000000000000000e+00
4.019801980198019903e-03 0.000000000000000000e+00 4.014335696497956860e+02 1.138638150908699845e-10 4.068019403693115237e+02 3.348391500662467479e+03 0.000000000000000000e+00 8.228142948988532225e+03
4.158415841584158640e-03 0.000000000000000000e+00 3.870335211327904403e+02 9.919340775510198522e-11 4.038934613916603098e+02 3.115543224419710896e+03 0.000000000000000000e+00 9.451092069167250884e+03
4.297029702970297377e-03 0.000000000000000000e+00 3.816972569754790925e+02 9.039071556005651801e-11 4.030769190296742863e+02 2.962516804286286970e+03 0.000000000000000000e+00 1.010179241748736240e+04
4.435643564356436114e-03 0.000000000000000000e+00 3.806971283613003152e+02 8.432943550513359437e-11 4.029957779482996330e+02 2.849559376575716669e+03 0.000000000000000000e+00 1.033123027094912140e+04
4.574257425742574851e-03 0.000000000000000000e+00 3.804909245570881353e+02 8.017193560473353991e-11 4.029866799530836943e+02 2.764383429405736933e+03 0.000000000000000000e+00 1.041783005445103481e+04
4.712871287128713588e-03 0.000000000000000000e+00 3.804467253957570279e+02 7.761287773664714597e-11 4.029855898411560702e+02 2.701874948693218357e+03 0.000000000000000000e+00 1.045070913897846185e+04
4.851485148514852325e-03 0.000000000000000000e+00 3.804373132838655920e+02 7.679443885469764496e-11 4.029854550670397089e+02 2.661574106946974553e+03 0.000000000000000000e+00 1.046253522468168558e+04
4.990099009900991062e-03 0.000000000000000000e+00 3.804353968664284480e+02 7.670226653388866283e-11 4.029854385312979161e+02 2.639324262311803523e+03 0.000000000000000000e+00 1.046645146570815814e+04
5.128712871287128931e-03 0.000000000000000000e+00 3.804350383629547991e+02 7.669327577460183908e-11 4.029854365858132610e+02 2.628391718832693641e+03 0.000000000000000000e+00 1.046761312245375666e+04
5.267326732673267668e-03 0.000000000000000000e+00 3.804349850210594468e+02 7.669251006137018111e-11 4.029854363932269621e+02 2.624186005919519630e+03 0.000000000000000000e+00 1.046787850570882256e+04
5.405940594059406405e-03 0.000000000000000000e+00 3.804349807872467863e+02 7.669246926903280978e-11 4.029854363819913488e+02 2.623442199220923158e+03 0.000000000000000000e+00 1.046790884473118240e+04
5.544554455445545142e-03 0.000000000000000000e+00 3.804349807872467863e+02 7.669246926903280978e-11 4.029854363819913488e+02 2.623442199220923158e+03 0.000000000000000000e+00 1.046790884473118240e+04
5.683168316831683879e-03 0.000000000000000000e+00 3.804349807872467863e+02 7.669246926903280978e-11 4.029854363819913488e+02 2.623442199220923158e+03 0.000000000000000000e+00 1.046790884473118240e+04
5.821782178217822616e-03 0.000000000000000000e+00 3.804349807872467863e+02 7.669246926903280978e-11 4.029854363819913488e+02 2.623442199220923158e+03 0.000000000000000000e+00 1.046790884473118240e+04
5.960396039603961353e-03 0.000000000000000000e+00 3.804349807872467863e+02 7.669246926903280978e-11 4.029854363819913488e+02 2.623442199220923158e+03 0.000000000000000000e+00 1.046790884473118240e+04
6.099009900990099223e-03 0.000000000000000000e+00 6.732824383370723353e+02 6.090672971877001607e-11 4.879175681938837670e+02 4.974253449992598689e+03 0.000000000000000000e+00 0.000000000000000000e+00
6.237623762376237960e-03 0.000000000000000000e+00 7.837094078805679374e+02 2.948729837292676393e-11 4.789703789529671667e+02 6.107351167683675158e+03 0.000000000000000000e+00 0.000000000000000000e+00
6.376237623762376697e-03 0.000000000000000000e+00 8.222164532873915732e+02 1.588824821814325965e-11 4.781254250553359384e+02 7.028576763434879467e+03 0.000000000000000000e+00 0.000000000000000000e+00
6.514851485148515434e-03 0.000000000000000000e+00 8.363813558993822426e+02 9.515698853918786001e-12 4.780454069581950307e+02 7.802804796874680505e+03 0.000000000000000000e+00 0.000000000000000000e+00
6.653465346534654171e-03 0.000000000000000000e+00 8.417532657773173241e+02 6.583160107208997026e-12 4.780371559904895093e+02 8.444725678140763193e+03 0.000000000000000000e+00 0.000000000000000000e+00
6.792079207920792908e-03 0.000000000000000000e+00 8.437272772007668209e+02 5.544402707772274285e-12 4.780362643133400411e+02 8.934083645408751181e+03 0.000000000000000000e+00 0.000000000000000000e+00
6.930693069306931645e-03 0.000000000000000000e+00 8.443948532546975230e+02 5.418381742187554957e-12 4.780361671473801266e+02 9.242523632733387785e+03 0.000000000000000000e+00 0.000000000000000000e+00
7.069306930693070382e-03 0.000000000000000000e+00 8.446019864748377586e+02 5.408084361554530347e-12 4.780361567554963358e+02 9.416927744424405319e+03 0.000000000000000000e+00 0.000000000000000000e+00
7.207920792079209119e-03 0.000000000000000000e+00 8.446558176598643968e+02 5.407362846766840300e-12 4.780361557500327763e+02 9.499358870108073461e+03 0.000000000000000000e+00 0.000000000000000000e+00
7.346534653465346988e-03 0.000000000000000000e+00 8.446649191988904022e+02 5.407322826253557120e-12 4.780361556798729339e+02 9.524357479844718910e+03 0.000000000000000000e+00 0.000000000000000000e+00
7.485148514851485725e-03 0.000000000000000000e+00 8.446651480667711667e+02 5.407322256191485772e-12 4.780361556788260486e+02 9.525502750961031779e+03 0.000000000000000000e+00 0.000000000000000000e+00
7.623762376237624462e-03 0.000000000000000000e+00 8.446651480667711667e+02 5.407322256191485772e-12 4.780361556788260486e+02 9.525502750961031779e+03 0.000000000000000000e+00 0.000000000000000000e+00
7.762376237623763199e-03 0.000000000000000000e+00 8.446651480667711667e+02 5.407322256191485772e-12 4.780361556788260486e+02 9.525502750961031779e+03 0.000000000000000000e+00 0.000000000000000000e+00
7.900990099009901069e-03 0.000000000000000000e+00 8.446651480667711667e+02 5.407322256191485772e-12 4.780361556788260486e+02 9.525502750961031779e+03 0.000000000000000000e+00 0.000000000000000000e+00
8.039603960396039806e-03 0.000000000000000000e+00 5.456801343616004942e+02 6.538156140442592311e-12 4.004873039193648765e+02 6.712336097331699420e+03 1.700238587186663153e+03 0.000000000000000000e+00
8.178217821782178543e-03 0.000000000000000000e+00 4.604133254531976718e+02 3.150977062486619919e-11 4.137138094762196943e+02 5.735677036293473066e+03 1.749969766882501744e+03 0.000000000000000000e+00
8.316831683168317280e-03 0.000000000000000000e+00 4.334949405865984318e+02 5.525125818018387299e-11 4.166461197987761693e+02 5.113195596721653601e+03 1.765628378808259413e+03 0.000000000000000000e+00
8.455445544554456017e-03 0.000000000000000000e+00 4.276081905907117289e+02 7.930650795179294379e-11 4.169616638554731480e+02 4.668249157021771680e+03 1.768801900278742778e+03 0.000000000000000000e+00
8.594059405940594754e-03 0.000000000000000000e+00 4.262258380333227592e+02 1.034580994721246488e-10 4.169995963057540393e+02 4.344098699432583089e+03 1.769504889730932973e+03 0.000000000000000000e+00
8.732673267326733491e-03 0.000000000000000000e+00 4.258960735690129127e+02 1.244060792158351822e-10 4.170044464307602539e+02 4.115183387918729750e+03 1.769665973921475825e+03 0.000000000000000000e+00
8.871287128712872228e-03 0.000000000000000000e+00 4.258198364146262520e+02 1.312888073228771140e-10 4.170050804534780582e+02 3.973940657851066135e+03 1.769702165361305333e+03 0.000000000000000000e+00
9.009900990099010964e-03 0.000000000000000000e+00 4.023089058663208561e+02 1.151599904835620187e-10 4.069925929975931922e+02 3.413302114227229140e+03 0.000000000000000000e+00 8.165858784123211080e+03
9.148514851485149701e-03 0.000000000000000000e+00 3.878842188244041722e+02 9.997769130193356883e-11 4.040542817005666052e+02 3.141292821669966088e+03 0.000000000000000000e+00 9.371103407602988227e+03
9.287128712871288438e-03 0.000000000000000000e+00 3.818483867115693897e+02 9.091905568868833307e-11 4.030921106043724649e+02 2.973371566784533570e+03 0.000000000000000000e+00 1.007497751019545103e+04
9.425742574257427175e-03 0.000000000000000000e+00 3.807274159356148289e+02 8.469052935325088831e-11 4.029974243077115830e+02 2.856601534492379415e+03 0.000000000000000000e+00 1.032131012293709864e+04
9.564356435643565912e-03 0.000000000000000000e+00 3.804973578346878185e+02 8.041392313844265321e-11 4.029868734123542140e+02 2.769668052972398527e+03 0.000000000000000000e+00 1.041403771964635962e+04
9.702970297029704649e-03 0.000000000000000000e+00 3.804481052571485975e+02 7.773794376673923884e-11 4.029856136404633844e+02 2.705611472712751493e+03 0.000000000000000000e+00 1.044930683371738633e+04
9.841584158415843386e-03 0.000000000000000000e+00 3.804376057109369640e+02 7.681331048752753714e-11 4.029854580802257829e+02 2.663775333801815577e+03 0.000000000000000000e+00 1.046204496870795265e+04
9.980198019801982123e-03 0.000000000000000000e+00 3.804354527364519640e+02 7.670410028533787069e-11 4.029854388819026099e+02 2.640470972973465905e+03 0.000000000000000000e+00 1.046630039459739055e+04
1.011881188118811913e-02 0.000000000000000000e+00 6.946098353583948892e+02 5.443649242347099077e-11 4.856176828815607109e+02 5.167776695126743107e+03 0.000000000000000000e+00 0.000000000000000000e+00
1.025742574257425786e-02 0.000000000000000000e+00 7.918745899364317893e+02 2.684830454394906559e-11 4.786974857771859888e+02 6.251409706698052105e+03 0.000000000000000000e+00 0.000000000000000000e+00
1.039603960396039660e-02 0.000000000000000000e+00 8.251572165146168345e+02 1.466491016151082573e-11 4.781003296870296708e+02 7.147372356517172193e+03 0.000000000000000000e+00 0.000000000000000000e+00
1.053465346534653534e-02 0.000000000000000000e+00 8.374992400736879290e+02 8.935299917979109530e-12 4.780428573390694851e+02 7.902740445281386201e+03 0.000000000000000000e+00 0.000000000000000000e+00
1.067326732673267407e-02 0.000000000000000000e+00 8.421733493710818266e+02 6.336565878261985101e-12 4.780368823373371470e+02 8.524830263117139111e+03 0.000000000000000000e+00 0.000000000000000000e+00
1.081188118811881281e-02 0.000000000000000000e+00 8.438733813411423625e+02 5.504363935939615494e-12 4.780362344976219902e+02 8.988006229700415133e+03 0.000000000000000000e+00 0.000000000000000000e+00
1.095049504950495155e-02 0.000000000000000000e+00 8.444415935432269862e+02 5.414849953913921054e-12 4.780361639265620965e+02 9.274829684648646435e+03 0.000000000000000000e+00 0.000000000000000000e+00
1.108910891089109028e-02 0.000000000000000000e+00 5.147128680854654021e+02 1.697749370193092380e-11 4.053105389871832358e+02 6.226150923958955900e+03 1.717994960958906631e+03 0.000000000000000000e+00
1.122772277227722902e-02 0.000000000000000000e+00 4.456694592740696521e+02 4.012882513711977358e-11 4.155809902664424840e+02 5.472913734149084121e+03 1.758760160813111497e+03 0.000000000000000000e+00
1.136633663366336776e-02 0.000000000000000000e+00 4.303514706470539863e+02 6.384796841773768109e-11 4.168413841203857828e+02 4.937199194293454639e+03 1.767356659507576751e+03 0.000000000000000000e+00
1.150495049504950650e-02 0.000000000000000000e+00 4.033283409484155868e+02 7.705780597923156612e-11 4.069917623787545153e+02 3.986114495843176883e+03 0.000000000000000000e+00 8.184490470592552811e+03
1.164356435643564523e-02 0.000000000000000000e+00 3.885608258352761482e+02 8.362793481812568223e-11 4.041420782471482198e+02 3.479363389447428744e+03 0.000000000000000000e+00 9.335096225756629792e+03
1.178217821782178397e-02 0.000000000000000000e+00 3.819711868028917365e+02 8.839721154589578912e-11 4.031002275887650512e+02 3.148189099664058631e+03 0.000000000000000000e+00 1.006307394685325016e+04
1.192079207920792271e-02 0.000000000000000000e+00 3.807511853678933562e+02 8.459126376232998947e-11 4.029983093050634011e+02 2.935426225031563263e+03 0.000000000000000000e+00 1.031673957126257119e+04
1.205940594059406144e-02 0.000000000000000000e+00 6.340398726624869141e+02 8.227607288392524777e-11 4.922588047857050242e+02 4.834351394271843674e+03 0.000000000000000000e+00 0.000000000000000000e+00
1.219801980198019845e-02 0.000000000000000000e+00 7.625298508606171026e+02 3.665002220488849912e-11 4.799767586618623909e+02 5.969173671226995793e+03 0.000000000000000000e+00 0.000000000000000000e+00
1.233663366336633718e-02 0.000000000000000000e+00 8.147854761327865845e+02 1.884442106876855442e-11 4.782135718048670583e+02 6.864548005114443185e+03 0.000000000000000000e+00 0.000000000000000000e+00
1.247524752475247592e-02 0.000000000000000000e+00 8.335985725920147615e+02 1.088058203821966090e-11 4.780541169655425051e+02 7.633994341135886316e+03 0.000000000000000000e+00 0.000000000000000000e+00
1.261386138613861466e-02 0.000000000000000000e+00 8.407022107036658554e+02 7.185766553002573145e-12 4.780380758195428257e+02 8.289105234035174362e+03 0.000000000000000000e+00 0.000000000000000000e+00
1.275247524752475339e-02 0.000000000000000000e+00 8.433539489907722100e+02 5.683820931601965594e-12 4.780363647758989600e+02 8.816257504392016926e+03 0.000000000000000000e+00 0.000000000000000000e+00
1.289108910891089213e-02 0.000000000000000000e+00 8.442716847214426252e+02 5.430193262753297984e-12 4.780361781259585996e+02 9.170541546136661054e+03 0.000000000000000000e+00 0.000000000000000000e+00
1.302970297029703087e-02 0.000000000000000000e+00 8.445659280507757103e+02 5.408990142361732680e-12 4.780361578875462669e+02 9.378038634782758891e+03 0.000000000000000000e+00 0.000000000000000000e+00
1.316831683168316960e-02 0.000000000000000000e+00 8.446474767924463549e+02 5.407420594308557480e-12 4.780361558509190445e+02 9.483136672945425744e+03 0.000000000000000000e+00 0.000000000000000000e+00
1.330693069306930834e-02 0.000000000000000000e+00 8.446639791012116802e+02 5.407325045733473600e-12 4.780361556848411055e+02 9.521243579074940499e+03 0.000000000000000000e+00 0.000000000000000000e+00
1.344554455445544708e-02 0.000000000000000000e+00 8.446651480667711667e+02 5.407322256191485772e-12 4.780361556788260486e+02 9.525502750961031779e+03 0.000000000000000000e+00 0.000000000000000000e+00
1.358415841584158582e-02 0.000000000000000000e+00 8.446651480667711667e+02 5.407322256191485772e-12 4.780361556788260486e+02 9.525502750961031779e+03 0.000000000000000000e+00 0.000000000000000000e+00
1.372277227722772455e-02 0.000000000000000000e+00 8.446651480667711667e+02 5.407322256191485772e-12 4.780361556788260486e+02 9.525502750961031779e+03 0.000000000000000000e+00 0.000000000000000000e+00
1.386138613861386329e-02 0.000000000000000000e+00 0.000000000000000000e+00 0.000000000000000000e+00 0.000000000000000000e+00 0.000000000000000000e+00 0.000000000000000000e+00 0.000000000000000000e+00
