0.000000000000000000e+00 1.000000000000000000e+00 6.000000000000000000e+00 7.000000000000000000e+00 8.000000000000000000e+00 1.400000000000000000e+01 2.600000000000000000e+01 2.900000000000000000e+01
0.000000000000000000e+00 0.000000000000000000e+00 5.161897302756419776e+03 1.920082469754440240e+02 9.695620246832548219e+03 2.572679683028494765e+04 0.000000000000000000e+00 0.000000000000000000e+00
1.386138613861386286e-04 0.000000000000000000e+00 5.161897302756419776e+03 1.920082469754440240e+02 9.695620246832548219e+03 2.572679683028494765e+04 0.000000000000000000e+00 0.000000000000000000e+00
2.772277227722772571e-04 0.000000000000000000e+00 5.161897302756419776e+03 1.920082469754440240e+02 9.695620246832548219e+03 2.572679683028494765e+04 0.000000000000000000e+00 0.000000000000000000e+00
4.158415841584158857e-04 0.000000000000000000e+00 5.161897302756419776e+03 1.920082469754440240e+02 9.695620246832548219e+03 2.572679683028494765e+04 0.000000000000000000e+00 0.000000000000000000e+00
5.544554455445545142e-04 0.000000000000000000e+00 5.161897302756419776e+03 1.920082469754440240e+02 9.695620246832548219e+03 2.572679683028494765e+04 0.000000000000000000e+00 0.000000000000000000e+00
6.930693069306931428e-04 0.000000000000000000e+00 5.161897302756419776e+03 1.920082469754440240e+02 9.695620246832548219e+03 2.572679683028494765e+04 0.000000000000000000e+00 0.000000000000000000e+00
8.316831683168317713e-04 0.000000000000000000e+00 5.161897302756419776e+03 1.920082469754440240e+02 9.695620246832548219e+03 2.572679683028494765e+04 0.000000000000000000e+00 0.000000000000000000e+00
9.702970297029703999e-04 0.000000000000000000e+00 5.161897302756419776e+03 1.920082469754440240e+02 9.695620246832548219e+03 2.572679683028494765e+04 0.000000000000000000e+00 0.000000000000000000e+00
1.108910891089109028e-03 0.000000000000000000e+00 5.161897302756419776e+03 1.920082469754440240e+02 9.695620246832548219e+03 2.572679683028494765e+04 0.000000000000000000e+00 0.000000000000000000e+00
1.247524752475247765e-03 0.000000000000000000e+00 5.161897302756419776e+03 1.920082469754440240e+02 9.695620246832548219e+03 2.572679683028494765e+04 0.000000000000000000e+00 0.000000000000000000e+00
1.386138613861386286e-03 0.000000000000000000e+00 5.161897302756419776e+03 1.920082469754440240e+02 9.695620246832548219e+03 2.572679683028494765e+04 0.000000000000000000e+00 0.000000000000000000e+00
1.524752475247524806e-03 0.000000000000000000e+00 5.161897302756419776e+03 1.920082469754440240e+02 9.695620246832548219e+03 2.572679683028494765e+04 0.000000000000000000e+00 0.000000000000000000e+00
1.663366336633663543e-03 0.000000000000000000e+00 5.161897302756419776e+03 1.920082469754440240e+02 9.695620246832548219e+03 2.572679683028494765e+04 0.000000000000000000e+00 0.000000000000000000e+00
1.801980198019802280e-03 0.000000000000000000e+00 5.161897302756419776e+03 1.920082469754440240e+02 9.695620246832548219e+03 2.572679683028494765e+04 0.000000000000000000e+00 0.000000000000000000e+00
1.940594059405940800e-03 0.000000000000000000e+00 5.161897302756419776e+03 1.920082469754440240e+02 9.695620246832548219e+03 2.572679683028494765e+04 0.000000000000000000e+00 0.000000000000000000e+00
2.079207920792079320e-03 0.000000000000000000e+00 3.363683811141511342e+03 1.421262812100763426e+02 6.988354949346238755e+03 1.904321308346296064e+04 2.171827827571296802e+04 0.000000000000000000e+00
2.217821782178218057e-03 0.000000000000000000e+00 3.363683811141511342e+03 1.421262812100763426e+02 6.988354949346238755e+03 1.904321308346296064e+04 2.171827827571296802e+04 0.000000000000000000e+00
2.356435643564356794e-03 0.000000000000000000e+00 3.363683811141511342e+03 1.421262812100763426e+02 6.988354949346238755e+03 1.904321308346296064e+04 2.171827827571296802e+04 0.000000000000000000e+00
2.495049504950495531e-03 0.000000000000000000e+00 3.363683811141511342e+03 1.421262812100763426e+02 6.988354949346238755e+03 1.904321308346296064e+04 2.171827827571296802e+04 0.000000000000000000e+00
2.633663366336633834e-03 0.000000000000000000e+00 3.363683811141511342e+03 1.421262812100763426e+02 6.988354949346238755e+03 1.904321308346296064e+04 2.171827827571296802e+04 0.000000000000000000e+00
2.772277227722772571e-03 0.000000000000000000e+00 3.363683811141511342e+03 1.421262812100763426e+02 6.988354949346238755e+03 1.904321308346296064e+04 2.171827827571296802e+04 0.000000000000000000e+00
2.910891089108911308e-03 0.000000000000000000e+00 3.363683811141511342e+03 1.421262812100763426e+02 6.988354949346238755e+03 1.904321308346296064e+04 2.171827827571296802e+04 0.000000000000000000e+00
3.049504950495049611e-03 0.000000000000000000e+00 3.363683811141511342e+03 1.421262812100763426e+02 6.988354949346238755e+03 1.904321308346296064e+04 2.171827827571296802e+04 0.000000000000000000e+00
3.188118811881188348e-03 0.000000000000000000e+00 3.363683811141511342e+03 1.421262812100763426e+02 6.988354949346238755e+03 1.904321308346296064e+04 2.171827827571296802e+04 0.000000000000000000e+00
3.326732673267327085e-03 0.000000000000000000e+00 3.363683811141511342e+03 1.421262812100763426e+02 6.988354949346238755e+03 1.904321308346296064e+04 2.171827827571296802e+04 0.000000000000000000e+00
3.465346534653465822e-03 0.000000000000000000e+00 3.363683811141511342e+03 1.421262812100763426e+02 6.988354949346238755e+03 1.904321308346296064e+04 2.171827827571296802e+04 0.000000000000000000e+00
3.603960396039604559e-03 0.000000000000000000e+00 3.363683811141511342e+03 1.421262812100763426e+02 6.988354949346238755e+03 1.904321308346296064e+04 2.171827827571296802e+04 0.000000000000000000e+00
3.742574257425742863e-03 0.000000000000000000e+00 3.363683811141511342e+03 1.421262812100763426e+02 6.988354949346238755e+03 1.904321308346296064e+04 2.171827827571296802e+04 0.000000000000000000e+00
3.881188118811881600e-03 0.000000000000000000e+00 3.363683811141511342e+03 1.421262812100763426e+02 6.988354949346238755e+03 1.904321308346296064e+04 2.171827827571296802e+04 0.000000000000000000e+00
4.019801980198019903e-03 0.000000000000000000e+00 3.103086479787271401e+03 1.248995596901751810e+02 6.543815750687808759e+03 1.673503949417401964e+04 0.000000000000000000e+00 5.347441090024044388e+04
4.158415841584158640e-03 0.000000000000000000e+00 3.103086479787271401e+03 1.248995596901751810e+02 6.543815750687808759e+03 1.673503949417401964e+04 0.000000000000000000e+00 5.347441090024044388e+04
4.297029702970297377e-03 0.000000000000000000e+00 3.103086479787271401e+03 1.248995596901751810e+02 6.543815750687808759e+03 1.673503949417401964e+04 0.000000000000000000e+00 5.347441090024044388e+04
4.435643564356436114e-03 0.000000000000000000e+00 3.103086479787271401e+03 1.248995596901751810e+02 6.543815750687808759e+03 1.673503949417401964e+04 0.000000000000000000e+00 5.347441090024044388e+04
4.574257425742574851e-03 0.000000000000000000e+00 3.103086479787271401e+03 1.248995596901751810e+02 6.543815750687808759e+03 1.673503949417401964e+04 0.000000000000000000e+00 5.347441090024044388e+04
4.712871287128713588e-03 0.000000000000000000e+00 3.103086479787271401e+03 1.248995596901751810e+02 6.543815750687808759e+03 1.673503949417401964e+04 0.000000000000000000e+00 5.347441090024044388e+04
4.851485148514852325e-03 0.000000000000000000e+00 3.103086479787271401e+03 1.248995596901751810e+02 6.543815750687808759e+03 1.673503949417401964e+04 0.000000000000000000e+00 5.347441090024044388e+04
4.990099009900991062e-03 0.000000000000000000e+00 3.103086479787271401e+03 1.248995596901751810e+02 6.543815750687808759e+03 1.673503949417401964e+04 0.000000000000000000e+00 5.347441090024044388e+04
5.128712871287128931e-03 0.000000000000000000e+00 3.103086479787271401e+03 1.248995596901751810e+02 6.543815750687808759e+03 1.673503949417401964e+04 0.000000000000000000e+00 5.347441090024044388e+04
5.267326732673267668e-03 0.000000000000000000e+00 3.103086479787271401e+03 1.248995596901751810e+02 6.543815750687808759e+03 1.673503949417401964e+04 0.000000000000000000e+00 5.347441090024044388e+04
5.405940594059406405e-03 0.000000000000000000e+00 3.103086479787271401e+03 1.248995596901751810e+02 6.543815750687808759e+03 1.673503949417401964e+04 0.000000000000000000e+00 5.347441090024044388e+04
5.544554455445545142e-03 0.000000000000000000e+00 3.103086479787271401e+03 1.248995596901751810e+02 6.543815750687808759e+03 1.673503949417401964e+04 0.000000000000000000e+00 5.347441090024044388e+04
5.683168316831683879e-03 0.000000000000000000e+00 3.103086479787271401e+03 1.248995596901751810e+02 6.543815750687808759e+03 1.673503949417401964e+04 0.000000000000000000e+00 5.347441090024044388e+04
5.821782178217822616e-03 0.000000000000000000e+00 3.103086479787271401e+03 1.248995596901751810e+02 6.543815750687808759e+03 1.673503949417401964e+04 0.000000000000000000e+00 5.347441090024044388e+04
5.960396039603961353e-03 0.000000000000000000e+00 3.103086479787271401e+03 1.248995596901751810e+02 6.543815750687808759e+03 1.673503949417401964e+04 0.000000000000000000e+00 5.347441090024044388e+04
6.099009900990099223e-03 0.000000000000000000e+00 5.161897302756419776e+03 1.920082469754440240e+02 9.695620246832548219e+03 2.572679683028494765e+04 0.000000000000000000e+00 0.000000000000000000e+00
6.237623762376237960e-03 0.000000000000000000e+00 5.161897302756419776e+03 1.920082469754440240e+02 9.695620246832548219e+03 2.572679683028494765e+04 0.000000000000000000e+00 0.000000000000000000e+00
6.376237623762376697e-03 0.000000000000000000e+00 5.161897302756419776e+03 1.920082469754440240e+02 9.695620246832548219e+03 2.572679683028494765e+04 0.000000000000000000e+00 0.000000000000000000e+00
6.514851485148515434e-03 0.000000000000000000e+00 5.161897302756419776e+03 1.920082469754440240e+02 9.695620246832548219e+03 2.572679683028494765e+04 0.000000000000000000e+00 0.000000000000000000e+00
6.653465346534654171e-03 0.000000000000000000e+00 5.161897302756419776e+03 1.920082469754440240e+02 9.695620246832548219e+03 2.572679683028494765e+04 0.000000000000000000e+00 0.000000000000000000e+00
6.792079207920792908e-03 0.000000000000000000e+00 5.161897302756419776e+03 1.920082469754440240e+02 9.695620246832548219e+03 2.572679683028494765e+04 0.000000000000000000e+00 0.000000000000000000e+00
6.930693069306931645e-03 0.000000000000000000e+00 5.161897302756419776e+03 1.920082469754440240e+02 9.695620246832548219e+03 2.572679683028494765e+04 0.000000000000000000e+00 0.000000000000000000e+00
7.069306930693070382e-03 0.000000000000000000e+00 5.161897302756419776e+03 1.920082469754440240e+02 9.695620246832548219e+03 2.572679683028494765e+04 0.000000000000000000e+00 0.000000000000000000e+00
7.207920792079209119e-03 0.000000000000000000e+00 5.161897302756419776e+03 1.920082469754440240e+02 9.695620246832548219e+03 2.572679683028494765e+04 0.000000000000000000e+00 0.000000000000000000e+00
7.346534653465346988e-03 0.000000000000000000e+00 5.161897302756419776e+03 1.920082469754440240e+02 9.695620246832548219e+03 2.572679683028494765e+04 0.000000000000000000e+00 0.000000000000000000e+00
7.485148514851485725e-03 0.000000000000000000e+00 5.161897302756419776e+03 1.920082469754440240e+02 9.695620246832548219e+03 2.572679683028494765e+04 0.000000000000000000e+00 0.000000000000000000e+00
7.623762376237624462e-03 0.000000000000000000e+00 5.161897302756419776e+03 1.920082469754440240e+02 9.695620246832548219e+03 2.572679683028494765e+04 0.000000000000000000e+00 0.000000000000000000e+00
7.762376237623763199e-03 0.000000000000000000e+00 5.161897302756419776e+03 1.920082469754440240e+02 9.695620246832548219e+03 2.572679683028494765e+04 0.000000000000000000e+00 0.000000000000000000e+00
7.900990099009901069e-03 0.000000000000000000e+00 5.161897302756419776e+03 1.920082469754440240e+02 9.695620246832548219e+03 2.572679683028494765e+04 0.000000000000000000e+00 0.000000000000000000e+00
8.039603960396039806e-03 0.000000000000000000e+00 3.363683811141511342e+03 1.421262812100763426e+02 6.988354949346238755e+03 1.904321308346296064e+04 2.171827827571296802e+04 0.000000000000000000e+00
8.178217821782178543e-03 0.000000000000000000e+00 3.363683811141511342e+03 1.421262812100763426e+02 6.988354949346238755e+03 1.904321308346296064e+04 2.171827827571296802e+04 0.000000000000000000e+00
8.316831683168317280e-03 0.000000000000000000e+00 3.363683811141511342e+03 1.421262812100763426e+02 6.988354949346238755e+03 1.904321308346296064e+04 2.171827827571296802e+04 0.000000000000000000e+00
8.455445544554456017e-03 0.000000000000000000e+00 3.363683811141511342e+03 1.421262812100763426e+02 6.988354949346238755e+03 1.904321308346296064e+04 2.171827827571296802e+04 0.000000000000000000e+00
8.594059405940594754e-03 0.000000000000000000e+00 3.363683811141511342e+03 1.421262812100763426e+02 6.988354949346238755e+03 1.904321308346296064e+04 2.171827827571296802e+04 0.000000000000000000e+00
8.732673267326733491e-03 0.000000000000000000e+00 3.363683811141511342e+03 1.421262812100763426e+02 6.988354949346238755e+03 1.904321308346296064e+04 2.171827827571296802e+04 0.000000000000000000e+00
8.871287128712872228e-03 0.000000000000000000e+00 3.363683811141511342e+03 1.421262812100763426e+02 6.988354949346238755e+03 1.904321308346296064e+04 2.171827827571296802e+04 0.000000000000000000e+00
9.009900990099010964e-03 0.000000000000000000e+00 3.103086479787271401e+03 1.248995596901751810e+02 6.543815750687808759e+03 1.673503949417401964e+04 0.000000000000000000e+00 5.347441090024044388e+04
9.148514851485149701e-03 0.000000000000000000e+00 3.103086479787271401e+03 1.248995596901751810e+02 6.543815750687808759e+03 1.673503949417401964e+04 0.000000000000000000e+00 5.347441090024044388e+04
9.287128712871288438e-03 0.000000000000000000e+00 3.103086479787271401e+03 1.248995596901751810e+02 6.543815750687808759e+03 1.673503949417401964e+04 0.000000000000000000e+00 5.347441090024044388e+04
9.425742574257427175e-03 0.000000000000000000e+00 3.103086479787271401e+03 1.248995596901751810e+02 6.543815750687808759e+03 1.673503949417401964e+04 0.000000000000000000e+00 5.347441090024044388e+04
9.564356435643565912e-03 0.000000000000000000e+00 3.103086479787271401e+03 1.248995596901751810e+02 6.543815750687808759e+03 1.673503949417401964e+04 0.000000000000000000e+00 5.347441090024044388e+04
9.702970297029704649e-03 0.000000000000000000e+00 3.103086479787271401e+03 1.248995596901751810e+02 6.543815750687808759e+03 1.673503949417401964e+04 0.000000000000000000e+00 5.347441090024044388e+04
9.841584158415843386e-03 0.000000000000000000e+00 3.103086479787271401e+03 1.248995596901751810e+02 6.543815750687808759e+03 1.673503949417401964e+04 0.000000000000000000e+00 5.347441090024044388e+04
9.980198019801982123e-03 0.000000000000000000e+00 3.103086479787271401e+03 1.248995596901751810e+02 6.543815750687808759e+03 1.673503949417401964e+04 0.000000000000000000e+00 5.347441090024044388e+04
1.011881188118811913e-02 0.000000000000000000e+00 5.161897302756419776e+03 1.920082469754440240e+02 9.695620246832548219e+03 2.572679683028494765e+04 0.000000000000000000e+00 0.000000000000000000e+00
1.025742574257425786e-02 0.000000000000000000e+00 5.161897302756419776e+03 1.920082469754440240e+02 9.695620246832548219e+03 2.572679683028494765e+04 0.000000000000000000e+00 0.000000000000000000e+00
1.039603960396039660e-02 0.000000000000000000e+00 5.161897302756419776e+03 1.920082469754440240e+02 9.695620246832548219e+03 2.572679683028494765e+04 0.000000000000000000e+00 0.000000000000000000e+00
1.053465346534653534e-02 0.000000000000000000e+00 5.161897302756419776e+03 1.920082469754440240e+02 9.695620246832548219e+03 2.572679683028494765e+04 0.000000000000000000e+00 0.000000000000000000e+00
1.067326732673267407e-02 0.000000000000000000e+00 5.161897302756419776e+03 1.920082469754440240e+02 9.695620246832548219e+03 2.572679683028494765e+04 0.000000000000000000e+00 0.000000000000000000e+00
1.081188118811881281e-02 0.000000000000000000e+00 5.161897302756419776e+03 1.920082469754440240e+02 9.695620246832548219e+03 2.572679683028494765e+04 0.000000000000000000e+00 0.000000000000000000e+00
1.095049504950495155e-02 0.000000000000000000e+00 5.161897302756419776e+03 1.920082469754440240e+02 9.695620246832548219e+03 2.572679683028494765e+04 0.000000000000000000e+00 0.000000000000000000e+00
1.108910891089109028e-02 0.000000000000000000e+00 3.363683811141511342e+03 1.421262812100763426e+02 6.988354949346238755e+03 1.904321308346296064e+04 2.171827827571296802e+04 0.000000000000000000e+00
1.122772277227722902e-02 0.000000000000000000e+00 3.363683811141511342e+03 1.421262812100763426e+02 6.988354949346238755e+03 1.904321308346296064e+04 2.171827827571296802e+04 0.000000000000000000e+00
1.136633663366336776e-02 0.000000000000000000e+00 3.363683811141511342e+03 1.421262812100763426e+02 6.988354949346238755e+03 1.904321308346296064e+04 2.171827827571296802e+04 0.000000000000000000e+00
1.150495049504950650e-02 0.000000000000000000e+00 3.103086479787271401e+03 1.248995596901751810e+02 6.543815750687808759e+03 1.673503949417401964e+04 0.000000000000000000e+00 5.347441090024044388e+04
1.164356435643564523e-02 0.000000000000000000e+00 3.103086479787271401e+03 1.248995596901751810e+02 6.543815750687808759e+03 1.673503949417401964e+04 0.000000000000000000e+00 5.347441090024044388e+04
1.178217821782178397e-02 0.000000000000000000e+00 3.103086479787271401e+03 1.248995596901751810e+02 6.543815750687808759e+03 1.673503949417401964e+04 0.000000000000000000e+00 5.347441090024044388e+04
1.192079207920792271e-02 0.000000000000000000e+00 3.103086479787271401e+03 1.248995596901751810e+02 6.543815750687808759e+03 1.673503949417401964e+04 0.000000000000000000e+00 5.347441090024044388e+04
1.205940594059406144e-02 0.000000000000000000e+00 5.161897302756419776e+03 1.920082469754440240e+02 9.695620246832548219e+03 2.572679683028494765e+04 0.000000000000000000e+00 0.000000000000000000e+00
1.219801980198019845e-02 0.000000000000000000e+00 5.161897302756419776e+03 1.920082469754440240e+02 9.695620246832548219e+03 2.572679683028494765e+04 0.000000000000000000e+00 0.000000000000000000e+00
1.233663366336633718e-02 0.000000000000000000e+00 5.161897302756419776e+03 1.920082469754440240e+02 9.695620246832548219e+03 2.572679683028494765e+04 0.000000000000000000e+00 0.000000000000000000e+00
1.247524752475247592e-02 0.000000000000000000e+00 5.161897302756419776e+03 1.920082469754440240e+02 9.695620246832548219e+03 2.572679683028494765e+04 0.000000000000000000e+00 0.000000000000000000e+00
1.261386138613861466e-02 0.000000000000000000e+00 5.161897302756419776e+03 1.920082469754440240e+02 9.695620246832548219e+03 2.572679683028494765e+04 0.000000000000000000e+00 0.000000000000000000e+00
1.275247524752475339e-02 0.000000000000000000e+00 5.161897302756419776e+03 1.920082469754440240e+02 9.695620246832548219e+03 2.572679683028494765e+04 0.000000000000000000e+00 0.000000000000000000e+00
1.289108910891089213e-02 0.000000000000000000e+00 5.161897302756419776e+03 1.920082469754440240e+02 9.695620246832548219e+03 2.572679683028494765e+04 0.000000000000000000e+00 0.000000000000000000e+00
1.302970297029703087e-02 0.000000000000000000e+00 5.161897302756419776e+03 1.920082469754440240e+02 9.695620246832548219e+03 2.572679683028494765e+04 0.000000000000000000e+00 0.000000000000000000e+00
1.316831683168316960e-02 0.000000000000000000e+00 5.161897302756419776e+03 1.920082469754440240e+02 9.695620246832548219e+03 2.572679683028494765e+04 0.000000000000000000e+00 0.000000000000000000e+00
1.330693069306930834e-02 0.000000000000000000e+00 5.161897302756419776e+03 1.920082469754440240e+02 9.695620246832548219e+03 2.572679683028494765e+04 0.000000000000000000e+00 0.000000000000000000e+00
1.344554455445544708e-02 0.000000000000000000e+00 5.161897302756419776e+03 1.920082469754440240e+02 9.695620246832548219e+03 2.572679683028494765e+04 0.000000000000000000e+00 0.000000000000000000e+00
1.358415841584158582e-02 0.000000000000000000e+00 5.161897302756419776e+03 1.920082469754440240e+02 9.695620246832548219e+03 2.572679683028494765e+04 0.000000000000000000e+00 0.000000000000000000e+00
1.372277227722772455e-02 0.000000000000000000e+00 5.161897302756419776e+03 1.920082469754440240e+02 9.695620246832548219e+03 2.572679683028494765e+04 0.000000000000000000e+00 0.000000000000000000e+00
1.386138613861386329e-02 0.000000000000000000e+00 0.000000000000000000e+00 0.000000000000000000e+00 0.000000000000000000e+00 0.000000000000000000e+00 0.000000000000000000e+00 0.000000000000000000e+00
