0.000000000000000000e+00 1.000000000000000000e+00 6.000000000000000000e+00 7.000000000000000000e+00 8.000000000000000000e+00 1.400000000000000000e+01 2.600000000000000000e+01 2.900000000000000000e+01
0.000000000000000000e+00 0.000000000000000000e+00 8.446651480667711667e+02 5.407322256191485772e-12 4.780361556788260486e+02 9.525502750961031779e+03 0.000000000000000000e+00 0.000000000000000000e+00
1.386138613861386286e-04 0.000000000000000000e+00 8.446651480667711667e+02 5.407322256191485772e-12 4.780361556788260486e+02 9.525502750961031779e+03 0.000000000000000000e+00 0.000000000000000000e+00
2.772277227722772571e-04 0.000000000000000000e+00 8.446651480667711667e+02 5.407322256191485772e-12 4.780361556788260486e+02 9.525502750961031779e+03 0.000000000000000000e+00 0.000000000000000000e+00
4.158415841584158857e-04 0.000000000000000000e+00 8.446651480667711667e+02 5.407322256191485772e-12 4.780361556788260486e+02 9.525502750961031779e+03 0.000000000000000000e+00 0.000000000000000000e+00
5.544554455445545142e-04 0.000000000000000000e+00 8.446651480667711667e+02 5.407322256191485772e-12 4.780361556788260486e+02 9.525502750961031779e+03 0.000000000000000000e+00 0.000000000000000000e+00
6.930693069306931428e-04 0.000000000000000000e+00 8.446642315389892701e+02 5.407325453036144973e-12 4.780361556863671808e+02 9.522484683534941723e+03 0.000000000000000000e+00 0.000000000000000000e+00
8.316831683168317713e-04 0.000000000000000000e+00 8.446509766466610927e+02 5.407436072402549868e-12 4.780361558961831179e+02 9.495230523096735851e+03 0.000000000000000000e+00 0.000000000000000000e+00
9.702970297029703999e-04 0.000000000000000000e+00 8.445843737424077062e+02 5.409262807717536869e-12 4.780361584803683286e+02 9.419283204797322469e+03 0.000000000000000000e+00 0.000000000000000000e+00
1.108910891089109028e-03 0.000000000000000000e+00 8.443412814119901668e+02 5.434045739073548564e-12 4.780361842180235499e+02 9.267772308683837764e+03 0.000000000000000000e+00 0.000000000000000000e+00
1.247524752475247765e-03 0.000000000000000000e+00 8.435764491528044573e+02 5.731874594301762505e-12 4.780364218786108381e+02 9.004515284453864297e+03 0.000000000000000000e+00 0.000000000000000000e+00
1.386138613861386286e-03 0.000000000000000000e+00 8.413505125903566295e+02 7.536773389469397022e-12 4.780386018936375763e+02 8.602193646729385364e+03 0.000000000000000000e+00 0.000000000000000000e+00
1.524752475247524806e-03 0.000000000000000000e+00 8.353462791041587252e+02 1.221085923747556051e-11 4.780590456976833025e+02 8.083945844647218109e+03 0.000000000000000000e+00 0.000000000000000000e+00
1.663366336633663543e-03 0.000000000000000000e+00 8.193765273721392077e+02 2.285395739214768815e-11 4.782622769642637195e+02 7.449902334116156453e+03 0.000000000000000000e+00 0.000000000000000000e+00
1.801980198019802280e-03 0.000000000000000000e+00 7.749307887186666903e+02 4.739958502151061082e-11 4.805092756189201850e+02 6.673257883746111474e+03 0.000000000000000000e+00 0.000000000000000000e+00
1.940594059405940800e-03 0.000000000000000000e+00 6.648501453171489857e+02 1.120470656207373301e-10 4.962397730079805456e+02 5.646820486302201971e+03 0.000000000000000000e+00 0.000000000000000000e+00
2.079207920792079320e-03 0.000000000000000000e+00 4.257995300699617474e+02 1.321814709229418498e-10 4.170051739249868774e+02 3.846045468930483366e+03 1.769711677356650398e+03 0.000000000000000000e+00
2.217821782178218057e-03 0.000000000000000000e+00 4.257995300699617474e+02 1.321814709229418498e-10 4.170051739249868774e+02 3.846045468930483366e+03 1.769711677356650398e+03 0.000000000000000000e+00
2.356435643564356794e-03 0.000000000000000000e+00 4.257995300699617474e+02 1.321814709229418498e-10 4.170051739249868774e+02 3.846045468930483366e+03 1.769711677356650398e+03 0.000000000000000000e+00
2.495049504950495531e-03 0.000000000000000000e+00 4.257995300699617474e+02 1.321814709229418498e-10 4.170051739249868774e+02 3.846045468930483366e+03 1.769711677356650398e+03 0.000000000000000000e+00
2.633663366336633834e-03 0.000000000000000000e+00 4.257995298779358677e+02 1.321814692804967301e-10 4.170051739247455771e+02 3.846005828076693888e+03 1.769711677379758157e+03 0.000000000000000000e+00
2.772277227722772571e-03 0.000000000000000000e+00 4.257995007570658004e+02 1.321812713545110955e-10 4.170051738817584805e+02 3.843860608057676473e+03 1.769711681811113067e+03 0.000000000000000000e+00
2.910891089108911308e-03 0.000000000000000000e+00 4.257992430863244522e+02 1.321784369625781668e-10 4.170051733034481458e+02 3.835485587886028043e+03 1.769711734323584096e+03 0.000000000000000000e+00
3.049504950495049611e-03 0.000000000000000000e+00 4.257978266916039161e+02 1.321477459879608853e-10 4.170051680858348391e+02 3.816267603656820938e+03 1.769712120996777685e+03 0.000000000000000000e+00
3.188118811881188348e-03 0.000000000000000000e+00 4.257913135116311878e+02 1.318523222968019407e-10 4.170051266856911525e+02 3.779836552549392763e+03 1.769714492713441814e+03 0.000000000000000000e+00
3.326732673267327085e-03 0.000000000000000000e+00 4.257634066499803680e+02 1.297768826734145736e-10 4.170048080492213671e+02 3.718108804217808029e+03 1.769728017126361237e+03 0.000000000000000000e+00
3.465346534653465822e-03 0.000000000000000000e+00 4.256491943602577521e+02 1.253018786380408619e-10 4.170023605099223687e+02 3.630805975176581796e+03 1.769802310599108750e+03 0.000000000000000000e+00
3.603960396039604559e-03 0.000000000000000000e+00 4.251828550043742325e+02 1.189940704892169785e-10 4.169828439729466254e+02 3.518809172716866215e+03 1.770212025140083824e+03 0.000000000000000000e+00
3.742574257425742863e-03 0.000000000000000000e+00 4.231890418497579276e+02 1.107719160662308816e-10 4.168153771612725222e+02 3.377741679738168841e+03 1.772583272360687261e+03 0.000000000000000000e+00
3.881188118811881600e-03 0.000000000000000000e+00 4.137932956777926279e+02 9.985879131154431518e-11 4.152150345277180463e+02 3.194625033665935007e+03 1.787747350482283082e+03 0.000000000000000000e+00
4.019801980198019903e-03 0.000000000000000000e+00 3.804349807872467863e+02 7.669246926903280978e-11 4.029854363819913488e+02 2.623442199220923158e+03 0.000000000000000000e+00 1.046790884473118240e+04
4.158415841584158640e-03 0.000000000000000000e+00 3.804349807872467863e+02 7.669246926903280978e-11 4.029854363819913488e+02 2.623442199220923158e+03 0.000000000000000000e+00 1.046790884473118240e+04
4.297029702970297377e-03 0.000000000000000000e+00 3.804349807872467863e+02 7.669246926903280978e-11 4.029854363819913488e+02 2.623442199220923158e+03 0.000000000000000000e+00 1.046790884473118240e+04
4.435643564356436114e-03 0.000000000000000000e+00 3.804349807872467863e+02 7.669246926903280978e-11 4.029854363819913488e+02 2.623442199220923158e+03 0.000000000000000000e+00 1.046790884473118240e+04
4.574257425742574851e-03 0.000000000000000000e+00 3.804349807872467863e+02 7.669246926903280978e-11 4.029854363819913488e+02 2.623442199220923158e+03 0.000000000000000000e+00 1.046790884473118240e+04
4.712871287128713588e-03 0.000000000000000000e+00 3.804349928691435707e+02 7.669230944243922920e-11 4.029854363558814043e+02 2.625129907412493139e+03 0.000000000000000000e+00 1.046790617369631582e+04
4.851485148514852325e-03 0.000000000000000000e+00 3.804351953259898096e+02 7.668897619460568953e-11 4.029854358441018576e+02 2.637571772541845803e+03 0.000000000000000000e+00 1.046787583074744907e+04
4.990099009900991062e-03 0.000000000000000000e+00 3.804367281038471447e+02 7.664980022914516213e-11 4.029854305544064914e+02 2.672830770196138474e+03 0.000000000000000000e+00 1.046773275497794202e+04
5.128712871287128931e-03 0.000000000000000000e+00 3.804455580653840912e+02 7.624526234894402189e-11 4.029853852786828270e+02 2.748299412002330882e+03 0.000000000000000000e+00 1.046723822631939220e+04
5.267326732673267668e-03 0.000000000000000000e+00 3.804908667184552087e+02 7.267347182329590087e-11 4.029850185703758143e+02 2.890643949426161271e+03 0.000000000000000000e+00 1.046576143174512617e+04
5.405940594059406405e-03 0.000000000000000000e+00 3.807115575142493640e+02 6.145641523992869199e-11 4.029820582569871021e+02 3.126608777123643449e+03 0.000000000000000000e+00 1.046175433253365372e+04
5.544554455445545142e-03 0.000000000000000000e+00 3.817639244699583969e+02 4.805796268069789881e-11 4.029575478971055986e+02 3.469313337765714095e+03 0.000000000000000000e+00 1.045180594997620392e+04
5.683168316831683879e-03 0.000000000000000000e+00 3.869031834752609029e+02 3.429627508831730709e-11 4.027412404230929042e+02 3.952766493107975293e+03 0.000000000000000000e+00 1.042815036005359252e+04
5.821782178217822616e-03 0.000000000000000000e+00 4.140449566916312278e+02 2.036053105180786390e-11 4.006035093150469493e+02 4.649567262870597006e+03 0.000000000000000000e+00 1.037191782565573885e+04
5.960396039603961353e-03 0.000000000000000000e+00 5.091559353589923376e+02 5.340560138548472524e-12 3.906131284179061254e+02 5.782947509044653088e+03 0.000000000000000000e+00 1.026712317340372283e+04
6.099009900990099223e-03 0.000000000000000000e+00 8.446651480667711667e+02 5.407322256191485772e-12 4.780361556788260486e+02 9.525502750961031779e+03 0.000000000000000000e+00 0.000000000000000000e+00
6.237623762376237960e-03 0.000000000000000000e+00 8.446651480667711667e+02 5.407322256191485772e-12 4.780361556788260486e+02 9.525502750961031779e+03 0.000000000000000000e+00 0.000000000000000000e+00
6.376237623762376697e-03 0.000000000000000000e+00 8.446651480667711667e+02 5.407322256191485772e-12 4.780361556788260486e+02 9.525502750961031779e+03 0.000000000000000000e+00 0.000000000000000000e+00
6.514851485148515434e-03 0.000000000000000000e+00 8.446651480667711667e+02 5.407322256191485772e-12 4.780361556788260486e+02 9.525502750961031779e+03 0.000000000000000000e+00 0.000000000000000000e+00
6.653465346534654171e-03 0.000000000000000000e+00 8.446649702237281190e+02 5.407322906807935229e-12 4.780361556801341294e+02 9.524693270969912192e+03 0.000000000000000000e+00 0.000000000000000000e+00
6.792079207920792908e-03 0.000000000000000000e+00 8.446576986067042299e+02 5.407369131262992868e-12 4.780361557686704828e+02 9.506866227348358734e+03 0.000000000000000000e+00 0.000000000000000000e+00
6.930693069306931645e-03 0.000000000000000000e+00 8.446139038277596001e+02 5.408207883962141681e-12 4.780361570436776901e+02 9.447472891827956119e+03 0.000000000000000000e+00 0.000000000000000000e+00
7.069306930693070382e-03 0.000000000000000000e+00 8.444432278944625523e+02 5.420226169483767998e-12 4.780361702582615635e+02 9.320508081187430435e+03 0.000000000000000000e+00 0.000000000000000000e+00
7.207920792079209119e-03 0.000000000000000000e+00 8.438880679472470092e+02 5.568017995052728474e-12 4.780362940050048337e+02 9.093655982797792603e+03 0.000000000000000000e+00 0.000000000000000000e+00
7.346534653465346988e-03 0.000000000000000000e+00 8.422348221616564388e+02 6.803418088349114844e-12 4.780374304953065234e+02 8.729732340347140052e+03 0.000000000000000000e+00 0.000000000000000000e+00
7.485148514851485725e-03 0.000000000000000000e+00 8.377032675581299372e+02 1.045728228119301819e-11 4.780479520411792578e+02 8.243719132270149203e+03 0.000000000000000000e+00 0.000000000000000000e+00
7.623762376237624462e-03 0.000000000000000000e+00 8.256925604116108843e+02 1.888399541691275743e-11 4.781500121508260008e+02 7.644876803910578928e+03 0.000000000000000000e+00 0.000000000000000000e+00
7.762376237623763199e-03 0.000000000000000000e+00 7.929539167755048084e+02 3.808310935736473726e-11 4.792278275194619255e+02 6.912920763904511659e+03 0.000000000000000000e+00 0.000000000000000000e+00
7.900990099009901069e-03 0.000000000000000000e+00 6.987407907212577811e+02 8.571455850702079742e-11 4.906664535186142189e+02 5.981226839541086520e+03 0.000000000000000000e+00 0.000000000000000000e+00
8.039603960396039806e-03 0.000000000000000000e+00 4.257980154430953235e+02 1.321526838460462064e-10 4.170051689043182250e+02 3.818109986548491634e+03 1.769712064408815195e+03 0.000000000000000000e+00
8.178217821782178543e-03 0.000000000000000000e+00 4.257921360846870016e+02 1.319034604173517924e-10 4.170051329271112195e+02 3.783240639916058171e+03 1.769714162015335887e+03 0.000000000000000000e+00
8.316831683168317280e-03 0.000000000000000000e+00 4.257669064182952638e+02 1.300163198502186089e-10 4.170048564646594969e+02 3.723411398283438302e+03 1.769726144982217193e+03 0.000000000000000000e+00
8.455445544554456017e-03 0.000000000000000000e+00 4.256633875011665396e+02 1.256807559574398993e-10 4.170027342863352828e+02 3.637788438560798113e+03 1.769792082187071856e+03 0.000000000000000000e+00
8.594059405940594754e-03 0.000000000000000000e+00 4.252413275028997646e+02 1.195059085772388132e-10 4.169858762510644965e+02 3.527675277739255307e+03 1.770155095156987500e+03 0.000000000000000000e+00
8.732673267326733491e-03 0.000000000000000000e+00 4.234435780078769085e+02 1.114251823574964820e-10 4.168418871897467852e+02 3.392011540940849500e+03 1.772247810074823064e+03 0.000000000000000000e+00
8.871287128712872228e-03 0.000000000000000000e+00 4.149595386100330643e+02 1.007552049029337033e-10 4.154486875049763626e+02 3.229937949943884178e+03 1.785668200207784594e+03 0.000000000000000000e+00
9.009900990099010964e-03 0.000000000000000000e+00 3.804372715608475914e+02 7.663244614329712576e-11 4.029854283931711052e+02 2.680621320405945426e+03 0.000000000000000000e+00 1.046769219872077156e+04
9.148514851485149701e-03 0.000000000000000000e+00 3.804484700408208937e+02 7.608221366626587392e-11 4.029853675781573088e+02 2.763728736610577471e+03 0.000000000000000000e+00 1.046711047368284380e+04
9.287128712871288438e-03 0.000000000000000000e+00 3.805054977712985078e+02 7.135780405869937151e-11 4.029848739619658886e+02 2.918537292867487395e+03 0.000000000000000000e+00 1.046539421760870391e+04
9.425742574257427175e-03 0.000000000000000000e+00 3.807814722467673505e+02 5.959506932461049734e-11 4.029808922277473471e+02 3.168549843726816107e+03 0.000000000000000000e+00 1.046081052345376520e+04
9.564356435643565912e-03 0.000000000000000000e+00 3.820984595383491182e+02 4.612969504381865053e-11 4.029476935907563870e+02 3.528611835233732563e+03 0.000000000000000000e+00 1.044953146466748694e+04
9.702970297029704649e-03 0.000000000000000000e+00 3.885739002957323009e+02 3.235907399088234399e-11 4.026516537864248448e+02 4.034652495025134158e+03 0.000000000000000000e+00 1.042277405462522802e+04
9.841584158415843386e-03 0.000000000000000000e+00 4.233598524539668233e+02 1.854939945799055885e-11 3.996726115854748969e+02 4.754702360297622363e+03 0.000000000000000000e+00 1.035883795742194525e+04
9.980198019801982123e-03 0.000000000000000000e+00 5.213264706514979707e+02 4.169250792935279689e-12 3.893562004019011624e+02 5.933949198628594786e+03 0.000000000000000000e+00 1.025342988798422266e+04
1.011881188118811913e-02 0.000000000000000000e+00 8.443107922900084077e+02 5.439492241323559136e-12 4.780361892058887179e+02 9.253185465712786026e+03 0.000000000000000000e+00 0.000000000000000000e+00
1.025742574257425786e-02 0.000000000000000000e+00 8.434805572535932470e+02 5.794258701726850648e-12 4.780364690468051663e+02 8.976773569218974444e+03 0.000000000000000000e+00 0.000000000000000000e+00
1.039603960396039660e-02 0.000000000000000000e+00 8.410850427498440922e+02 7.754385902317877304e-12 4.780390326294271404e+02 8.551363729821410743e+03 0.000000000000000000e+00 0.000000000000000000e+00
1.053465346534653534e-02 0.000000000000000000e+00 8.346405294917340143e+02 1.271387332107090474e-11 4.780631284317003065e+02 7.994999101512503330e+03 0.000000000000000000e+00 0.000000000000000000e+00
1.067326732673267407e-02 0.000000000000000000e+00 8.174697005023964493e+02 2.390261999271104902e-11 4.783041880811495616e+02 7.300821286920490820e+03 0.000000000000000000e+00 0.000000000000000000e+00
1.081188118811881281e-02 0.000000000000000000e+00 7.693745679767046113e+02 4.887995806326058748e-11 4.809981509048453177e+02 6.446502658423927642e+03 0.000000000000000000e+00 0.000000000000000000e+00
1.095049504950495155e-02 0.000000000000000000e+00 6.571829931958512816e+02 1.134617342894189749e-10 4.973936390961076199e+02 5.340288574376075303e+03 0.000000000000000000e+00 0.000000000000000000e+00
1.108910891089109028e-02 0.000000000000000000e+00 4.252778196371743320e+02 1.194426881263709193e-10 4.169871606858929454e+02 3.654836151750154841e+03 1.770121833365815974e+03 0.000000000000000000e+00
1.122772277227722902e-02 0.000000000000000000e+00 4.236074679490149606e+02 1.089121466370242749e-10 4.168532548363861565e+02 3.659250178595774287e+03 1.772056169658668523e+03 0.000000000000000000e+00
1.136633663366336776e-02 0.000000000000000000e+00 4.157252896006586411e+02 8.703331545199121273e-11 4.155571716330326240e+02 3.717692581778232125e+03 1.784486777051284207e+03 0.000000000000000000e+00
1.150495049504950650e-02 0.000000000000000000e+00 3.812811638655578577e+02 5.197936625255541167e-11 4.029704523138572654e+02 3.358800088234910618e+03 0.000000000000000000e+00 1.045559634804757115e+04
1.164356435643564523e-02 0.000000000000000000e+00 3.845164514451581681e+02 3.827186257368714232e-11 4.028572557801915082e+02 3.796803963093963830e+03 0.000000000000000000e+00 1.043712034526482967e+04
1.178217821782178397e-02 0.000000000000000000e+00 4.010574220356650699e+02 2.437129762365874361e-11 4.017881329093405043e+02 4.420802195414051312e+03 0.000000000000000000e+00 1.039347927577705559e+04
1.192079207920792271e-02 0.000000000000000000e+00 4.823152456918094799e+02 1.061981972535196022e-11 3.934267645569707952e+02 5.378703652586276803e+03 0.000000000000000000e+00 1.029550334987501083e+04
1.205940594059406144e-02 0.000000000000000000e+00 8.446651480667711667e+02 5.407322256191485772e-12 4.780361556788260486e+02 9.525502750961031779e+03 0.000000000000000000e+00 0.000000000000000000e+00
1.219801980198019845e-02 0.000000000000000000e+00 8.446651480667711667e+02 5.407322256191485772e-12 4.780361556788260486e+02 9.525502750961031779e+03 0.000000000000000000e+00 0.000000000000000000e+00
1.233663366336633718e-02 0.000000000000000000e+00 8.446651480667711667e+02 5.407322256191485772e-12 4.780361556788260486e+02 9.525502750961031779e+03 0.000000000000000000e+00 0.000000000000000000e+00
1.247524752475247592e-02 0.000000000000000000e+00 8.446651480667711667e+02 5.407322256191485772e-12 4.780361556788260486e+02 9.525502750961031779e+03 0.000000000000000000e+00 0.000000000000000000e+00
1.261386138613861466e-02 0.000000000000000000e+00 8.446651480667711667e+02 5.407322256191485772e-12 4.780361556788260486e+02 9.525502750961031779e+03 0.000000000000000000e+00 0.000000000000000000e+00
1.275247524752475339e-02 0.000000000000000000e+00 8.446651480667711667e+02 5.407322256191485772e-12 4.780361556788260486e+02 9.525502750961031779e+03 0.000000000000000000e+00 0.000000000000000000e+00
1.289108910891089213e-02 0.000000000000000000e+00 8.446651480667711667e+02 5.407322256191485772e-12 4.780361556788260486e+02 9.525502750961031779e+03 0.000000000000000000e+00 0.000000000000000000e+00
1.302970297029703087e-02 0.000000000000000000e+00 8.446651480667711667e+02 5.407322256191485772e-12 4.780361556788260486e+02 9.525502750961031779e+03 0.000000000000000000e+00 0.000000000000000000e+00
1.316831683168316960e-02 0.000000000000000000e+00 8.446651480667711667e+02 5.407322256191487388e-12 4.780361556788260486e+02 9.525502750961031779e+03 0.000000000000000000e+00 0.000000000000000000e+00
1.330693069306930834e-02 0.000000000000000000e+00 8.446651480667711667e+02 5.407322256191487388e-12 4.780361556788260486e+02 9.525502750961029960e+03 0.000000000000000000e+00 0.000000000000000000e+00
1.344554455445544708e-02 0.000000000000000000e+00 8.446651480667711667e+02 5.407322256191487388e-12 4.780361556788260486e+02 9.525502750961029960e+03 0.000000000000000000e+00 0.000000000000000000e+00
1.358415841584158582e-02 0.000000000000000000e+00 8.446651480667711667e+02 5.407322256191484964e-12 4.780361556788260486e+02 9.525502750961031779e+03 0.000000000000000000e+00 0.000000000000000000e+00
1.372277227722772455e-02 0.000000000000000000e+00 8.446651480667711667e+02 5.407322256191486580e-12 4.780361556788260486e+02 9.525502750961031779e+03 0.000000000000000000e+00 0.000000000000000000e+00
1.386138613861386329e-02 0.000000000000000000e+00 0.000000000000000000e+00 0.000000000000000000e+00 0.000000000000000000e+00 0.000000000000000000e+00 0.000000000000000000e+00 0.000000000000000000e+00
