0.000000000000000000e+00 1.000000000000000000e+00 6.000000000000000000e+00 7.000000000000000000e+00 8.000000000000000000e+00 1.400000000000000000e+01 2.600000000000000000e+01 2.900000000000000000e+01
0.000000000000000000e+00 0.000000000000000000e+00 8.446651480667711667e+02 5.407322256191485772e-12 4.780361556788260486e+02 9.525502750961031779e+03 0.000000000000000000e+00 0.000000000000000000e+00
2.745098039215686215e-04 0.000000000000000000e+00 8.446651480667711667e+02 5.407322256191485772e-12 4.780361556788260486e+02 9.525502750961031779e+03 0.000000000000000000e+00 0.000000000000000000e+00
5.490196078431372429e-04 0.000000000000000000e+00 8.446651480667711667e+02 5.407323571879331962e-12 4.780361556788260486e+02 9.524018948594466565e+03 0.000000000000000000e+00 0.000000000000000000e+00
8.235294117647058102e-04 0.000000000000000000e+00 8.446526609696608148e+02 5.408108147239488075e-12 4.780361558609273516e+02 9.448303572117854856e+03 0.000000000000000000e+00 0.000000000000000000e+00
1.098039215686274486e-03 0.000000000000000000e+00 8.443732264621144168e+02 5.501754571242429754e-12 4.780361793643785404e+02 9.135184980544896462e+03 0.000000000000000000e+00 0.000000000000000000e+00
1.372549019607843162e-03 0.000000000000000000e+00 8.416837016951368469e+02 8.879939419583786842e-12 4.780381111705931403e+02 8.390019400488423344e+03 0.000000000000000000e+00 0.000000000000000000e+00
1.647058823529411620e-03 0.000000000000000000e+00 8.221993043645067019e+02 2.843792577484070933e-11 4.782066135206088120e+02 7.230989887558852388e+03 0.000000000000000000e+00 0.000000000000000000e+00
1.921568627450980296e-03 0.000000000000000000e+00 6.802116675119860929e+02 1.339495172896525806e-10 4.937721957388787928e+02 5.536893561721411061e+03 0.000000000000000000e+00 0.000000000000000000e+00
2.196078431372548972e-03 0.000000000000000000e+00 4.257995300699617474e+02 1.321814709229418498e-10 4.170051739249868774e+02 3.846045468930483366e+03 1.769711677356650398e+03 0.000000000000000000e+00
2.470588235294117647e-03 0.000000000000000000e+00 4.257995300699617474e+02 1.321814709229418498e-10 4.170051739249868774e+02 3.846045468930483366e+03 1.769711677356650398e+03 0.000000000000000000e+00
2.745098039215686323e-03 0.000000000000000000e+00 4.257995129093754372e+02 1.321804485448866197e-10 4.170051739009417702e+02 3.839835110299875851e+03 1.769711679841040450e+03 0.000000000000000000e+00
3.019607843137254999e-03 0.000000000000000000e+00 4.257983346379743352e+02 1.320955287068967302e-10 4.170051701987640627e+02 3.801910077458052911e+03 1.769711971470757817e+03 0.000000000000000000e+00
3.294117647058823241e-03 0.000000000000000000e+00 4.257737243173444313e+02 1.288427807255485949e-10 4.170049435794582564e+02 3.692046536891651613e+03 1.769722622332342098e+03 0.000000000000000000e+00
3.568627450980391917e-03 0.000000000000000000e+00 4.253666569757553475e+02 1.179326305489945313e-10 4.169917879155818810e+02 3.491848608101835907e+03 1.770037644198877842e+03 0.000000000000000000e+00
3.843137254901960592e-03 0.000000000000000000e+00 4.178548653107712312e+02 9.992838692032548878e-11 4.160032539883868594e+02 3.182710122510382917e+03 1.780699642641402761e+03 0.000000000000000000e+00
4.117647058823529702e-03 0.000000000000000000e+00 3.804349807872467863e+02 7.669246926903280978e-11 4.029854363819913488e+02 2.623442199220923158e+03 0.000000000000000000e+00 1.046790884473118240e+04
4.392156862745097944e-03 0.000000000000000000e+00 3.804349807872467863e+02 7.669246926903280978e-11 4.029854363819913488e+02 2.623442199220923158e+03 0.000000000000000000e+00 1.046790884473118240e+04
4.666666666666666186e-03 0.000000000000000000e+00 3.804349832148432711e+02 7.669166228353948275e-11 4.029854363765956577e+02 2.629291273000567344e+03 0.000000000000000000e+00 1.046790825478929037e+04
4.941176470588235295e-03 0.000000000000000000e+00 3.804358453622880916e+02 7.660416744936517691e-11 4.029854338440133006e+02 2.694844730412467925e+03 0.000000000000000000e+00 1.046780666878807278e+04
5.215686274509803537e-03 0.000000000000000000e+00 3.804651797126073234e+02 7.151497828737208155e-11 4.029852484080730619e+02 2.937707245895568576e+03 0.000000000000000000e+00 1.046649990772386082e+04
5.490196078431372646e-03 0.000000000000000000e+00 3.811499379075889351e+02 4.798782323846631300e-11 4.029735827596659874e+02 3.523723956644831560e+03 0.000000000000000000e+00 1.045678642300670072e+04
5.764705882352940888e-03 0.000000000000000000e+00 3.971210309592423187e+02 2.268798232790232045e-11 4.021026121518298737e+02 4.653962768510775277e+03 0.000000000000000000e+00 1.040133165499909956e+04
6.039215686274509998e-03 0.000000000000000000e+00 8.446651480667711667e+02 5.407322256191485772e-12 4.780361556788260486e+02 9.525502750961031779e+03 0.000000000000000000e+00 0.000000000000000000e+00
6.313725490196078240e-03 0.000000000000000000e+00 8.446651480667711667e+02 5.407322256191485772e-12 4.780361556788260486e+02 9.525502750961031779e+03 0.000000000000000000e+00 0.000000000000000000e+00
6.588235294117646482e-03 0.000000000000000000e+00 8.446651480667711667e+02 5.407327215057459235e-12 4.780361556788260486e+02 9.521237034152120032e+03 0.000000000000000000e+00 0.000000000000000000e+00
6.862745098039215591e-03 0.000000000000000000e+00 8.446430748885745743e+02 5.408929928674787043e-12 4.780361560806938996e+02 9.422364030896773329e+03 0.000000000000000000e+00 0.000000000000000000e+00
7.137254901960783833e-03 0.000000000000000000e+00 8.442452070666504369e+02 5.586585212921965905e-12 4.780362010984239305e+02 9.058954599078142564e+03 0.000000000000000000e+00 0.000000000000000000e+00
7.411764705882352942e-03 0.000000000000000000e+00 8.406292985065023231e+02 1.016004875765539278e-11 4.780398633129746599e+02 8.249321531202362166e+03 0.000000000000000000e+00 0.000000000000000000e+00
7.686274509803921184e-03 0.000000000000000000e+00 8.148129713203845768e+02 3.467413313703664960e-11 4.783704547558178319e+02 7.025689154847127611e+03 0.000000000000000000e+00 0.000000000000000000e+00
7.960784313725490294e-03 0.000000000000000000e+00 6.497151472296610564e+02 1.611222267243732688e-10 4.985720958170125527e+02 5.250969534655904681e+03 0.000000000000000000e+00 0.000000000000000000e+00
8.235294117647059403e-03 0.000000000000000000e+00 4.257857840962190039e+02 1.303083189461798869e-10 4.170050775900818962e+02 3.723679462259700358e+03 1.769716857874461766e+03 0.000000000000000000e+00
8.509803921568626778e-03 0.000000000000000000e+00 4.255627403713819490e+02 1.208059562478292174e-10 4.169996690528134877e+02 3.542247495653354235e+03 1.769868715757680320e+03 0.000000000000000000e+00
8.784313725490195887e-03 0.000000000000000000e+00 4.216939278820425443e+02 1.045330449422611711e-10 4.166286411977990269e+02 3.286785836187423683e+03 1.774676190399710094e+03 0.000000000000000000e+00
9.058823529411764996e-03 0.000000000000000000e+00 3.804393153245387111e+02 7.615423755169271066e-11 4.029854195265152157e+02 2.766846038597181177e+03 0.000000000000000000e+00 1.046755845979934020e+04
9.333333333333332371e-03 0.000000000000000000e+00 3.805548041642688872e+02 6.227151769704324521e-11 4.029843337791479598e+02 3.140216013911430309e+03 0.000000000000000000e+00 1.046432195988722924e+04
9.607843137254901481e-03 0.000000000000000000e+00 3.831436301655288048e+02 3.717022132625099786e-11 4.029133841987472238e+02 3.915219282836313596e+03 0.000000000000000000e+00 1.044349917248606289e+04
9.882352941176470590e-03 0.000000000000000000e+00 4.507797193540545777e+02 1.174878262642856096e-11 3.967638931599402099e+02 5.379114010380163563e+03 0.000000000000000000e+00 1.032698152216311064e+04
1.015686274509803970e-02 0.000000000000000000e+00 8.441650235808600655e+02 5.656370868023523332e-12 4.780362176124378379e+02 9.012604779701361622e+03 0.000000000000000000e+00 0.000000000000000000e+00
1.043137254901960707e-02 0.000000000000000000e+00 8.399813200259640098e+02 1.091953084965275066e-11 4.780412054315203818e+02 8.129833459982681234e+03 0.000000000000000000e+00 0.000000000000000000e+00
1.070588235294117618e-02 0.000000000000000000e+00 8.102297500808074346e+02 3.768684663951758115e-11 4.784999519149565685e+02 6.781527162393459548e+03 0.000000000000000000e+00 0.000000000000000000e+00
1.098039215686274529e-02 0.000000000000000000e+00 6.353873804394007720e+02 1.590374264948544955e-10 5.007007862823516007e+02 4.994565092188371636e+03 0.000000000000000000e+00 0.000000000000000000e+00
1.125490196078431267e-02 0.000000000000000000e+00 4.228896320132282085e+02 9.683848507282477072e-11 4.167743340545902697e+02 3.741225175073606351e+03 1.773017770591337239e+03 0.000000000000000000e+00
1.152941176470588178e-02 0.000000000000000000e+00 3.815533642770100755e+02 4.438751142961673589e-11 4.029634085569761623e+02 3.643722645722363723e+03 0.000000000000000000e+00 1.045336793376731293e+04
1.180392156862745089e-02 0.000000000000000000e+00 4.073851988127104846e+02 1.909760582111279786e-11 4.012320240992668801e+02 4.891526803799240952e+03 0.000000000000000000e+00 1.038232065579852861e+04
1.207843137254902000e-02 0.000000000000000000e+00 8.446651480667711667e+02 5.407322256191485772e-12 4.780361556788260486e+02 9.525502750961031779e+03 0.000000000000000000e+00 0.000000000000000000e+00
1.235294117647058737e-02 0.000000000000000000e+00 8.446651480667711667e+02 5.407322256191485772e-12 4.780361556788260486e+02 9.525502750961031779e+03 0.000000000000000000e+00 0.000000000000000000e+00
1.262745098039215648e-02 0.000000000000000000e+00 8.446651480667711667e+02 5.407322256191485772e-12 4.780361556788260486e+02 9.525502750961031779e+03 0.000000000000000000e+00 0.000000000000000000e+00
1.290196078431372559e-02 0.000000000000000000e+00 8.446651480667711667e+02 5.407322256191485772e-12 4.780361556788260486e+02 9.525502750961031779e+03 0.000000000000000000e+00 0.000000000000000000e+00
1.317647058823529296e-02 0.000000000000000000e+00 8.446651480667711667e+02 5.407322256191487388e-12 4.780361556788260486e+02 9.525502750961031779e+03 0.000000000000000000e+00 0.000000000000000000e+00
1.345098039215686207e-02 0.000000000000000000e+00 8.446651480667711667e+02 5.407322256191489811e-12 4.780361556788260486e+02 9.525502750961031779e+03 0.000000000000000000e+00 0.000000000000000000e+00
1.372549019607843118e-02 0.000000000000000000e+00 0.000000000000000000e+00 0.000000000000000000e+00 0.000000000000000000e+00 0.000000000000000000e+00 0.000000000000000000e+00 0.000000000000000000e+00
