0.000000000000000000e+00 1.000000000000000000e+00 6.000000000000000000e+00 7.000000000000000000e+00 8.000000000000000000e+00 1.400000000000000000e+01 2.600000000000000000e+01 2.900000000000000000e+01
0.000000000000000000e+00 0.000000000000000000e+00 8.446651480667711667e+02 5.407322256191485772e-12 4.780361556788260486e+02 9.525502750961031779e+03 0.000000000000000000e+00 0.000000000000000000e+00
2.745098039215686215e-04 0.000000000000000000e+00 8.446651480667711667e+02 5.407322256191485772e-12 4.780361556788260486e+02 9.525502750961031779e+03 0.000000000000000000e+00 0.000000000000000000e+00
5.490196078431372429e-04 0.000000000000000000e+00 8.446651480667711667e+02 5.407322256191489003e-12 4.780361556788260486e+02 9.525502750961029960e+03 0.000000000000000000e+00 0.000000000000000000e+00
8.235294117647058102e-04 0.000000000000000000e+00 8.446651480667711667e+02 5.407322256191486580e-12 4.780361556788260486e+02 9.525502750961029960e+03 0.000000000000000000e+00 0.000000000000000000e+00
1.098039215686274486e-03 0.000000000000000000e+00 8.446651480667711667e+02 5.407322256191485772e-12 4.780361556788260486e+02 9.525502750961031779e+03 0.000000000000000000e+00 0.000000000000000000e+00
1.372549019607843162e-03 0.000000000000000000e+00 8.446651480667711667e+02 5.407322256191485772e-12 4.780361556788260486e+02 9.525502750961031779e+03 0.000000000000000000e+00 0.000000000000000000e+00
1.647058823529411620e-03 0.000000000000000000e+00 8.446651480667711667e+02 5.407322256191485772e-12 4.780361556788260486e+02 9.525502750961031779e+03 0.000000000000000000e+00 0.000000000000000000e+00
1.921568627450980296e-03 0.000000000000000000e+00 8.446651480667711667e+02 5.407322256191485772e-12 4.780361556788260486e+02 9.525502750961031779e+03 0.000000000000000000e+00 0.000000000000000000e+00
2.196078431372548972e-03 0.000000000000000000e+00 4.541003358478313316e+02 3.425609374189416823e-11 4.145623108047314531e+02 5.641912267787246492e+03 1.753753665741997111e+03 0.000000000000000000e+00
2.470588235294117647e-03 0.000000000000000000e+00 4.273435452381032746e+02 8.197540232499810530e-11 4.169705863444681313e+02 4.627517766707816918e+03 1.768939184428046701e+03 0.000000000000000000e+00
2.745098039215686323e-03 0.000000000000000000e+00 4.258837323568661759e+02 1.257375955441157731e-10 4.170045687834276578e+02 4.098997715697691092e+03 1.769671889595757648e+03 0.000000000000000000e+00
3.019607843137254999e-03 0.000000000000000000e+00 4.258027820992900274e+02 1.321071571240653338e-10 4.170051643927346277e+02 3.893821151382129301e+03 1.769710137212548261e+03 0.000000000000000000e+00
3.294117647058823241e-03 0.000000000000000000e+00 4.257995551213226690e+02 1.321811801503497040e-10 4.170051738802741284e+02 3.847591523692566170e+03 1.769711664014175994e+03 0.000000000000000000e+00
3.568627450980391917e-03 0.000000000000000000e+00 4.257995300699617474e+02 1.321814709229418498e-10 4.170051739249868774e+02 3.846045468930483366e+03 1.769711677356650398e+03 0.000000000000000000e+00
3.843137254901960592e-03 0.000000000000000000e+00 4.257995300699617474e+02 1.321814709229418498e-10 4.170051739249868774e+02 3.846045468930483366e+03 1.769711677356650398e+03 0.000000000000000000e+00
4.117647058823529702e-03 0.000000000000000000e+00 3.911454088941605960e+02 1.026817900238217552e-10 4.047024847393068967e+02 3.171425195831837300e+03 0.000000000000000000e+00 9.085719135795687180e+03
4.392156862745097944e-03 0.000000000000000000e+00 3.808580714554027509e+02 8.600645281275921220e-11 4.030052335374489871e+02 2.881533960064220992e+03 0.000000000000000000e+00 1.028238150245126235e+04
4.666666666666666186e-03 0.000000000000000000e+00 3.804546788999636533e+02 7.828537248462711600e-11 4.029857381612108043e+02 2.720290200776491019e+03 0.000000000000000000e+00 1.044318535510842048e+04
4.941176470588235295e-03 0.000000000000000000e+00 3.804357517709709100e+02 7.671528053780188957e-11 4.029854409428493796e+02 2.645602924035445994e+03 0.000000000000000000e+00 1.046555773796310314e+04
5.215686274509803537e-03 0.000000000000000000e+00 3.804349929769966820e+02 7.669260867253034559e-11 4.029854364169257792e+02 2.625194667792819928e+03 0.000000000000000000e+00 1.046783028075367474e+04
5.490196078431372646e-03 0.000000000000000000e+00 3.804349807872467863e+02 7.669246926903280978e-11 4.029854363819913488e+02 2.623442199220923158e+03 0.000000000000000000e+00 1.046790884473118240e+04
5.764705882352940888e-03 0.000000000000000000e+00 3.804349807872467863e+02 7.669246926903280978e-11 4.029854363819913488e+02 2.623442199220923158e+03 0.000000000000000000e+00 1.046790884473118240e+04
6.039215686274509998e-03 0.000000000000000000e+00 6.162935124917561325e+02 8.892437720331919952e-11 4.940735525856584331e+02 4.347266589676280091e+03 0.000000000000000000e+00 0.000000000000000000e+00
6.313725490196078240e-03 0.000000000000000000e+00 8.093967483140921786e+02 2.075637048458066496e-11 4.782984087526525059e+02 6.631001339542449386e+03 0.000000000000000000e+00 0.000000000000000000e+00
6.588235294117646482e-03 0.000000000000000000e+00 8.398446618217335526e+02 7.662899393140502231e-12 4.780390653874818554e+02 8.159075079454250044e+03 0.000000000000000000e+00 0.000000000000000000e+00
6.862745098039215591e-03 0.000000000000000000e+00 8.441559262008228188e+02 5.446091406872248307e-12 4.780361913900812283e+02 9.111321076355916375e+03 0.000000000000000000e+00 0.000000000000000000e+00
7.137254901960783833e-03 0.000000000000000000e+00 8.446377255821098515e+02 5.407512186514578583e-12 4.780361559966113987e+02 9.466603274185943519e+03 0.000000000000000000e+00 0.000000000000000000e+00
7.411764705882352942e-03 0.000000000000000000e+00 8.446651480667711667e+02 5.407322256191485772e-12 4.780361556788260486e+02 9.525502750961031779e+03 0.000000000000000000e+00 0.000000000000000000e+00
7.686274509803921184e-03 0.000000000000000000e+00 8.446651480667711667e+02 5.407322256191485772e-12 4.780361556788260486e+02 9.525502750961031779e+03 0.000000000000000000e+00 0.000000000000000000e+00
7.960784313725490294e-03 0.000000000000000000e+00 8.446651480667711667e+02 5.407322256191485772e-12 4.780361556788260486e+02 9.525502750961031779e+03 0.000000000000000000e+00 0.000000000000000000e+00
8.235294117647059403e-03 0.000000000000000000e+00 4.440881484970464612e+02 4.140904812857881759e-11 4.157506815047677833e+02 5.450653839710210377e+03 1.759682321578909068e+03 0.000000000000000000e+00
8.509803921568626778e-03 0.000000000000000000e+00 4.268235689945918239e+02 8.884755413439842427e-11 4.169862296898161276e+02 4.528398927486734465e+03 1.769206599115367680e+03 0.000000000000000000e+00
8.784313725490195887e-03 0.000000000000000000e+00 4.258538847653115909e+02 1.286624737936851721e-10 4.170048400366530927e+02 4.052982133279116624e+03 1.769686177437081597e+03 0.000000000000000000e+00
9.058823529411764996e-03 0.000000000000000000e+00 3.978513213750169371e+02 1.087111154896126984e-10 4.060820974445737193e+02 3.302462718994743682e+03 0.000000000000000000e+00 8.533796983813004772e+03
9.333333333333332371e-03 0.000000000000000000e+00 3.812656690367298893e+02 8.859800736531594508e-11 4.030367026476477577e+02 2.930169401718971585e+03 0.000000000000000000e+00 1.018557182012603516e+04
9.607843137254901481e-03 0.000000000000000000e+00 3.804733558167165484e+02 7.940673828430590991e-11 4.029861840198893788e+02 2.747211864808848077e+03 0.000000000000000000e+00 1.042901197452155247e+04
9.882352941176470590e-03 0.000000000000000000e+00 3.804365889195378259e+02 7.675377216111250070e-11 4.029854480368893519e+02 2.655334961449275397e+03 0.000000000000000000e+00 1.046382971407124933e+04
1.015686274509803970e-02 0.000000000000000000e+00 7.320706533530523075e+02 4.423882200168900492e-11 4.820866715900338022e+02 5.483967302075427142e+03 0.000000000000000000e+00 0.000000000000000000e+00
1.043137254901960707e-02 0.000000000000000000e+00 8.294663705299766434e+02 1.277193512569448094e-11 4.780729367714664590e+02 7.351461317437807338e+03 0.000000000000000000e+00 0.000000000000000000e+00
1.070588235294117618e-02 0.000000000000000000e+00 8.427399605742891708e+02 6.005688668771121246e-12 4.780365956726799936e+02 8.650287779177013363e+03 0.000000000000000000e+00 0.000000000000000000e+00
1.098039215686274529e-02 0.000000000000000000e+00 8.444984939349384376e+02 5.411601158818577298e-12 4.780361607738125826e+02 9.318318203362538043e+03 0.000000000000000000e+00 0.000000000000000000e+00
1.125490196078431267e-02 0.000000000000000000e+00 4.406005051539446526e+02 4.453405715463152455e-11 4.160908083988475710e+02 5.354600929303072917e+03 1.761675749036857269e+03 0.000000000000000000e+00
1.152941176470588178e-02 0.000000000000000000e+00 4.012990173763266739e+02 7.796097774211493190e-11 4.066169064467008525e+02 3.885092105638104840e+03 0.000000000000000000e+00 8.318609588481394894e+03
1.180392156862745089e-02 0.000000000000000000e+00 3.816325969294745164e+02 8.804887831808909357e-11 4.030672979026040252e+02 3.108331200860362060e+03 0.000000000000000000e+00 1.012128144554616847e+04
1.207843137254902000e-02 0.000000000000000000e+00 6.518802981242461101e+02 7.261134380483779372e-11 4.903367547443216949e+02 5.025101843179969364e+03 0.000000000000000000e+00 0.000000000000000000e+00
1.235294117647058737e-02 0.000000000000000000e+00 8.181104624448757932e+02 1.755699233618468390e-11 4.781698758099827273e+02 6.961816316425651166e+03 0.000000000000000000e+00 0.000000000000000000e+00
1.262745098039215648e-02 0.000000000000000000e+00 8.410982898033041693e+02 6.960414367877466345e-12 4.780376905364668687e+02 8.347198316792946571e+03 0.000000000000000000e+00 0.000000000000000000e+00
1.290196078431372559e-02 0.000000000000000000e+00 8.443102887979908928e+02 5.426234970420755227e-12 4.780361743081045347e+02 9.191267323290236163e+03 0.000000000000000000e+00 0.000000000000000000e+00
1.317647058823529296e-02 0.000000000000000000e+00 8.446495631292959843e+02 5.407404640569873657e-12 4.780361558230362675e+02 9.486829545875905751e+03 0.000000000000000000e+00 0.000000000000000000e+00
1.345098039215686207e-02 0.000000000000000000e+00 8.446651480667711667e+02 5.407322256191485772e-12 4.780361556788260486e+02 9.525502750961031779e+03 0.000000000000000000e+00 0.000000000000000000e+00
1.372549019607843118e-02 0.000000000000000000e+00 0.000000000000000000e+00 0.000000000000000000e+00 0.000000000000000000e+00 0.000000000000000000e+00 0.000000000000000000e+00 0.000000000000000000e+00
