0.000000000000000000e+00 1.000000000000000000e+00 6.000000000000000000e+00 7.000000000000000000e+00 8.000000000000000000e+00 1.400000000000000000e+01 2.600000000000000000e+01 2.900000000000000000e+01
0.000000000000000000e+00 0.000000000000000000e+00 8.446651480667711667e+02 5.407322256191485772e-12 4.780361556788260486e+02 9.525502750961031779e+03 0.000000000000000000e+00 0.000000000000000000e+00
2.745098039215686215e-04 0.000000000000000000e+00 8.446651480667711667e+02 5.407322256191485772e-12 4.780361556788260486e+02 9.525502750961031779e+03 0.000000000000000000e+00 0.000000000000000000e+00
5.490196078431372429e-04 0.000000000000000000e+00 8.446651480667711667e+02 5.407322256191485772e-12 4.780361556788260486e+02 9.525502750961031779e+03 0.000000000000000000e+00 0.000000000000000000e+00
8.235294117647058102e-04 0.000000000000000000e+00 8.446526609696608148e+02 5.407417566765583618e-12 4.780361558609273516e+02 9.497883175574455890e+03 0.000000000000000000e+00 0.000000000000000000e+00
1.098039215686274486e-03 0.000000000000000000e+00 8.443732264621144168e+02 5.429406273303062254e-12 4.780361793643785404e+02 9.282977233269253702e+03 0.000000000000000000e+00 0.000000000000000000e+00
1.372549019607843162e-03 0.000000000000000000e+00 8.416837016951368469e+02 7.261282252901834832e-12 4.780381111705931403e+02 8.647154045202560155e+03 0.000000000000000000e+00 0.000000000000000000e+00
1.647058823529411620e-03 0.000000000000000000e+00 8.221993043645067019e+02 2.110293079845343609e-11 4.782066135206088120e+02 7.531624825407079697e+03 0.000000000000000000e+00 0.000000000000000000e+00
1.921568627450980296e-03 0.000000000000000000e+00 6.802116675119860929e+02 9.809035426962382928e-11 4.937721957388787928e+02 5.819882084555419169e+03 0.000000000000000000e+00 0.000000000000000000e+00
2.196078431372548972e-03 0.000000000000000000e+00 4.257995300699617474e+02 1.321814709229418498e-10 4.170051739249868774e+02 3.846045468930483366e+03 1.769711677356650398e+03 0.000000000000000000e+00
2.470588235294117647e-03 0.000000000000000000e+00 4.257995300699617474e+02 1.321814709229418498e-10 4.170051739249868774e+02 3.846045468930483366e+03 1.769711677356650398e+03 0.000000000000000000e+00
2.745098039215686323e-03 0.000000000000000000e+00 4.257995129093754372e+02 1.321813656312103672e-10 4.170051739009417702e+02 3.844636616472074820e+03 1.769711679841040450e+03 0.000000000000000000e+00
3.019607843137254999e-03 0.000000000000000000e+00 4.257983346379743352e+02 1.321610966025194682e-10 4.170051701987640627e+02 3.821621572425256090e+03 1.769711971470757817e+03 0.000000000000000000e+00
3.294117647058823241e-03 0.000000000000000000e+00 4.257737243173444313e+02 1.305319129768869708e-10 4.170049435794582564e+02 3.735127072425098959e+03 1.769722622332342098e+03 0.000000000000000000e+00
3.568627450980391917e-03 0.000000000000000000e+00 4.253666569757553475e+02 1.207802647058416881e-10 4.169917879155818810e+02 3.549736548302753363e+03 1.770037644198877842e+03 0.000000000000000000e+00
3.843137254901960592e-03 0.000000000000000000e+00 4.178548653107712312e+02 1.033248641203358977e-10 4.160032539883868594e+02 3.249847550563145887e+03 1.780699642641402761e+03 0.000000000000000000e+00
4.117647058823529702e-03 0.000000000000000000e+00 3.804349807872467863e+02 7.669246926903280978e-11 4.029854363819913488e+02 2.623442199220923158e+03 0.000000000000000000e+00 1.046790884473118240e+04
4.392156862745097944e-03 0.000000000000000000e+00 3.804349807872467863e+02 7.669246926903280978e-11 4.029854363819913488e+02 2.623442199220923158e+03 0.000000000000000000e+00 1.046790884473118240e+04
4.666666666666666186e-03 0.000000000000000000e+00 3.804349832148432711e+02 7.669243532991942247e-11 4.029854363765956577e+02 2.623887751476809171e+03 0.000000000000000000e+00 1.046790825478929037e+04
4.941176470588235295e-03 0.000000000000000000e+00 3.804358453622880916e+02 7.667432667895932848e-11 4.029854338440133006e+02 2.656843982059682276e+03 0.000000000000000000e+00 1.046780666878807278e+04
5.215686274509803537e-03 0.000000000000000000e+00 3.804651797126073234e+02 7.489438272186566580e-11 4.029852484080730619e+02 2.827587367795481441e+03 0.000000000000000000e+00 1.046649990772386082e+04
5.490196078431372646e-03 0.000000000000000000e+00 3.811499379075889351e+02 5.340433976865736616e-11 4.029735827596659874e+02 3.320389009549779985e+03 0.000000000000000000e+00 1.045678642300670072e+04
5.764705882352940888e-03 0.000000000000000000e+00 3.971210309592423187e+02 2.620572666169034260e-11 4.021026121518298737e+02 4.328018248943087201e+03 0.000000000000000000e+00 1.040133165499909956e+04
6.039215686274509998e-03 0.000000000000000000e+00 8.446651480667711667e+02 5.407322256191485772e-12 4.780361556788260486e+02 9.525502750961031779e+03 0.000000000000000000e+00 0.000000000000000000e+00
6.313725490196078240e-03 0.000000000000000000e+00 8.446651480667711667e+02 5.407322256191485772e-12 4.780361556788260486e+02 9.525502750961031779e+03 0.000000000000000000e+00 0.000000000000000000e+00
6.588235294117646482e-03 0.000000000000000000e+00 8.446651480667711667e+02 5.407322256191485772e-12 4.780361556788260486e+02 9.525502750961031779e+03 0.000000000000000000e+00 0.000000000000000000e+00
6.862745098039215591e-03 0.000000000000000000e+00 8.446430748885745743e+02 5.407542420293181952e-12 4.780361560806938996e+02 9.483340138271070828e+03 0.000000000000000000e+00 0.000000000000000000e+00
7.137254901960783833e-03 0.000000000000000000e+00 8.442452070666504369e+02 5.452650847924024535e-12 4.780362010984239305e+02 9.224291179319812727e+03 0.000000000000000000e+00 0.000000000000000000e+00
7.411764705882352942e-03 0.000000000000000000e+00 8.406292985065023231e+02 8.125352641092474294e-12 4.780398633129746599e+02 8.514701313407125781e+03 0.000000000000000000e+00 0.000000000000000000e+00
7.686274509803921184e-03 0.000000000000000000e+00 8.148129713203845768e+02 2.560593373337323941e-11 4.783704547558178319e+02 7.331960672876613899e+03 0.000000000000000000e+00 0.000000000000000000e+00
7.960784313725490294e-03 0.000000000000000000e+00 6.497151472296610564e+02 1.303658781927155018e-10 4.985720958170125527e+02 5.451383312757092426e+03 0.000000000000000000e+00 0.000000000000000000e+00
8.235294117647059403e-03 0.000000000000000000e+00 4.257857840962190039e+02 1.314906480130879511e-10 4.170050775900818962e+02 3.762102218988765344e+03 1.769716857874461766e+03 0.000000000000000000e+00
8.509803921568626778e-03 0.000000000000000000e+00 4.255627403713819490e+02 1.234739225184952032e-10 4.169996690528134877e+02 3.597639390361621736e+03 1.769868715757680320e+03 0.000000000000000000e+00
8.784313725490195887e-03 0.000000000000000000e+00 4.216939278820425443e+02 1.078522176669594516e-10 4.166286411977990269e+02 3.334937062474370123e+03 1.774676190399710094e+03 0.000000000000000000e+00
9.058823529411764996e-03 0.000000000000000000e+00 3.804393153245387111e+02 7.655371939189174777e-11 4.029854195265152157e+02 2.703829796378357514e+03 0.000000000000000000e+00 1.046755845979934020e+04
9.333333333333332371e-03 0.000000000000000000e+00 3.805548041642688872e+02 6.785757426181241627e-11 4.029843337791479598e+02 2.990887194378004097e+03 0.000000000000000000e+00 1.046432195988722924e+04
9.607843137254901481e-03 0.000000000000000000e+00 3.831436301655288048e+02 4.177748486353130863e-11 4.029133841987472238e+02 3.669157008988187954e+03 0.000000000000000000e+00 1.044349917248606289e+04
9.882352941176470590e-03 0.000000000000000000e+00 4.507797193540545777e+02 1.386713125244205973e-11 3.967638931599402099e+02 5.027433048716125995e+03 0.000000000000000000e+00 1.032698152216311064e+04
1.015686274509803970e-02 0.000000000000000000e+00 8.441650235808600655e+02 5.471936373560843599e-12 4.780362176124378379e+02 9.191156828131064685e+03 0.000000000000000000e+00 0.000000000000000000e+00
1.043137254901960707e-02 0.000000000000000000e+00 8.399813200259640098e+02 8.650809576968248932e-12 4.780412054315203818e+02 8.421776099399290615e+03 0.000000000000000000e+00 0.000000000000000000e+00
1.070588235294117618e-02 0.000000000000000000e+00 8.102297500808074346e+02 2.810128743386316376e-11 4.784999519149565685e+02 7.116184733901094660e+03 0.000000000000000000e+00 0.000000000000000000e+00
1.098039215686274529e-02 0.000000000000000000e+00 6.353873804394007720e+02 1.437829308407709492e-10 5.007007862823516007e+02 5.086577785498387129e+03 0.000000000000000000e+00 0.000000000000000000e+00
1.125490196078431267e-02 0.000000000000000000e+00 4.228896320132282085e+02 1.056849190829778281e-10 4.167743340545902697e+02 3.666714027490021635e+03 1.773017770591337239e+03 0.000000000000000000e+00
1.152941176470588178e-02 0.000000000000000000e+00 3.815533642770100755e+02 4.956000436227236716e-11 4.029634085569761623e+02 3.425778740282754370e+03 0.000000000000000000e+00 1.045336793376731293e+04
1.180392156862745089e-02 0.000000000000000000e+00 4.073851988127104846e+02 2.201497818300435105e-11 4.012320240992668801e+02 4.543237649273873103e+03 0.000000000000000000e+00 1.038232065579852861e+04
1.207843137254902000e-02 0.000000000000000000e+00 8.446651480667711667e+02 5.407322256191485772e-12 4.780361556788260486e+02 9.525502750961031779e+03 0.000000000000000000e+00 0.000000000000000000e+00
1.235294117647058737e-02 0.000000000000000000e+00 8.446651480667711667e+02 5.407322256191485772e-12 4.780361556788260486e+02 9.525502750961031779e+03 0.000000000000000000e+00 0.000000000000000000e+00
1.262745098039215648e-02 0.000000000000000000e+00 8.446651480667711667e+02 5.407322256191485772e-12 4.780361556788260486e+02 9.525502750961031779e+03 0.000000000000000000e+00 0.000000000000000000e+00
1.290196078431372559e-02 0.000000000000000000e+00 8.446651480667711667e+02 5.407322256191485772e-12 4.780361556788260486e+02 9.525502750961031779e+03 0.000000000000000000e+00 0.000000000000000000e+00
1.317647058823529296e-02 0.000000000000000000e+00 8.446651480667711667e+02 5.407322256191486580e-12 4.780361556788260486e+02 9.525502750961031779e+03 0.000000000000000000e+00 0.000000000000000000e+00
1.345098039215686207e-02 0.000000000000000000e+00 8.446651480667711667e+02 5.407322256191485772e-12 4.780361556788260486e+02 9.525502750961031779e+03 0.000000000000000000e+00 0.000000000000000000e+00
1.372549019607843118e-02 0.000000000000000000e+00 0.000000000000000000e+00 0.000000000000000000e+00 0.000000000000000000e+00 0.000000000000000000e+00 0.000000000000000000e+00 0.000000000000000000e+00
