0.000000000000000000e+00 1.000000000000000000e+00 6.000000000000000000e+00 7.000000000000000000e+00 8.000000000000000000e+00 1.400000000000000000e+01 2.600000000000000000e+01 2.900000000000000000e+01
0.000000000000000000e+00 0.000000000000000000e+00 8.446471695902951069e+02 5.407322256191482541e-12 4.780438357673608607e+02 9.525502750961019046e+03 0.000000000000000000e+00 0.000000000000000000e+00
1.386138613861386286e-04 0.000000000000000000e+00 8.446471695902951069e+02 5.407322256191482541e-12 4.780438357673608607e+02 9.525502750961019046e+03 0.000000000000000000e+00 0.000000000000000000e+00
2.772277227722772571e-04 0.000000000000000000e+00 8.446471695902951069e+02 5.407322256191482541e-12 4.780438357673608607e+02 9.525502750961019046e+03 0.000000000000000000e+00 0.000000000000000000e+00
4.158415841584158857e-04 0.000000000000000000e+00 8.446471695902951069e+02 5.407322256191482541e-12 4.780438357673608607e+02 9.525502750961019046e+03 0.000000000000000000e+00 0.000000000000000000e+00
5.544554455445545142e-04 0.000000000000000000e+00 8.446471695902951069e+02 5.407322256191482541e-12 4.780438357673608607e+02 9.525502750961019046e+03 0.000000000000000000e+00 0.000000000000000000e+00
6.930693069306931428e-04 0.000000000000000000e+00 8.446467896890814018e+02 5.407325453036141741e-12 4.780438357694474689e+02 9.522484683534928990e+03 0.000000000000000000e+00 0.000000000000000000e+00
8.316831683168317713e-04 0.000000000000000000e+00 8.446384678928809535e+02 5.407436072402546637e-12 4.780438358643735342e+02 9.495230523096721299e+03 0.000000000000000000e+00 0.000000000000000000e+00
9.702970297029703999e-04 0.000000000000000000e+00 8.445902314934368178e+02 5.409262807717533638e-12 4.780438372124005468e+02 9.419283204797307917e+03 0.000000000000000000e+00 0.000000000000000000e+00
1.108910891089109028e-03 0.000000000000000000e+00 8.444027140889855900e+02 5.434045739073545333e-12 4.780438514096899780e+02 9.267772308683828669e+03 0.000000000000000000e+00 0.000000000000000000e+00
1.247524752475247765e-03 0.000000000000000000e+00 8.437894424009731438e+02 5.731874594301760889e-12 4.780439865778134276e+02 9.004515284453853383e+03 0.000000000000000000e+00 0.000000000000000000e+00
1.386138613861386286e-03 0.000000000000000000e+00 8.419546956077422237e+02 7.536773389469390559e-12 4.780452492154244624e+02 8.602193646729376269e+03 0.000000000000000000e+00 0.000000000000000000e+00
1.524752475247524806e-03 0.000000000000000000e+00 8.369128290646038977e+02 1.221085923747555404e-11 4.780572109291017000e+02 8.083945844647208105e+03 0.000000000000000000e+00 0.000000000000000000e+00
1.663366336633663543e-03 0.000000000000000000e+00 8.233957234870189268e+02 2.285395739214766230e-11 4.781769033290164543e+02 7.449902334116149177e+03 0.000000000000000000e+00 0.000000000000000000e+00
1.801980198019802280e-03 0.000000000000000000e+00 7.856641002078536076e+02 4.739958502151057851e-11 4.795039413613261559e+02 6.673257883746106927e+03 0.000000000000000000e+00 0.000000000000000000e+00
1.940594059405940800e-03 0.000000000000000000e+00 6.630673365578026051e+02 1.120470656207372008e-10 4.980435158322034681e+02 5.646820486302198333e+03 0.000000000000000000e+00 0.000000000000000000e+00
2.079207920792079320e-03 0.000000000000000000e+00 4.257954524310516717e+02 1.321814709229417722e-10 4.170105562699083066e+02 3.846045468930482457e+03 1.769714043448487018e+03 0.000000000000000000e+00
2.217821782178218057e-03 0.000000000000000000e+00 4.257954524310516717e+02 1.321814709229417722e-10 4.170105562699083066e+02 3.846045468930482457e+03 1.769714043448487018e+03 0.000000000000000000e+00
2.356435643564356794e-03 0.000000000000000000e+00 4.257954524310516717e+02 1.321814709229417722e-10 4.170105562699083066e+02 3.846045468930482457e+03 1.769714043448487018e+03 0.000000000000000000e+00
2.495049504950495531e-03 0.000000000000000000e+00 4.257954524310516717e+02 1.321814709229417722e-10 4.170105562699083066e+02 3.846045468930482457e+03 1.769714043448487018e+03 0.000000000000000000e+00
2.633663366336633834e-03 0.000000000000000000e+00 4.257954523611865056e+02 1.321814692804966525e-10 4.170105562698374797e+02 3.846005828076693888e+03 1.769714043455941010e+03 0.000000000000000000e+00
2.772277227722772571e-03 0.000000000000000000e+00 4.257954373852526828e+02 1.321812713545110180e-10 4.170105562506717547e+02 3.843860608057676018e+03 1.769714045528443421e+03 0.000000000000000000e+00
2.910891089108911308e-03 0.000000000000000000e+00 4.257952744259096676e+02 1.321784369625780892e-10 4.170105559367792125e+02 3.835485587886028043e+03 1.769714075791312553e+03 0.000000000000000000e+00
3.049504950495049611e-03 0.000000000000000000e+00 4.257942991388154610e+02 1.321477459879608078e-10 4.170105528790731455e+02 3.816267603656819574e+03 1.769714319409795053e+03 0.000000000000000000e+00
3.188118811881188348e-03 0.000000000000000000e+00 4.257896105103144464e+02 1.318523222968018631e-10 4.170105276830560115e+02 3.779836552549391854e+03 1.769715887305919523e+03 0.000000000000000000e+00
3.326732673267327085e-03 0.000000000000000000e+00 4.257689846356396401e+02 1.297768826734144961e-10 4.170103298306621582e+02 3.718108804217805755e+03 1.769725091273777707e+03 0.000000000000000000e+00
3.465346534653465822e-03 0.000000000000000000e+00 4.256829052053298597e+02 1.253018786380407843e-10 4.170087872189671430e+02 3.630805975176579523e+03 1.769776735203004364e+03 0.000000000000000000e+00
3.603960396039604559e-03 0.000000000000000000e+00 4.253281720854229775e+02 1.189940704892168751e-10 4.169963691249064368e+02 3.518809172716864396e+03 1.770065078066777687e+03 0.000000000000000000e+00
3.742574257425742863e-03 0.000000000000000000e+00 4.238016068034599471e+02 1.107719160662308170e-10 4.168885562888344225e+02 3.377741679738166567e+03 1.771750590064384369e+03 0.000000000000000000e+00
3.881188118811881600e-03 0.000000000000000000e+00 4.164359118539827023e+02 9.985879131154426348e-11 4.158053269113362944e+02 3.194625033665933188e+03 1.782854405297398444e+03 0.000000000000000000e+00
4.019801980198019903e-03 0.000000000000000000e+00 3.804325876706421923e+02 7.669246926903284856e-11 4.029909657505936593e+02 2.623442199220926796e+03 0.000000000000000000e+00 1.046769177665457937e+04
4.158415841584158640e-03 0.000000000000000000e+00 3.804325876706421923e+02 7.669246926903284856e-11 4.029909657505936593e+02 2.623442199220926796e+03 0.000000000000000000e+00 1.046769177665457937e+04
4.297029702970297377e-03 0.000000000000000000e+00 3.804325876706421923e+02 7.669246926903284856e-11 4.029909657505936593e+02 2.623442199220926796e+03 0.000000000000000000e+00 1.046769177665457937e+04
4.435643564356436114e-03 0.000000000000000000e+00 3.804325876706421923e+02 7.669246926903284856e-11 4.029909657505936593e+02 2.623442199220926796e+03 0.000000000000000000e+00 1.046769177665457937e+04
4.574257425742574851e-03 0.000000000000000000e+00 3.804325876706421923e+02 7.669246926903284856e-11 4.029909657505936593e+02 2.623442199220926796e+03 0.000000000000000000e+00 1.046769177665457937e+04
4.712871287128713588e-03 0.000000000000000000e+00 3.804325923081540850e+02 7.669230944243926797e-11 4.029909657420366784e+02 2.625129907412496777e+03 0.000000000000000000e+00 1.046769056104207448e+04
4.851485148514852325e-03 0.000000000000000000e+00 3.804327048501127706e+02 7.668897619460572831e-11 4.029909654922662412e+02 2.637571772541849441e+03 0.000000000000000000e+00 1.046767088331535342e+04
4.990099009900991062e-03 0.000000000000000000e+00 3.804336703427567272e+02 7.664980022914520090e-11 4.029909625922696819e+02 2.672830770196142112e+03 0.000000000000000000e+00 1.046756576173593749e+04
5.128712871287128931e-03 0.000000000000000000e+00 3.804395868661247846e+02 7.624526234894406067e-11 4.029909364715870197e+02 2.748299412002334066e+03 0.000000000000000000e+00 1.046717837788033830e+04
5.267326732673267668e-03 0.000000000000000000e+00 3.804710436945085803e+02 7.267347182329595257e-11 4.029907192800276903e+02 2.890643949426163999e+03 0.000000000000000000e+00 1.046597692080411434e+04
5.405940594059406405e-03 0.000000000000000000e+00 3.806280502312583280e+02 6.145641523992874369e-11 4.029889391382802728e+02 3.126608777123647542e+03 0.000000000000000000e+00 1.046261359516096127e+04
5.544554455445545142e-03 0.000000000000000000e+00 3.813881309848624710e+02 4.805796268069795051e-11 4.029740713784692616e+02 3.469313337765716824e+03 0.000000000000000000e+00 1.045406878092329862e+04
5.683168316831683879e-03 0.000000000000000000e+00 3.851302122460624560e+02 3.429627508831733294e-11 4.028422322897932304e+02 3.952766493107978476e+03 0.000000000000000000e+00 1.043342140742349875e+04
5.821782178217822616e-03 0.000000000000000000e+00 4.049682181396346436e+02 2.036053105180786713e-11 4.015378370439788682e+02 4.649567262870600644e+03 0.000000000000000000e+00 1.038361195183145537e+04
5.960396039603961353e-03 0.000000000000000000e+00 5.290935035355315676e+02 5.340560138548475755e-12 3.862978199218927671e+02 5.782947509044655817e+03 0.000000000000000000e+00 1.025489959795075629e+04
6.099009900990099223e-03 0.000000000000000000e+00 8.446471695902951069e+02 5.407322256191482541e-12 4.780438357673608607e+02 9.525502750961019046e+03 0.000000000000000000e+00 0.000000000000000000e+00
6.237623762376237960e-03 0.000000000000000000e+00 8.446471695902951069e+02 5.407322256191482541e-12 4.780438357673608607e+02 9.525502750961019046e+03 0.000000000000000000e+00 0.000000000000000000e+00
6.376237623762376697e-03 0.000000000000000000e+00 8.446471695902951069e+02 5.407322256191482541e-12 4.780438357673608607e+02 9.525502750961019046e+03 0.000000000000000000e+00 0.000000000000000000e+00
6.514851485148515434e-03 0.000000000000000000e+00 8.446471695902951069e+02 5.407322256191482541e-12 4.780438357673608607e+02 9.525502750961019046e+03 0.000000000000000000e+00 0.000000000000000000e+00
6.653465346534654171e-03 0.000000000000000000e+00 8.446470959860043877e+02 5.407322906807931997e-12 4.780438357677213048e+02 9.524693270969897640e+03 0.000000000000000000e+00 0.000000000000000000e+00
6.792079207920792908e-03 0.000000000000000000e+00 8.446427986940766459e+02 5.407369131262989637e-12 4.780438358068694811e+02 9.506866227348344182e+03 0.000000000000000000e+00 0.000000000000000000e+00
6.930693069306931645e-03 0.000000000000000000e+00 8.446118978462659470e+02 5.408207883962138450e-12 4.780438364699315343e+02 9.447472891827945205e+03 0.000000000000000000e+00 0.000000000000000000e+00
7.069306930693070382e-03 0.000000000000000000e+00 8.444817169944101352e+02 5.420226169483764767e-12 4.780438438333874842e+02 9.320508081187421340e+03 0.000000000000000000e+00 0.000000000000000000e+00
7.207920792079209119e-03 0.000000000000000000e+00 8.440397290678774880e+02 5.568017995052725243e-12 4.780439152058988839e+02 9.093655982797783508e+03 0.000000000000000000e+00 0.000000000000000000e+00
7.346534653465346988e-03 0.000000000000000000e+00 8.426850789849358989e+02 6.803418088349109997e-12 4.780445833659227901e+02 8.729732340347132777e+03 0.000000000000000000e+00 0.000000000000000000e+00
7.485148514851485725e-03 0.000000000000000000e+00 8.388863867154078662e+02 1.045728228119301335e-11 4.780508585726571482e+02 8.243719132270138289e+03 0.000000000000000000e+00 0.000000000000000000e+00
7.623762376237624462e-03 0.000000000000000000e+00 8.287031642571485008e+02 1.888399541691274128e-11 4.781124203612973815e+02 7.644876803910568015e+03 0.000000000000000000e+00 0.000000000000000000e+00
7.762376237623763199e-03 0.000000000000000000e+00 8.007851642650714439e+02 3.808310935736470495e-11 4.787715076146615161e+02 6.912920763904501655e+03 0.000000000000000000e+00 0.000000000000000000e+00
7.900990099009901069e-03 0.000000000000000000e+00 7.157810700721870489e+02 8.571455850702073280e-11 4.871910324715218508e+02 5.981226839541079244e+03 0.000000000000000000e+00 0.000000000000000000e+00
8.039603960396039806e-03 0.000000000000000000e+00 4.257944342187367965e+02 1.321526838460461289e-10 4.170105533795281758e+02 3.818109986548491634e+03 1.769714282358736682e+03 0.000000000000000000e+00
8.178217821782178543e-03 0.000000000000000000e+00 4.257902233290541858e+02 1.319034604173516632e-10 4.170105316355570153e+02 3.783240639916056352e+03 1.769715661398850216e+03 0.000000000000000000e+00
8.316831683168317280e-03 0.000000000000000000e+00 4.257716240849246674e+02 1.300163198502185055e-10 4.170103606149401685e+02 3.723411398283436483e+03 1.769723791175716315e+03 0.000000000000000000e+00
8.455445544554456017e-03 0.000000000000000000e+00 4.256937997566677154e+02 1.256807559574398218e-10 4.170090286687725438e+02 3.637788438560795839e+03 1.769769492024812280e+03 0.000000000000000000e+00
8.594059405940594754e-03 0.000000000000000000e+00 4.253734504312606646e+02 1.195059085772387357e-10 4.169983499202763824e+02 3.527675277739252579e+03 1.770024278337773467e+03 0.000000000000000000e+00
8.732673267326733491e-03 0.000000000000000000e+00 4.240013389557784649e+02 1.114251823574963786e-10 4.169062627380337744e+02 3.392011540940847226e+03 1.771506336243193573e+03 0.000000000000000000e+00
8.871287128712872228e-03 0.000000000000000000e+00 4.174618251910088134e+02 1.007552049029336129e-10 4.159944655973306453e+02 3.229937949943880994e+03 1.781144600387181981e+03 0.000000000000000000e+00
9.009900990099010964e-03 0.000000000000000000e+00 3.804340242173542492e+02 7.663244614329716454e-11 4.029909613541682916e+02 2.680621320405949064e+03 0.000000000000000000e+00 1.046753494188030891e+04
9.148514851485149701e-03 0.000000000000000000e+00 3.804415808078732653e+02 7.608221366626591270e-11 4.029909258825259144e+02 2.763728736610580654e+03 0.000000000000000000e+00 1.046707614577721324e+04
9.287128712871288438e-03 0.000000000000000000e+00 3.804813177861943245e+02 7.135780405869941029e-11 4.029906316664628321e+02 2.918537292867489668e+03 0.000000000000000000e+00 1.046567469088033249e+04
9.425742574257427175e-03 0.000000000000000000e+00 3.806782115679601475e+02 5.959506932461054904e-11 4.029882227984017504e+02 3.168549843726818835e+03 0.000000000000000000e+00 1.046181274323276557e+04
9.564356435643565912e-03 0.000000000000000000e+00 3.816308751729297342e+02 4.612969504381867638e-11 4.029679743747168459e+02 3.528611835233735292e+03 0.000000000000000000e+00 1.045210152420771192e+04
9.702970297029704649e-03 0.000000000000000000e+00 3.863519424721026212e+02 3.235907399088237631e-11 4.027862583119921283e+02 4.034652495025138705e+03 0.000000000000000000e+00 1.042870450262525446e+04
9.841584158415843386e-03 0.000000000000000000e+00 4.118415339563842394e+02 1.854939945799056531e-11 4.009436216177598453e+02 4.754702360297626001e+03 0.000000000000000000e+00 1.037191695289565905e+04
9.980198019801982123e-03 0.000000000000000000e+00 5.562029023477284682e+02 4.169250792935282112e-12 3.826378566430893784e+02 5.933949198628599333e+03 0.000000000000000000e+00 1.023195968534729036e+04
1.011881188118811913e-02 0.000000000000000000e+00 8.443786867631800988e+02 5.439492241323555097e-12 4.780438541678419710e+02 9.253185465712773293e+03 0.000000000000000000e+00 0.000000000000000000e+00
1.025742574257425786e-02 0.000000000000000000e+00 8.437128676400112681e+02 5.794258701726847417e-12 4.780440129698904457e+02 8.976773569218963530e+03 0.000000000000000000e+00 0.000000000000000000e+00
1.039603960396039660e-02 0.000000000000000000e+00 8.417350957631545043e+02 7.754385902317872457e-12 4.780454935591415051e+02 8.551363729821401648e+03 0.000000000000000000e+00 0.000000000000000000e+00
1.053465346534653534e-02 0.000000000000000000e+00 8.363226187739627449e+02 1.271387332107089182e-11 4.780595468156084848e+02 7.994999101512494235e+03 0.000000000000000000e+00 0.000000000000000000e+00
1.067326732673267407e-02 0.000000000000000000e+00 8.217926300763659810e+02 2.390261999271102640e-11 4.782010587106992716e+02 7.300821286920483544e+03 0.000000000000000000e+00 0.000000000000000000e+00
1.081188118811881281e-02 0.000000000000000000e+00 7.810237049804649132e+02 4.887995806326054870e-11 4.797847894155128188e+02 6.446502658423923094e+03 0.000000000000000000e+00 0.000000000000000000e+00
1.095049504950495155e-02 0.000000000000000000e+00 6.472700970880473506e+02 1.134617342894188457e-10 5.018287680864222580e+02 5.340288574376071665e+03 0.000000000000000000e+00 0.000000000000000000e+00
1.108910891089109028e-02 0.000000000000000000e+00 4.254008535816399785e+02 1.194426881263708418e-10 4.169992010552967372e+02 3.654836151750152567e+03 1.770000757392377636e+03 0.000000000000000000e+00
1.122772277227722902e-02 0.000000000000000000e+00 4.241262129599839454e+02 1.089121466370241585e-10 4.169138808669646323e+02 3.659250178595772013e+03 1.771368422104421597e+03 0.000000000000000000e+00
1.136633663366336776e-02 0.000000000000000000e+00 4.180757830286817693e+02 8.703331545199117395e-11 4.160749313195848345e+02 3.717692581778230306e+03 1.780244613889844686e+03 0.000000000000000000e+00
1.150495049504950650e-02 0.000000000000000000e+00 3.810410063459289631e+02 5.197936625255544398e-11 4.029817642807958578e+02 3.358800088234913346e+03 0.000000000000000000e+00 1.045732893864691505e+04
1.164356435643564523e-02 0.000000000000000000e+00 3.834045274089702957e+02 3.827186257368716817e-11 4.029115259656236390e+02 3.796803963093967013e+03 0.000000000000000000e+00 1.044124226621221715e+04
1.178217821782178397e-02 0.000000000000000000e+00 3.955780258428857223e+02 2.437129762365875976e-11 4.022428232850970744e+02 4.420802195414055859e+03 0.000000000000000000e+00 1.040262690418446437e+04
1.192079207920792271e-02 0.000000000000000000e+00 4.691580752175405564e+02 1.061981972535196830e-11 3.944578705508553185e+02 5.378703652586283170e+03 0.000000000000000000e+00 1.030484878944188313e+04
1.205940594059406144e-02 0.000000000000000000e+00 8.446471695902951069e+02 5.407322256191482541e-12 4.780438357673608607e+02 9.525502750961019046e+03 0.000000000000000000e+00 0.000000000000000000e+00
1.219801980198019845e-02 0.000000000000000000e+00 8.446471695902951069e+02 5.407322256191482541e-12 4.780438357673608607e+02 9.525502750961019046e+03 0.000000000000000000e+00 0.000000000000000000e+00
1.233663366336633718e-02 0.000000000000000000e+00 8.446471695902951069e+02 5.407322256191482541e-12 4.780438357673608607e+02 9.525502750961019046e+03 0.000000000000000000e+00 0.000000000000000000e+00
1.247524752475247592e-02 0.000000000000000000e+00 8.446471695902951069e+02 5.407322256191482541e-12 4.780438357673608607e+02 9.525502750961019046e+03 0.000000000000000000e+00 0.000000000000000000e+00
1.261386138613861466e-02 0.000000000000000000e+00 8.446471695902951069e+02 5.407322256191482541e-12 4.780438357673608607e+02 9.525502750961019046e+03 0.000000000000000000e+00 0.000000000000000000e+00
1.275247524752475339e-02 0.000000000000000000e+00 8.446471695902951069e+02 5.407322256191482541e-12 4.780438357673608607e+02 9.525502750961019046e+03 0.000000000000000000e+00 0.000000000000000000e+00
1.289108910891089213e-02 0.000000000000000000e+00 8.446471695902951069e+02 5.407322256191482541e-12 4.780438357673608607e+02 9.525502750961019046e+03 0.000000000000000000e+00 0.000000000000000000e+00
1.302970297029703087e-02 0.000000000000000000e+00 8.446471695902951069e+02 5.407322256191482541e-12 4.780438357673608607e+02 9.525502750961015408e+03 0.000000000000000000e+00 0.000000000000000000e+00
1.316831683168316960e-02 0.000000000000000000e+00 8.446471695902951069e+02 5.407322256191483349e-12 4.780438357673608607e+02 9.525502750961015408e+03 0.000000000000000000e+00 0.000000000000000000e+00
1.330693069306930834e-02 0.000000000000000000e+00 8.446471695902951069e+02 5.407322256191485772e-12 4.780438357673608607e+02 9.525502750961015408e+03 0.000000000000000000e+00 0.000000000000000000e+00
1.344554455445544708e-02 0.000000000000000000e+00 8.446471695902951069e+02 5.407322256191484156e-12 4.780438357673608607e+02 9.525502750961011770e+03 0.000000000000000000e+00 0.000000000000000000e+00
1.358415841584158582e-02 0.000000000000000000e+00 8.446471695902951069e+02 5.407322256191481733e-12 4.780438357673608607e+02 9.525502750961011770e+03 0.000000000000000000e+00 0.000000000000000000e+00
1.372277227722772455e-02 0.000000000000000000e+00 8.446471695902951069e+02 5.407322256191481733e-12 4.780438357673608607e+02 9.525502750961015408e+03 0.000000000000000000e+00 0.000000000000000000e+00
1.386138613861386329e-02 0.000000000000000000e+00 0.000000000000000000e+00 0.000000000000000000e+00 0.000000000000000000e+00 0.000000000000000000e+00 0.000000000000000000e+00 0.000000000000000000e+00
