0.000000000000000000e+00 1.000000000000000000e+00 6.000000000000000000e+00 7.000000000000000000e+00 8.000000000000000000e+00 1.400000000000000000e+01 2.600000000000000000e+01 2.900000000000000000e+01
0.000000000000000000e+00 0.000000000000000000e+00 8.446471695902951069e+02 5.407322256191482541e-12 4.780438357673608607e+02 9.525502750961019046e+03 0.000000000000000000e+00 0.000000000000000000e+00
1.386138613861386286e-04 0.000000000000000000e+00 8.446471695902951069e+02 5.407322256191480925e-12 4.780438357673608607e+02 9.525502750961013589e+03 0.000000000000000000e+00 0.000000000000000000e+00
2.772277227722772571e-04 0.000000000000000000e+00 8.446471695902951069e+02 5.407322256191480925e-12 4.780438357673608607e+02 9.525502750961013589e+03 0.000000000000000000e+00 0.000000000000000000e+00
4.158415841584158857e-04 0.000000000000000000e+00 8.446471695902951069e+02 5.407322256191481733e-12 4.780438357673608607e+02 9.525502750961009951e+03 0.000000000000000000e+00 0.000000000000000000e+00
5.544554455445545142e-04 0.000000000000000000e+00 8.446471695902951069e+02 5.407322256191484156e-12 4.780438357673608607e+02 9.525502750961011770e+03 0.000000000000000000e+00 0.000000000000000000e+00
6.930693069306931428e-04 0.000000000000000000e+00 8.446471695902951069e+02 5.407322256191484156e-12 4.780438357673608607e+02 9.525502750961017227e+03 0.000000000000000000e+00 0.000000000000000000e+00
8.316831683168317713e-04 0.000000000000000000e+00 8.446471695902951069e+02 5.407322256191482541e-12 4.780438357673608607e+02 9.525502750961013589e+03 0.000000000000000000e+00 0.000000000000000000e+00
9.702970297029703999e-04 0.000000000000000000e+00 8.446471695902951069e+02 5.407322256191482541e-12 4.780438357673608607e+02 9.525502750961015408e+03 0.000000000000000000e+00 0.000000000000000000e+00
1.108910891089109028e-03 0.000000000000000000e+00 8.446471695902951069e+02 5.407322256191482541e-12 4.780438357673608607e+02 9.525502750961019046e+03 0.000000000000000000e+00 0.000000000000000000e+00
1.247524752475247765e-03 0.000000000000000000e+00 8.446471695902951069e+02 5.407322256191482541e-12 4.780438357673608607e+02 9.525502750961019046e+03 0.000000000000000000e+00 0.000000000000000000e+00
1.386138613861386286e-03 0.000000000000000000e+00 8.446471695902951069e+02 5.407322256191482541e-12 4.780438357673608607e+02 9.525502750961019046e+03 0.000000000000000000e+00 0.000000000000000000e+00
1.524752475247524806e-03 0.000000000000000000e+00 8.446471695902951069e+02 5.407322256191482541e-12 4.780438357673608607e+02 9.525502750961019046e+03 0.000000000000000000e+00 0.000000000000000000e+00
1.663366336633663543e-03 0.000000000000000000e+00 8.446471695902951069e+02 5.407322256191482541e-12 4.780438357673608607e+02 9.525502750961019046e+03 0.000000000000000000e+00 0.000000000000000000e+00
1.801980198019802280e-03 0.000000000000000000e+00 8.446471695902951069e+02 5.407322256191482541e-12 4.780438357673608607e+02 9.525502750961019046e+03 0.000000000000000000e+00 0.000000000000000000e+00
1.940594059405940800e-03 0.000000000000000000e+00 8.446471695902951069e+02 5.407322256191482541e-12 4.780438357673608607e+02 9.525502750961019046e+03 0.000000000000000000e+00 0.000000000000000000e+00
2.079207920792079320e-03 0.000000000000000000e+00 5.105315772292461816e+02 1.535253698363671132e-11 4.055562570109073022e+02 6.368852836270814805e+03 1.719357966663229035e+03 0.000000000000000000e+00
2.217821782178218057e-03 0.000000000000000000e+00 4.426675057085981848e+02 3.827040747801804365e-11 4.159380470079293559e+02 5.533328236170372293e+03 1.760482687469865368e+03 0.000000000000000000e+00
2.356435643564356794e-03 0.000000000000000000e+00 4.296080370351235160e+02 6.213680117101312901e-11 4.168894518911440628e+02 4.970955912262403217e+03 1.767753785615314200e+03 0.000000000000000000e+00
2.495049504950495531e-03 0.000000000000000000e+00 4.266852616810351719e+02 8.629556612263323653e-11 4.169956813843453460e+02 4.564608703729147237e+03 1.769276325677833483e+03 0.000000000000000000e+00
2.633663366336633834e-03 0.000000000000000000e+00 4.259993605725512680e+02 1.100877778630791727e-10 4.170086543422413001e+02 4.269467650623120790e+03 1.769616602163113839e+03 0.000000000000000000e+00
2.772277227722772571e-03 0.000000000000000000e+00 4.258394532736056703e+02 1.279143873456463177e-10 4.170103137283636556e+02 4.066314263743299762e+03 1.769693415935840676e+03 0.000000000000000000e+00
2.910891089108911308e-03 0.000000000000000000e+00 4.258040269054066584e+02 1.317170161549208424e-10 4.170105265540468622e+02 3.946771995928018896e+03 1.769710034277554769e+03 0.000000000000000000e+00
3.049504950495049611e-03 0.000000000000000000e+00 4.257968105390618234e+02 1.321371454379040350e-10 4.170105530855926190e+02 3.883761110224017102e+03 1.769713396428575379e+03 0.000000000000000000e+00
3.188118811881188348e-03 0.000000000000000000e+00 4.257955867401416299e+02 1.321780461195056256e-10 4.170105560375281470e+02 3.855448417946339305e+03 1.769713976718885078e+03 0.000000000000000000e+00
3.326732673267327085e-03 0.000000000000000000e+00 4.257954553746776014e+02 1.321813709167728083e-10 4.170105562656283951e+02 3.846669401568428839e+03 1.769714041867592869e+03 0.000000000000000000e+00
3.465346534653465822e-03 0.000000000000000000e+00 4.257954524310516717e+02 1.321814709229417722e-10 4.170105562699083066e+02 3.846045468930482457e+03 1.769714043448487018e+03 0.000000000000000000e+00
3.603960396039604559e-03 0.000000000000000000e+00 4.257954524310516717e+02 1.321814709229417722e-10 4.170105562699083066e+02 3.846045468930482457e+03 1.769714043448487018e+03 0.000000000000000000e+00
3.742574257425742863e-03 0.000000000000000000e+00 4.257954524310516717e+02 1.321814709229417722e-10 4.170105562699083066e+02 3.846045468930482457e+03 1.769714043448487018e+03 0.000000000000000000e+00
3.881188118811881600e-03 0.000000000000000000e+00 4.257954524310516717e+02 1.321814709229417722e-10 4.170105562699083066e+02 3.846045468930482457e+03 1.769714043448487018e+03 0.000000000000000000e+00
4.019801980198019903e-03 0.000000000000000000e+00 4.071540012123170982e+02 1.138638150908700233e-10 4.086007038858803639e+02 3.348391500662470207e+03 0.000000000000000000e+00 7.903348023898855899e+03
4.158415841584158640e-03 0.000000000000000000e+00 3.852611681029595729e+02 9.919340775510203691e-11 4.035524227644193047e+02 3.115543224419714534e+03 0.000000000000000000e+00 9.606254602306278684e+03
4.297029702970297377e-03 0.000000000000000000e+00 3.813523880069033112e+02 9.039071556005656971e-11 4.030471056846986926e+02 2.962516804286290153e+03 0.000000000000000000e+00 1.015902602821661276e+04
4.435643564356436114e-03 0.000000000000000000e+00 3.806222572058745754e+02 8.432943550513367192e-11 4.029972676970039629e+02 2.849559376575718488e+03 0.000000000000000000e+00 1.035360908152711818e+04
4.574257425742574851e-03 0.000000000000000000e+00 3.804725215281152373e+02 8.017193560473357868e-11 4.029917162993429542e+02 2.764383429405739207e+03 0.000000000000000000e+00 1.042664795797012994e+04
4.712871287128713588e-03 0.000000000000000000e+00 3.804407754622134803e+02 7.761287773664719767e-11 4.029910568322258086e+02 2.701874948693220176e+03 0.000000000000000000e+00 1.045398839771279927e+04
4.851485148514852325e-03 0.000000000000000000e+00 3.804341600064344107e+02 7.679443885469768373e-11 4.029909765568650073e+02 2.661574106946977736e+03 0.000000000000000000e+00 1.046356277416125158e+04
4.990099009900991062e-03 0.000000000000000000e+00 3.804328518422649381e+02 7.670226653388870161e-11 4.029909669298258450e+02 2.639324262311806706e+03 0.000000000000000000e+00 1.046663815141977466e+04
5.128712871287128931e-03 0.000000000000000000e+00 3.804326203731034752e+02 7.669327577460187785e-11 4.029909658513331010e+02 2.628391718832697279e+03 0.000000000000000000e+00 1.046750015206774697e+04
5.267326732673267668e-03 0.000000000000000000e+00 3.804325894807516306e+02 7.669251006137021988e-11 4.029909657547510733e+02 2.624186005919523268e+03 0.000000000000000000e+00 1.046767677201044353e+04
5.405940594059406405e-03 0.000000000000000000e+00 3.804325876706421923e+02 7.669246926903284856e-11 4.029909657505936593e+02 2.623442199220926796e+03 0.000000000000000000e+00 1.046769177665457937e+04
5.544554455445545142e-03 0.000000000000000000e+00 3.804325876706421923e+02 7.669246926903284856e-11 4.029909657505936593e+02 2.623442199220926796e+03 0.000000000000000000e+00 1.046769177665457937e+04
5.683168316831683879e-03 0.000000000000000000e+00 3.804325876706421923e+02 7.669246926903284856e-11 4.029909657505936593e+02 2.623442199220926796e+03 0.000000000000000000e+00 1.046769177665457937e+04
5.821782178217822616e-03 0.000000000000000000e+00 3.804325876706421923e+02 7.669246926903284856e-11 4.029909657505936593e+02 2.623442199220926796e+03 0.000000000000000000e+00 1.046769177665457937e+04
5.960396039603961353e-03 0.000000000000000000e+00 3.804325876706421923e+02 7.669246926903284856e-11 4.029909657505936593e+02 2.623442199220926796e+03 0.000000000000000000e+00 1.046769177665457937e+04
6.099009900990099223e-03 0.000000000000000000e+00 6.929878840338850523e+02 6.090672971876995145e-11 4.852176318063966391e+02 4.974253449992595961e+03 0.000000000000000000e+00 0.000000000000000000e+00
6.237623762376237960e-03 0.000000000000000000e+00 7.928988739682538380e+02 2.948729837292673808e-11 4.786145090999427794e+02 6.107351167683669701e+03 0.000000000000000000e+00 0.000000000000000000e+00
6.376237623762376697e-03 0.000000000000000000e+00 8.257593376786044246e+02 1.588824821814325319e-11 4.780976262425709251e+02 7.028576763434874010e+03 0.000000000000000000e+00 0.000000000000000000e+00
6.514851485148515434e-03 0.000000000000000000e+00 8.377815195086857329e+02 9.515698853918781154e-12 4.780493452588793843e+02 7.802804796874673229e+03 0.000000000000000000e+00 0.000000000000000000e+00
6.653465346534654171e-03 0.000000000000000000e+00 8.422917822174881621e+02 6.583160107208993794e-12 4.780444226454119416e+02 8.444725678140750460e+03 0.000000000000000000e+00 0.000000000000000000e+00
6.792079207920792908e-03 0.000000000000000000e+00 8.439123800724458988e+02 5.544402707772271861e-12 4.780438981937876974e+02 8.934083645408738448e+03 0.000000000000000000e+00 0.000000000000000000e+00
6.930693069306931645e-03 0.000000000000000000e+00 8.444451065878349709e+02 5.418381742187551726e-12 4.780438421177497617e+02 9.242523632733376871e+03 0.000000000000000000e+00 0.000000000000000000e+00
7.069306930693070382e-03 0.000000000000000000e+00 8.446035561074477300e+02 5.408084361554527116e-12 4.780438363222268663e+02 9.416927744424388948e+03 0.000000000000000000e+00 0.000000000000000000e+00
7.207920792079209119e-03 0.000000000000000000e+00 8.446416758940810041e+02 5.407362846766837068e-12 4.780438357987205791e+02 9.499358870108058909e+03 0.000000000000000000e+00 0.000000000000000000e+00
7.346534653465346988e-03 0.000000000000000000e+00 8.446470748675679943e+02 5.407322826253553889e-12 4.780438357676493411e+02 9.524357479844706177e+03 0.000000000000000000e+00 0.000000000000000000e+00
7.485148514851485725e-03 0.000000000000000000e+00 8.446471695902951069e+02 5.407322256191482541e-12 4.780438357673608607e+02 9.525502750961019046e+03 0.000000000000000000e+00 0.000000000000000000e+00
7.623762376237624462e-03 0.000000000000000000e+00 8.446471695902951069e+02 5.407322256191482541e-12 4.780438357673608607e+02 9.525502750961019046e+03 0.000000000000000000e+00 0.000000000000000000e+00
7.762376237623763199e-03 0.000000000000000000e+00 8.446471695902951069e+02 5.407322256191482541e-12 4.780438357673608607e+02 9.525502750961019046e+03 0.000000000000000000e+00 0.000000000000000000e+00
7.900990099009901069e-03 0.000000000000000000e+00 8.446471695902951069e+02 5.407322256191482541e-12 4.780438357673608607e+02 9.525502750961019046e+03 0.000000000000000000e+00 0.000000000000000000e+00
8.039603960396039806e-03 0.000000000000000000e+00 5.620472179003081692e+02 6.538156140442589080e-12 3.949528070893717313e+02 6.712336097331695782e+03 1.687225428681384756e+03 0.000000000000000000e+00
8.178217821782178543e-03 0.000000000000000000e+00 4.519990748253837864e+02 3.150977062486617980e-11 4.149646124959165263e+02 5.735677036293467609e+03 1.755077540261790773e+03 0.000000000000000000e+00
8.316831683168317280e-03 0.000000000000000000e+00 4.315902183551193048e+02 5.525125818018383421e-11 4.167876639886624730e+02 5.113195596721651782e+03 1.766688092937165038e+03 0.000000000000000000e+00
8.455445544554456017e-03 0.000000000000000000e+00 4.271431121816574432e+02 7.930650795179286625e-11 4.169836879810691244e+02 4.668249157021768951e+03 1.769044104633458574e+03 0.000000000000000000e+00
8.594059405940594754e-03 0.000000000000000000e+00 4.261073592883557239e+02 1.034580994721245712e-10 4.170071459490874872e+02 4.344098699432581270e+03 1.769563982502678300e+03 0.000000000000000000e+00
8.732673267326733491e-03 0.000000000000000000e+00 4.258641513046762270e+02 1.244060792158350788e-10 4.170101192124704994e+02 4.115183387918727021e+03 1.769681710070809686e+03 0.000000000000000000e+00
8.871287128712872228e-03 0.000000000000000000e+00 4.258093377775167028e+02 1.312888073228770364e-10 4.170105017754934806e+02 3.973940657851065680e+03 1.769707560210581505e+03 0.000000000000000000e+00
9.009900990099010964e-03 0.000000000000000000e+00 4.090093732371804549e+02 1.151599904835620833e-10 4.090674153684438465e+02 3.413302114227232778e+03 0.000000000000000000e+00 7.780525359883910824e+03
9.148514851485149701e-03 0.000000000000000000e+00 3.859006612547694886e+02 9.997769130193362053e-11 4.036578820751730063e+02 3.141292821669968816e+03 0.000000000000000000e+00 9.537397837857561171e+03
9.287128712871288438e-03 0.000000000000000000e+00 3.814646422987655114e+02 9.091905568868842354e-11 4.030568519172996957e+02 2.973371566784536299e+03 0.000000000000000000e+00 1.013612294542258678e+04
9.425742574257427175e-03 0.000000000000000000e+00 3.806446191713968119e+02 8.469052935325091416e-11 4.029983131246374910e+02 2.856601534492381234e+03 0.000000000000000000e+00 1.034516985138699965e+04
9.564356435643565912e-03 0.000000000000000000e+00 3.804772406679068695e+02 8.041392313844270490e-11 4.029918385595838117e+02 2.769668052972401256e+03 0.000000000000000000e+00 1.042344848264750181e+04
9.702970297029704649e-03 0.000000000000000000e+00 3.804417728243846000e+02 7.773794376673930347e-11 4.029910716469884733e+02 2.705611472712755130e+03 0.000000000000000000e+00 1.045282257917815696e+04
9.841584158415843386e-03 0.000000000000000000e+00 3.804343642104812488e+02 7.681331048752757591e-11 4.029909783778704195e+02 2.663775333801818761e+03 0.000000000000000000e+00 1.046317120331632032e+04
9.980198019801982123e-03 0.000000000000000000e+00 3.804328899072317540e+02 7.670410028533790947e-11 4.029909671394371458e+02 2.640470972973469088e+03 0.000000000000000000e+00 1.046652058167867654e+04
1.011881188118811913e-02 0.000000000000000000e+00 7.158823414010414581e+02 5.443649242347093261e-11 4.829237953185303809e+02 5.167776695126738559e+03 0.000000000000000000e+00 0.000000000000000000e+00
1.025742574257425786e-02 0.000000000000000000e+00 7.999332461535582297e+02 2.684830454394904943e-11 4.784472887164025110e+02 6.251409706698044829e+03 0.000000000000000000e+00 0.000000000000000000e+00
1.039603960396039660e-02 0.000000000000000000e+00 8.282788975087761401e+02 1.466491016151081281e-11 4.780824585618405536e+02 7.147372356517164917e+03 0.000000000000000000e+00 0.000000000000000000e+00
1.053465346534653534e-02 0.000000000000000000e+00 8.387277305865452490e+02 8.935299917979104684e-12 4.780478237106064512e+02 7.902740445281374377e+03 0.000000000000000000e+00 0.000000000000000000e+00
1.067326732673267407e-02 0.000000000000000000e+00 8.426409586303059314e+02 6.336565878261981869e-12 4.780442614318683923e+02 8.524830263117128197e+03 0.000000000000000000e+00 0.000000000000000000e+00
1.081188118811881281e-02 0.000000000000000000e+00 8.440303994296269821e+02 5.504363935939613071e-12 4.780438809500703314e+02 8.988006229700404219e+03 0.000000000000000000e+00 0.000000000000000000e+00
1.095049504950495155e-02 0.000000000000000000e+00 8.444815994705113553e+02 5.414849953913917822e-12 4.780438403093449438e+02 9.274829684648635521e+03 0.000000000000000000e+00 0.000000000000000000e+00
1.108910891089109028e-02 0.000000000000000000e+00 5.005910142922763271e+02 1.697749370193090764e-11 4.074543962059723867e+02 6.226150923958951353e+03 1.725552095696439210e+03 0.000000000000000000e+00
1.122772277227722902e-02 0.000000000000000000e+00 4.409265556303382709e+02 4.012882513711975419e-11 4.160969259827908786e+02 5.472913734149079573e+03 1.761477081708450896e+03 0.000000000000000000e+00
1.136633663366336776e-02 0.000000000000000000e+00 4.292293871551760276e+02 6.384796841773761647e-11 4.169066167822614943e+02 4.937199194293451001e+03 1.767955468566754689e+03 0.000000000000000000e+00
1.150495049504950650e-02 0.000000000000000000e+00 4.104751274529166949e+02 7.705780597923165659e-11 4.092648342737423945e+02 3.986114495843181430e+03 0.000000000000000000e+00 7.753601903388258506e+03
1.164356435643564523e-02 0.000000000000000000e+00 3.864012378402554759e+02 8.362793481812572101e-11 4.037164094889662351e+02 3.479363389447432382e+03 0.000000000000000000e+00 9.506020444372328711e+03
1.178217821782178397e-02 0.000000000000000000e+00 3.815536954431482286e+02 8.839721154589587959e-11 4.030621408449862884e+02 3.148189099664061359e+03 0.000000000000000000e+00 1.012577787816955970e+04
1.192079207920792271e-02 0.000000000000000000e+00 3.806615871949248913e+02 8.459126376233004117e-11 4.029988833946867999e+02 2.935426225031565536e+03 0.000000000000000000e+00 1.034121032521612142e+04
1.205940594059406144e-02 0.000000000000000000e+00 6.311755104432691041e+02 8.227607288392515730e-11 4.937265928252235199e+02 4.834351394271840945e+03 0.000000000000000000e+00 0.000000000000000000e+00
1.219801980198019845e-02 0.000000000000000000e+00 7.751540736076319718e+02 3.665002220488847973e-11 4.791889912449706799e+02 5.969173671226992155e+03 0.000000000000000000e+00 0.000000000000000000e+00
1.233663366336633718e-02 0.000000000000000000e+00 8.195178055226010656e+02 1.884442106876853826e-11 4.781482083809277697e+02 6.864548005114435909e+03 0.000000000000000000e+00 0.000000000000000000e+00
1.247524752475247592e-02 0.000000000000000000e+00 8.354503032089764929e+02 1.088058203821965282e-11 4.780543288028989082e+02 7.633994341135877221e+03 0.000000000000000000e+00 0.000000000000000000e+00
1.261386138613861466e-02 0.000000000000000000e+00 8.414225521160659582e+02 7.185766553002568298e-12 4.780449451716461340e+02 8.289105234035165267e+03 0.000000000000000000e+00 0.000000000000000000e+00
1.275247524752475339e-02 0.000000000000000000e+00 8.436121164877700949e+02 5.683820931601961555e-12 4.780439542384747256e+02 8.816257504392007831e+03 0.000000000000000000e+00 0.000000000000000000e+00
1.289108910891089213e-02 0.000000000000000000e+00 8.443494998090891386e+02 5.430193262753294753e-12 4.780438480745904712e+02 9.170541546136648321e+03 0.000000000000000000e+00 0.000000000000000000e+00
1.302970297029703087e-02 0.000000000000000000e+00 8.445770354945549343e+02 5.408990142361729449e-12 4.780438369073390845e+02 9.378038634782744339e+03 0.000000000000000000e+00 0.000000000000000000e+00
1.316831683168316960e-02 0.000000000000000000e+00 8.446362890193892099e+02 5.407420594308554248e-12 4.780438358442304434e+02 9.483136672945411192e+03 0.000000000000000000e+00 0.000000000000000000e+00
1.330693069306930834e-02 0.000000000000000000e+00 8.446466850481529036e+02 5.407325045733470369e-12 4.780438357690252360e+02 9.521243579074927766e+03 0.000000000000000000e+00 0.000000000000000000e+00
1.344554455445544708e-02 0.000000000000000000e+00 8.446471695902951069e+02 5.407322256191482541e-12 4.780438357673608607e+02 9.525502750961019046e+03 0.000000000000000000e+00 0.000000000000000000e+00
1.358415841584158582e-02 0.000000000000000000e+00 8.446471695902951069e+02 5.407322256191482541e-12 4.780438357673608607e+02 9.525502750961019046e+03 0.000000000000000000e+00 0.000000000000000000e+00
1.372277227722772455e-02 0.000000000000000000e+00 8.446471695902951069e+02 5.407322256191482541e-12 4.780438357673608607e+02 9.525502750961019046e+03 0.000000000000000000e+00 0.000000000000000000e+00
1.386138613861386329e-02 0.000000000000000000e+00 0.000000000000000000e+00 0.000000000000000000e+00 0.000000000000000000e+00 0.000000000000000000e+00 0.000000000000000000e+00 0.000000000000000000e+00
