0.000000000000000000e+00 1.000000000000000000e+00 6.000000000000000000e+00 7.000000000000000000e+00 8.000000000000000000e+00 1.400000000000000000e+01 2.600000000000000000e+01 2.900000000000000000e+01
0.000000000000000000e+00 0.000000000000000000e+00 8.446651480667711667e+02 5.407322256191485772e-12 4.780361556788260486e+02 9.525502750961031779e+03 0.000000000000000000e+00 0.000000000000000000e+00
1.386138613861386286e-04 0.000000000000000000e+00 8.446651480667711667e+02 5.407322256191485772e-12 4.780361556788260486e+02 9.525502750961031779e+03 0.000000000000000000e+00 0.000000000000000000e+00
2.772277227722772571e-04 0.000000000000000000e+00 8.446651480667711667e+02 5.407322256191485772e-12 4.780361556788260486e+02 9.525502750961031779e+03 0.000000000000000000e+00 0.000000000000000000e+00
4.158415841584158857e-04 0.000000000000000000e+00 8.446651480667711667e+02 5.407322256191485772e-12 4.780361556788260486e+02 9.525502750961031779e+03 0.000000000000000000e+00 0.000000000000000000e+00
5.544554455445545142e-04 0.000000000000000000e+00 8.446651480667711667e+02 5.407323898050014052e-12 4.780361556788260486e+02 9.523701419324814196e+03 0.000000000000000000e+00 0.000000000000000000e+00
6.930693069306931428e-04 0.000000000000000000e+00 8.446642315389892701e+02 5.407384460445604132e-12 4.780361556863671808e+02 9.503056238608813146e+03 0.000000000000000000e+00 0.000000000000000000e+00
8.316831683168317713e-04 0.000000000000000000e+00 8.446509766466610927e+02 5.408233368912969519e-12 4.780361558961831179e+02 9.443326449366726592e+03 0.000000000000000000e+00 0.000000000000000000e+00
9.702970297029703999e-04 0.000000000000000000e+00 8.445843737424077062e+02 5.418125227264710786e-12 4.780361584803683286e+02 9.322778943471306775e+03 0.000000000000000000e+00 0.000000000000000000e+00
1.108910891089109028e-03 0.000000000000000000e+00 8.443412814119901668e+02 5.520102301108814599e-12 4.780361842180235499e+02 9.115097182726172832e+03 0.000000000000000000e+00 0.000000000000000000e+00
1.247524752475247765e-03 0.000000000000000000e+00 8.435764491528044573e+02 6.386701704340895231e-12 4.780364218786108381e+02 8.786824237712940885e+03 0.000000000000000000e+00 0.000000000000000000e+00
1.386138613861386286e-03 0.000000000000000000e+00 8.413505125903566295e+02 9.290710584803385990e-12 4.780386018936375763e+02 8.342098266900193266e+03 0.000000000000000000e+00 0.000000000000000000e+00
1.524752475247524806e-03 0.000000000000000000e+00 8.353462791041587252e+02 1.600504335771876293e-11 4.780590456976833025e+02 7.797966805183082215e+03 0.000000000000000000e+00 0.000000000000000000e+00
1.663366336633663543e-03 0.000000000000000000e+00 8.193765273721392077e+02 3.085486702040994537e-11 4.782622769642637195e+02 7.148758694435991856e+03 0.000000000000000000e+00 0.000000000000000000e+00
1.801980198019802280e-03 0.000000000000000000e+00 7.749307887186666903e+02 6.475180364858432733e-11 4.805092756189201850e+02 6.366614933604400903e+03 0.000000000000000000e+00 0.000000000000000000e+00
1.940594059405940800e-03 0.000000000000000000e+00 6.648501453171489857e+02 1.480302170372136093e-10 4.962397730079805456e+02 5.404850625668854263e+03 0.000000000000000000e+00 0.000000000000000000e+00
2.079207920792079320e-03 0.000000000000000000e+00 4.257995300699617474e+02 1.321814709229418498e-10 4.170051739249868774e+02 3.846045468930483366e+03 1.769711677356650398e+03 0.000000000000000000e+00
2.217821782178218057e-03 0.000000000000000000e+00 4.257995300699617474e+02 1.321814709229418498e-10 4.170051739249868774e+02 3.846045468930483366e+03 1.769711677356650398e+03 0.000000000000000000e+00
2.356435643564356794e-03 0.000000000000000000e+00 4.257995300699617474e+02 1.321814709229418498e-10 4.170051739249868774e+02 3.846045468930483366e+03 1.769711677356650398e+03 0.000000000000000000e+00
2.495049504950495531e-03 0.000000000000000000e+00 4.257995300699617474e+02 1.321814704540741392e-10 4.170051739249868774e+02 3.846034166650328189e+03 1.769711677356650398e+03 0.000000000000000000e+00
2.633663366336633834e-03 0.000000000000000000e+00 4.257995298779358677e+02 1.321813553299587949e-10 4.170051739247455771e+02 3.844502246594698136e+03 1.769711677379758157e+03 0.000000000000000000e+00
2.772277227722772571e-03 0.000000000000000000e+00 4.257995007570658004e+02 1.321798238854914018e-10 4.170051738817584805e+02 3.838000038159117594e+03 1.769711681811113067e+03 0.000000000000000000e+00
2.910891089108911308e-03 0.000000000000000000e+00 4.257992430863244522e+02 1.321654805436677106e-10 4.170051733034481458e+02 3.822864780168401012e+03 1.769711734323584096e+03 0.000000000000000000e+00
3.049504950495049611e-03 0.000000000000000000e+00 4.257978266916039161e+02 1.320469340078293676e-10 4.170051680858348391e+02 3.794365899763934976e+03 1.769712120996777685e+03 0.000000000000000000e+00
3.188118811881188348e-03 0.000000000000000000e+00 4.257913135116311878e+02 1.311694582507708485e-10 4.170051266856911525e+02 3.746015895102323611e+03 1.769714492713441814e+03 0.000000000000000000e+00
3.326732673267327085e-03 0.000000000000000000e+00 4.257634066499803680e+02 1.278891566958963618e-10 4.170048080492213671e+02 3.672764067349231937e+03 1.769728017126361237e+03 0.000000000000000000e+00
3.465346534653465822e-03 0.000000000000000000e+00 4.256491943602577521e+02 1.227882651620992211e-10 4.170023605099223687e+02 3.577522608539516114e+03 1.769802310599108750e+03 0.000000000000000000e+00
3.603960396039604559e-03 0.000000000000000000e+00 4.251828550043742325e+02 1.160816088091308844e-10 4.169828439729466254e+02 3.459325999620030871e+03 1.770212025140083824e+03 0.000000000000000000e+00
3.742574257425742863e-03 0.000000000000000000e+00 4.231890418497579276e+02 1.075921641542042979e-10 4.168153771612725222e+02 3.313287207793891866e+03 1.772583272360687261e+03 0.000000000000000000e+00
3.881188118811881600e-03 0.000000000000000000e+00 4.137932956777926279e+02 9.651991343543719452e-11 4.152150345277180463e+02 3.126794986448021973e+03 1.787747350482283082e+03 0.000000000000000000e+00
4.019801980198019903e-03 0.000000000000000000e+00 3.804349807872467863e+02 7.669246926903280978e-11 4.029854363819913488e+02 2.623442199220923158e+03 0.000000000000000000e+00 1.046790884473118240e+04
4.158415841584158640e-03 0.000000000000000000e+00 3.804349807872467863e+02 7.669246926903280978e-11 4.029854363819913488e+02 2.623442199220923158e+03 0.000000000000000000e+00 1.046790884473118240e+04
4.297029702970297377e-03 0.000000000000000000e+00 3.804349807872467863e+02 7.669246926903280978e-11 4.029854363819913488e+02 2.623442199220923158e+03 0.000000000000000000e+00 1.046790884473118240e+04
4.435643564356436114e-03 0.000000000000000000e+00 3.804349807872467863e+02 7.669246926903280978e-11 4.029854363819913488e+02 2.623442199220923158e+03 0.000000000000000000e+00 1.046790884473118240e+04
4.574257425742574851e-03 0.000000000000000000e+00 3.804349807872467863e+02 7.669237747123676015e-11 4.029854363819913488e+02 2.624525239916538794e+03 0.000000000000000000e+00 1.046790884473118240e+04
4.712871287128713588e-03 0.000000000000000000e+00 3.804349928691435707e+02 7.669050161059423296e-11 4.029854363558814043e+02 2.633936334750399055e+03 0.000000000000000000e+00 1.046790617369631582e+04
4.851485148514852325e-03 0.000000000000000000e+00 3.804351953259898096e+02 7.667159868258357067e-11 4.029854358441018576e+02 2.661370345265512697e+03 0.000000000000000000e+00 1.046787583074744907e+04
4.990099009900991062e-03 0.000000000000000000e+00 3.804367281038471447e+02 7.650372866560816108e-11 4.029854305544064914e+02 2.720340356165741014e+03 0.000000000000000000e+00 1.046773275497794202e+04
5.128712871287128931e-03 0.000000000000000000e+00 3.804455580653840912e+02 7.518105138597889949e-11 4.029853852786828270e+02 2.830180958092467336e+03 0.000000000000000000e+00 1.046723822631939220e+04
5.267326732673267668e-03 0.000000000000000000e+00 3.804908667184552087e+02 6.778021042554856158e-11 4.029850185703758143e+02 3.018511424722833908e+03 0.000000000000000000e+00 1.046576143174512617e+04
5.405940594059406405e-03 0.000000000000000000e+00 3.807115575142493640e+02 5.577918818802699049e-11 4.029820582569871021e+02 3.300038080664078279e+03 0.000000000000000000e+00 1.046175433253365372e+04
5.544554455445545142e-03 0.000000000000000000e+00 3.817639244699583969e+02 4.298656133679068063e-11 4.029575478971055986e+02 3.692926553944052557e+03 0.000000000000000000e+00 1.045180594997620392e+04
5.683168316831683879e-03 0.000000000000000000e+00 3.869031834752609029e+02 3.024939600238317767e-11 4.027412404230929042e+02 4.236053060272406583e+03 0.000000000000000000e+00 1.042815036005359252e+04
5.821782178217822616e-03 0.000000000000000000e+00 4.140449566916312278e+02 1.767398377880014401e-11 4.006035093150469493e+02 5.008522255895743911e+03 0.000000000000000000e+00 1.037191782565573885e+04
5.960396039603961353e-03 0.000000000000000000e+00 5.091559353589923376e+02 4.305291483525955923e-12 3.906131284179061254e+02 6.055395236470205418e+03 0.000000000000000000e+00 1.026712317340372283e+04
6.099009900990099223e-03 0.000000000000000000e+00 8.446651480667711667e+02 5.407322256191485772e-12 4.780361556788260486e+02 9.525502750961031779e+03 0.000000000000000000e+00 0.000000000000000000e+00
6.237623762376237960e-03 0.000000000000000000e+00 8.446651480667711667e+02 5.407322256191485772e-12 4.780361556788260486e+02 9.525502750961031779e+03 0.000000000000000000e+00 0.000000000000000000e+00
6.376237623762376697e-03 0.000000000000000000e+00 8.446651480667711667e+02 5.407322256191485772e-12 4.780361556788260486e+02 9.525502750961031779e+03 0.000000000000000000e+00 0.000000000000000000e+00
6.514851485148515434e-03 0.000000000000000000e+00 8.446651480667711667e+02 5.407322510058206313e-12 4.780361556788260486e+02 9.525150978574934925e+03 0.000000000000000000e+00 0.000000000000000000e+00
6.653465346534654171e-03 0.000000000000000000e+00 8.446649702237281190e+02 5.407348250981020632e-12 4.780361556801341294e+02 9.512131081865416490e+03 0.000000000000000000e+00 0.000000000000000000e+00
6.792079207920792908e-03 0.000000000000000000e+00 8.446576986067042299e+02 5.407759432200274869e-12 4.780361557686704828e+02 9.465501861396367531e+03 0.000000000000000000e+00 0.000000000000000000e+00
6.930693069306931645e-03 0.000000000000000000e+00 8.446139038277596001e+02 5.412712414116150615e-12 4.780361570436776901e+02 9.364898180744838101e+03 0.000000000000000000e+00 0.000000000000000000e+00
7.069306930693070382e-03 0.000000000000000000e+00 8.444432278944625523e+02 5.465277166289746849e-12 4.780361702582615635e+02 9.185362430837758438e+03 0.000000000000000000e+00 0.000000000000000000e+00
7.207920792079209119e-03 0.000000000000000000e+00 8.438880679472470092e+02 5.968800626117374524e-12 4.780362940050048337e+02 8.894367793702509516e+03 0.000000000000000000e+00 0.000000000000000000e+00
7.346534653465346988e-03 0.000000000000000000e+00 8.422348221616564388e+02 8.182647695419690478e-12 4.780374304953065234e+02 8.479458690286859564e+03 0.000000000000000000e+00 0.000000000000000000e+00
7.485148514851485725e-03 0.000000000000000000e+00 8.377032675581299372e+02 1.351671046668700846e-11 4.780479520411792578e+02 7.963738125234614017e+03 0.000000000000000000e+00 0.000000000000000000e+00
7.623762376237624462e-03 0.000000000000000000e+00 8.256925604116108843e+02 2.535169271360147272e-11 4.781500121508260008e+02 7.344264012266703503e+03 0.000000000000000000e+00 0.000000000000000000e+00
7.762376237623763199e-03 0.000000000000000000e+00 7.929539167755048084e+02 5.191859604381457832e-11 4.792278275194619255e+02 6.597765676570994401e+03 0.000000000000000000e+00 0.000000000000000000e+00
7.900990099009901069e-03 0.000000000000000000e+00 6.987407907212577811e+02 1.173797985354411053e-10 4.906664535186142189e+02 5.667111528128170903e+03 0.000000000000000000e+00 0.000000000000000000e+00
8.039603960396039806e-03 0.000000000000000000e+00 4.257980154430953235e+02 1.320662886595286981e-10 4.170051689043182250e+02 3.796987137439587514e+03 1.769712064408815195e+03 0.000000000000000000e+00
8.178217821782178543e-03 0.000000000000000000e+00 4.257921360846870016e+02 1.313061594307003266e-10 4.170051329271112195e+02 3.750319520104084404e+03 1.769714162015335887e+03 0.000000000000000000e+00
8.316831683168317280e-03 0.000000000000000000e+00 4.257669064182952638e+02 1.281931050383990694e-10 4.170048564646594969e+02 3.678787508917290779e+03 1.769726144982217193e+03 0.000000000000000000e+00
8.455445544554456017e-03 0.000000000000000000e+00 4.256633875011665396e+02 1.232052698550064348e-10 4.170027342863352828e+02 3.585095683038681727e+03 1.769792082187071856e+03 0.000000000000000000e+00
8.594059405940594754e-03 0.000000000000000000e+00 4.252413275028997646e+02 1.166145810874785372e-10 4.169858762510644965e+02 3.470692712737814418e+03 1.770155095156987500e+03 0.000000000000000000e+00
8.732673267326733491e-03 0.000000000000000000e+00 4.234435780078769085e+02 1.082503101560607918e-10 4.168418871897467852e+02 3.340171729236740248e+03 1.772247810074823064e+03 0.000000000000000000e+00
8.871287128712872228e-03 0.000000000000000000e+00 4.149595386100330643e+02 9.735685983860169222e-11 4.154486875049763626e+02 3.192200289314400834e+03 1.785668200207784594e+03 0.000000000000000000e+00
9.009900990099010964e-03 0.000000000000000000e+00 3.804372715608475914e+02 7.643763620584971351e-11 4.029854283931711052e+02 2.732304402442759510e+03 0.000000000000000000e+00 1.046769219872077156e+04
9.148514851485149701e-03 0.000000000000000000e+00 3.804484700408208937e+02 7.468344088035917797e-11 4.029853675781573088e+02 2.851579198523963441e+03 0.000000000000000000e+00 1.046711047368284380e+04
9.287128712871288438e-03 0.000000000000000000e+00 3.805054977712985078e+02 6.617569181863208714e-11 4.029848739619658886e+02 3.052740580044965100e+03 0.000000000000000000e+00 1.046539421760870391e+04
9.425742574257427175e-03 0.000000000000000000e+00 3.807814722467673505e+02 5.395793439020285041e-11 4.029808922277473471e+02 3.348598969857959673e+03 0.000000000000000000e+00 1.046081052345376520e+04
9.564356435643565912e-03 0.000000000000000000e+00 3.820984595383491182e+02 4.109769146502661064e-11 4.029476935907563870e+02 3.758690244518871168e+03 0.000000000000000000e+00 1.044953146466748694e+04
9.702970297029704649e-03 0.000000000000000000e+00 3.885739002957323009e+02 2.828215275172582690e-11 4.026516537864248448e+02 4.314902144372988914e+03 0.000000000000000000e+00 1.042277405462522802e+04
9.841584158415843386e-03 0.000000000000000000e+00 4.233598524539668233e+02 1.563750155295831861e-11 3.996726115854748969e+02 5.089797122230025707e+03 0.000000000000000000e+00 1.035883795742194525e+04
9.980198019801982123e-03 0.000000000000000000e+00 5.213264706514979707e+02 3.681908843487218238e-12 3.893562004019011624e+02 6.021415202036098890e+03 0.000000000000000000e+00 1.025342988798422266e+04
1.011881188118811913e-02 0.000000000000000000e+00 8.443107922900084077e+02 5.540878928300883116e-12 4.780361892058887179e+02 9.093345615717604232e+03 0.000000000000000000e+00 0.000000000000000000e+00
1.025742574257425786e-02 0.000000000000000000e+00 8.434805572535932470e+02 6.515568283800770848e-12 4.780364690468051663e+02 8.745245980040537688e+03 0.000000000000000000e+00 0.000000000000000000e+00
1.039603960396039660e-02 0.000000000000000000e+00 8.410850427498440922e+02 9.609583647704717609e-12 4.780390326294271404e+02 8.269154625593266246e+03 0.000000000000000000e+00 0.000000000000000000e+00
1.053465346534653534e-02 0.000000000000000000e+00 8.346405294917340143e+02 1.668466421872323490e-11 4.780631284317003065e+02 7.676552971638045165e+03 0.000000000000000000e+00 0.000000000000000000e+00
1.067326732673267407e-02 0.000000000000000000e+00 8.174697005023964493e+02 3.203993519363723762e-11 4.783041880811495616e+02 6.965833677247889682e+03 0.000000000000000000e+00 0.000000000000000000e+00
1.081188118811881281e-02 0.000000000000000000e+00 7.693745679767046113e+02 6.532850766566707721e-11 4.809981509048453177e+02 6.119157289552711518e+03 0.000000000000000000e+00 0.000000000000000000e+00
1.095049504950495155e-02 0.000000000000000000e+00 6.571829931958512816e+02 1.425628165392948699e-10 4.973936390961076199e+02 5.128355251886048791e+03 0.000000000000000000e+00 0.000000000000000000e+00
1.108910891089109028e-02 0.000000000000000000e+00 4.252778196371743320e+02 1.157506951746139449e-10 4.169871606858929454e+02 3.680254201101340186e+03 1.770121833365815974e+03 0.000000000000000000e+00
1.122772277227722902e-02 0.000000000000000000e+00 4.236074679490149606e+02 1.010533311079239926e-10 4.168532548363861565e+02 3.725647369377723408e+03 1.772056169658668523e+03 0.000000000000000000e+00
1.136633663366336776e-02 0.000000000000000000e+00 4.157252896006586411e+02 7.745815803202739254e-11 4.155571716330326240e+02 3.823188251548891003e+03 1.784486777051284207e+03 0.000000000000000000e+00
1.150495049504950650e-02 0.000000000000000000e+00 3.812811638655578577e+02 4.661843550146502860e-11 4.029704523138572654e+02 3.567647188333458871e+03 0.000000000000000000e+00 1.045559634804757115e+04
1.164356435643564523e-02 0.000000000000000000e+00 3.845164514451581681e+02 3.378751408918979309e-11 4.028572557801915082e+02 4.062295351275536177e+03 0.000000000000000000e+00 1.043712034526482967e+04
1.178217821782178397e-02 0.000000000000000000e+00 4.010574220356650699e+02 2.094189889605632437e-11 4.017881329093405043e+02 4.756791227924722079e+03 0.000000000000000000e+00 1.039347927577705559e+04
1.192079207920792271e-02 0.000000000000000000e+00 4.823152456918094799e+02 8.275357513078823843e-12 3.934267645569707952e+02 5.771285384270508075e+03 0.000000000000000000e+00 1.029550334987501083e+04
1.205940594059406144e-02 0.000000000000000000e+00 8.446651480667711667e+02 5.407322256191485772e-12 4.780361556788260486e+02 9.525502750961031779e+03 0.000000000000000000e+00 0.000000000000000000e+00
1.219801980198019845e-02 0.000000000000000000e+00 8.446651480667711667e+02 5.407322256191485772e-12 4.780361556788260486e+02 9.525502750961031779e+03 0.000000000000000000e+00 0.000000000000000000e+00
1.233663366336633718e-02 0.000000000000000000e+00 8.446651480667711667e+02 5.407322256191485772e-12 4.780361556788260486e+02 9.525502750961031779e+03 0.000000000000000000e+00 0.000000000000000000e+00
1.247524752475247592e-02 0.000000000000000000e+00 8.446651480667711667e+02 5.407322256191485772e-12 4.780361556788260486e+02 9.525502750961031779e+03 0.000000000000000000e+00 0.000000000000000000e+00
1.261386138613861466e-02 0.000000000000000000e+00 8.446651480667711667e+02 5.407322256191485772e-12 4.780361556788260486e+02 9.525502750961031779e+03 0.000000000000000000e+00 0.000000000000000000e+00
1.275247524752475339e-02 0.000000000000000000e+00 8.446651480667711667e+02 5.407322256191485772e-12 4.780361556788260486e+02 9.525502750961031779e+03 0.000000000000000000e+00 0.000000000000000000e+00
1.289108910891089213e-02 0.000000000000000000e+00 8.446651480667711667e+02 5.407322256191485772e-12 4.780361556788260486e+02 9.525502750961031779e+03 0.000000000000000000e+00 0.000000000000000000e+00
1.302970297029703087e-02 0.000000000000000000e+00 8.446651480667711667e+02 5.407322256191485772e-12 4.780361556788260486e+02 9.525502750961031779e+03 0.000000000000000000e+00 0.000000000000000000e+00
1.316831683168316960e-02 0.000000000000000000e+00 8.446651480667711667e+02 5.407322256191486580e-12 4.780361556788260486e+02 9.525502750961031779e+03 0.000000000000000000e+00 0.000000000000000000e+00
1.330693069306930834e-02 0.000000000000000000e+00 8.446651480667711667e+02 5.407322256191487388e-12 4.780361556788260486e+02 9.525502750961031779e+03 0.000000000000000000e+00 0.000000000000000000e+00
1.344554455445544708e-02 0.000000000000000000e+00 8.446651480667711667e+02 5.407322256191484964e-12 4.780361556788260486e+02 9.525502750961031779e+03 0.000000000000000000e+00 0.000000000000000000e+00
1.358415841584158582e-02 0.000000000000000000e+00 8.446651480667711667e+02 5.407322256191488195e-12 4.780361556788260486e+02 9.525502750961031779e+03 0.000000000000000000e+00 0.000000000000000000e+00
1.372277227722772455e-02 0.000000000000000000e+00 8.446651480667711667e+02 5.407322256191487388e-12 4.780361556788260486e+02 9.525502750961031779e+03 0.000000000000000000e+00 0.000000000000000000e+00
1.386138613861386329e-02 0.000000000000000000e+00 0.000000000000000000e+00 0.000000000000000000e+00 0.000000000000000000e+00 0.000000000000000000e+00 0.000000000000000000e+00 0.000000000000000000e+00
