0.000000000000000000e+00 1.000000000000000000e+00 6.000000000000000000e+00 7.000000000000000000e+00 8.000000000000000000e+00 1.400000000000000000e+01 2.600000000000000000e+01 2.800000000000000000e+01
0.000000000000000000e+00 0.000000000000000000e+00 8.016043284949679446e+02 1.248296649727187013e-05 4.780911210887037441e+02 1.880316701966536493e+04 0.000000000000000000e+00 0.000000000000000000e+00
1.372549019607843107e-04 0.000000000000000000e+00 8.016043284949679446e+02 1.248296649727187013e-05 4.780911210887037441e+02 1.880316701966536493e+04 0.000000000000000000e+00 0.000000000000000000e+00
2.745098039215686215e-04 0.000000000000000000e+00 8.016043284949679446e+02 1.248410222370125069e-05 4.780911210887037441e+02 1.879322845786590551e+04 0.000000000000000000e+00 0.000000000000000000e+00
4.117647058823529051e-04 0.000000000000000000e+00 8.015156683288037129e+02 1.251317686437456288e-05 4.780914818945076945e+02 1.871278452435504732e+04 0.000000000000000000e+00 0.000000000000000000e+00
5.490196078431372429e-04 0.000000000000000000e+00 8.004332210226118605e+02 1.287874560764630561e-05 4.781001264167504132e+02 1.847680246757087298e+04 0.000000000000000000e+00 0.000000000000000000e+00
6.862745098039215808e-04 0.000000000000000000e+00 7.942665388293872866e+02 1.491641166472721165e-05 4.782209189071681976e+02 1.799849321748364673e+04 0.000000000000000000e+00 0.000000000000000000e+00
8.235294117647058102e-04 0.000000000000000000e+00 7.692855366794595966e+02 1.948058661590313758e-05 4.796905416406904692e+02 1.726714389623322859e+04 0.000000000000000000e+00 0.000000000000000000e+00
9.607843137254901481e-04 0.000000000000000000e+00 7.082362733487105970e+02 2.794031968110055774e-05 4.871665132403196594e+02 1.629255452116419110e+04 0.000000000000000000e+00 0.000000000000000000e+00
1.098039215686274486e-03 0.000000000000000000e+00 5.765020982366321505e+02 2.740587020076932186e-05 4.452724982427553755e+02 1.498201838697974199e+04 8.537175155040046093e+02 0.000000000000000000e+00
1.235294117647058824e-03 0.000000000000000000e+00 5.765020982366321505e+02 2.740578667303341935e-05 4.452724982427553755e+02 1.498108241080534026e+04 8.537175155040046093e+02 0.000000000000000000e+00
1.372549019607843162e-03 0.000000000000000000e+00 5.764982211795980902e+02 2.740223665804657980e-05 4.452724783669765998e+02 1.496484117279209386e+04 8.537180221893719363e+02 0.000000000000000000e+00
1.509803921568627499e-03 0.000000000000000000e+00 5.764022640223422513e+02 2.735854677934746419e-05 4.452717591957484160e+02 1.490824503852593080e+04 8.537331753146323763e+02 0.000000000000000000e+00
1.647058823529411620e-03 0.000000000000000000e+00 5.756803901385953850e+02 2.705565545660205766e-05 4.452614956659655832e+02 1.477860843738842414e+04 8.538824956328310236e+02 0.000000000000000000e+00
1.784313725490195958e-03 0.000000000000000000e+00 5.719661745896802358e+02 2.641636697562364515e-05 4.451457741017173362e+02 1.456724573440581298e+04 8.549373452858609426e+02 0.000000000000000000e+00
1.921568627450980296e-03 0.000000000000000000e+00 5.576231885008884319e+02 2.537595837050969126e-05 4.442037223737147542e+02 1.425674696044043412e+04 8.605565756810539142e+02 0.000000000000000000e+00
2.058823529411764851e-03 0.000000000000000000e+00 5.286848616686040714e+02 2.414439040732089680e-05 4.375119538424590360e+02 1.370719634516963742e+04 0.000000000000000000e+00 3.060583416758623571e+03
2.196078431372548972e-03 0.000000000000000000e+00 5.286848616686040714e+02 2.414433541840914715e-05 4.375119538424590360e+02 1.370755725309949048e+04 0.000000000000000000e+00 3.060583416758623571e+03
2.333333333333333093e-03 0.000000000000000000e+00 5.286858880535853586e+02 2.413435619006170488e-05 4.375119444000258113e+02 1.373912377349235612e+04 0.000000000000000000e+00 3.060583158613673731e+03
2.470588235294117647e-03 0.000000000000000000e+00 5.288153985079387667e+02 2.399277399426392399e-05 4.375105911515825028e+02 1.388143151882603343e+04 0.000000000000000000e+00 3.060556418994578507e+03
2.607843137254901768e-03 0.000000000000000000e+00 5.301177148296590076e+02 2.272355861509244509e-05 4.374880970744541173e+02 1.425226187301733989e+04 0.000000000000000000e+00 3.060342898336177313e+03
2.745098039215686323e-03 0.000000000000000000e+00 5.383626090534748982e+02 1.959889638813085104e-05 4.372198248789023864e+02 1.493292412082268129e+04 0.000000000000000000e+00 3.059297434402764793e+03
2.882352941176470444e-03 0.000000000000000000e+00 5.807400913069977832e+02 1.510773206678698282e-05 4.342639651020771794e+02 1.602149041271676651e+04 0.000000000000000000e+00 3.055349516987490006e+03
3.019607843137254999e-03 0.000000000000000000e+00 8.016043284949679446e+02 1.248296649727187013e-05 4.780911210887037441e+02 1.880316701966536493e+04 0.000000000000000000e+00 0.000000000000000000e+00
3.156862745098039120e-03 0.000000000000000000e+00 8.016043284949679446e+02 1.248296649727187013e-05 4.780911210887037441e+02 1.880316701966536493e+04 0.000000000000000000e+00 0.000000000000000000e+00
3.294117647058823241e-03 0.000000000000000000e+00 8.016043284949679446e+02 1.248498506871671560e-05 4.780911210887037441e+02 1.878772777959318773e+04 0.000000000000000000e+00 0.000000000000000000e+00
3.431372549019607796e-03 0.000000000000000000e+00 8.014641024398548552e+02 1.252761285386169092e-05 4.780917218465215797e+02 1.869093872942165763e+04 0.000000000000000000e+00 0.000000000000000000e+00
3.568627450980391917e-03 0.000000000000000000e+00 8.000375550202040813e+02 1.304179347617884832e-05 4.781044391479707087e+02 1.842337807157480711e+04 0.000000000000000000e+00 0.000000000000000000e+00
3.705882352941176471e-03 0.000000000000000000e+00 7.923780993514575357e+02 1.538546675236135950e-05 4.782762694887384782e+02 1.791041242022671941e+04 0.000000000000000000e+00 0.000000000000000000e+00
3.843137254901960592e-03 0.000000000000000000e+00 7.622885228232504460e+02 2.044474831565783472e-05 4.803647546868265295e+02 1.712590150896480554e+04 0.000000000000000000e+00 0.000000000000000000e+00
3.980392156862745147e-03 0.000000000000000000e+00 7.003392908360300453e+02 2.904668296662611692e-05 4.881084993414229984e+02 1.612130096787316143e+04 0.000000000000000000e+00 0.000000000000000000e+00
4.117647058823529702e-03 0.000000000000000000e+00 5.759605246528407179e+02 2.715141709225136671e-05 4.452662911615740882e+02 1.481327480992267556e+04 8.538199756442403441e+02 0.000000000000000000e+00
4.254901960784313389e-03 0.000000000000000000e+00 5.732990345475338927e+02 2.657975540199739096e-05 4.451986264943191713e+02 1.462616364728038025e+04 8.545200929493466901e+02 0.000000000000000000e+00
4.392156862745097944e-03 0.000000000000000000e+00 5.616080305275570481e+02 2.560752602898736091e-05 4.444967824169821711e+02 1.440351300636789529e+04 8.588903211194800633e+02 0.000000000000000000e+00
4.529411764705882498e-03 0.000000000000000000e+00 5.290901271346738213e+02 2.372178095033240894e-05 4.375066812169167179e+02 1.400383961133221601e+04 0.000000000000000000e+00 3.060506687903993679e+03
4.666666666666666186e-03 0.000000000000000000e+00 5.321019108323787350e+02 2.155316476689276854e-05 4.374373502125685604e+02 1.450433634472256563e+04 0.000000000000000000e+00 3.060061062453710747e+03
4.803921568627450740e-03 0.000000000000000000e+00 5.490446279529082858e+02 1.785608679980793824e-05 4.366485534002996474e+02 1.532056305637878177e+04 0.000000000000000000e+00 3.058170119024582164e+03
4.941176470588235295e-03 0.000000000000000000e+00 6.126675598695632061e+02 1.287962505923420615e-05 4.316122163664127243e+02 1.645526954833653508e+04 0.000000000000000000e+00 3.052435956654446272e+03
5.078431372549019850e-03 0.000000000000000000e+00 7.998038224168615216e+02 1.314088816872327816e-05 4.781071624705611498e+02 1.838409557286380732e+04 0.000000000000000000e+00 0.000000000000000000e+00
5.215686274509803537e-03 0.000000000000000000e+00 7.912228923860582199e+02 1.562146239713717289e-05 4.783107539048912713e+02 1.781048872357421351e+04 0.000000000000000000e+00 0.000000000000000000e+00
5.352941176470588092e-03 0.000000000000000000e+00 7.577129811296106254e+02 2.074599363936377057e-05 4.807871513204501071e+02 1.695299946578506933e+04 0.000000000000000000e+00 0.000000000000000000e+00
5.490196078431372646e-03 0.000000000000000000e+00 6.939619970499866213e+02 2.843030366407163113e-05 4.885541165158506374e+02 1.602461754260463567e+04 0.000000000000000000e+00 0.000000000000000000e+00
5.627450980392156334e-03 0.000000000000000000e+00 5.656218356873903303e+02 2.391531597482074453e-05 4.446028946931688210e+02 1.500789240623310434e+04 8.577275789356242512e+02 0.000000000000000000e+00
5.764705882352940888e-03 0.000000000000000000e+00 5.410868664835209074e+02 1.904209651400722692e-05 4.370965419225996129e+02 1.505828201329007607e+04 0.000000000000000000e+00 3.058996317942502628e+03
5.901960784313725443e-03 0.000000000000000000e+00 5.919860422755722311e+02 1.435290110451303094e-05 4.333354225031947067e+02 1.621305311548096870e+04 0.000000000000000000e+00 3.054447332209499109e+03
6.039215686274509998e-03 0.000000000000000000e+00 8.016043284949679446e+02 1.248296649727187013e-05 4.780911210887037441e+02 1.880316701966536493e+04 0.000000000000000000e+00 0.000000000000000000e+00
6.176470588235293685e-03 0.000000000000000000e+00 8.016043284949679446e+02 1.248296649727187013e-05 4.780911210887037441e+02 1.880316701966536493e+04 0.000000000000000000e+00 0.000000000000000000e+00
6.313725490196078240e-03 0.000000000000000000e+00 8.016043284949679446e+02 1.248296649727187013e-05 4.780911210887037441e+02 1.880316701966536493e+04 0.000000000000000000e+00 0.000000000000000000e+00
6.450980392156862794e-03 0.000000000000000000e+00 8.016043284949679446e+02 1.248296649727187013e-05 4.780911210887037441e+02 1.880316701966536493e+04 0.000000000000000000e+00 0.000000000000000000e+00
6.588235294117646482e-03 0.000000000000000000e+00 8.016043284949679446e+02 1.248296649727187521e-05 4.780911210887037441e+02 1.880316701966536493e+04 0.000000000000000000e+00 0.000000000000000000e+00
6.725490196078431036e-03 0.000000000000000000e+00 8.016043284949679446e+02 1.248296649727187860e-05 4.780911210887037441e+02 1.880316701966536493e+04 0.000000000000000000e+00 0.000000000000000000e+00
6.862745098039215591e-03 0.000000000000000000e+00 0.000000000000000000e+00 0.000000000000000000e+00 0.000000000000000000e+00 0.000000000000000000e+00 0.000000000000000000e+00 0.000000000000000000e+00
