0.000000000000000000e+00 1.000000000000000000e+00 6.000000000000000000e+00 7.000000000000000000e+00 8.000000000000000000e+00 1.400000000000000000e+01 2.600000000000000000e+01 2.800000000000000000e+01
0.000000000000000000e+00 0.000000000000000000e+00 8.016043284949679446e+02 1.248296649727187013e-05 4.780911210887037441e+02 1.880316701966536493e+04 0.000000000000000000e+00 0.000000000000000000e+00
1.372549019607843107e-04 0.000000000000000000e+00 8.016043284949679446e+02 1.248296649727188368e-05 4.780911210887037441e+02 1.880316701966536493e+04 0.000000000000000000e+00 0.000000000000000000e+00
2.745098039215686215e-04 0.000000000000000000e+00 8.016043284949679446e+02 1.248296649727188199e-05 4.780911210887037441e+02 1.880316701966536493e+04 0.000000000000000000e+00 0.000000000000000000e+00
4.117647058823529051e-04 0.000000000000000000e+00 8.016043284949679446e+02 1.248296649727187521e-05 4.780911210887037441e+02 1.880316701966536493e+04 0.000000000000000000e+00 0.000000000000000000e+00
5.490196078431372429e-04 0.000000000000000000e+00 8.016043284949679446e+02 1.248296649727187013e-05 4.780911210887037441e+02 1.880316701966536493e+04 0.000000000000000000e+00 0.000000000000000000e+00
6.862745098039215808e-04 0.000000000000000000e+00 8.016043284949679446e+02 1.248296649727187013e-05 4.780911210887037441e+02 1.880316701966536493e+04 0.000000000000000000e+00 0.000000000000000000e+00
8.235294117647058102e-04 0.000000000000000000e+00 8.016043284949679446e+02 1.248296649727187013e-05 4.780911210887037441e+02 1.880316701966536493e+04 0.000000000000000000e+00 0.000000000000000000e+00
9.607843137254901481e-04 0.000000000000000000e+00 8.016043284949679446e+02 1.248296649727187013e-05 4.780911210887037441e+02 1.880316701966536493e+04 0.000000000000000000e+00 0.000000000000000000e+00
1.098039215686274486e-03 0.000000000000000000e+00 6.280391851440936080e+02 1.736266336199773555e-05 4.401151436501243666e+02 1.649047264421302680e+04 8.438950383754759059e+02 0.000000000000000000e+00
1.235294117647058824e-03 0.000000000000000000e+00 5.873605544676904628e+02 2.306489370608357913e-05 4.447486799469787684e+02 1.569656903674060413e+04 8.521170611696147716e+02 0.000000000000000000e+00
1.372549019607843162e-03 0.000000000000000000e+00 5.782978207039232075e+02 2.660414230263025888e-05 4.452276167661449904e+02 1.523708698919921335e+04 8.535046059871103807e+02 0.000000000000000000e+00
1.509803921568627499e-03 0.000000000000000000e+00 5.766930869763502869e+02 2.736059914474267478e-05 4.452696618327452711e+02 1.503631491225678656e+04 8.536983455861009134e+02 0.000000000000000000e+00
1.647058823529411620e-03 0.000000000000000000e+00 5.765061590090587060e+02 2.740514827703522142e-05 4.452724498905761266e+02 1.498436998091850364e+04 8.537171229388761731e+02 0.000000000000000000e+00
1.784313725490195958e-03 0.000000000000000000e+00 5.765020982366321505e+02 2.740587020076932186e-05 4.452724982427553755e+02 1.498201838697974199e+04 8.537175155040046093e+02 0.000000000000000000e+00
1.921568627450980296e-03 0.000000000000000000e+00 5.765020982366321505e+02 2.740587020076932186e-05 4.452724982427553755e+02 1.498201838697974199e+04 8.537175155040046093e+02 0.000000000000000000e+00
2.058823529411764851e-03 0.000000000000000000e+00 5.487132343417749780e+02 2.588206596231666063e-05 4.387206995416386803e+02 1.433669297571006791e+04 0.000000000000000000e+00 2.804603125720665503e+03
2.196078431372548972e-03 0.000000000000000000e+00 5.337035490476646373e+02 2.485561356797750764e-05 4.376866680216110694e+02 1.401915669048346899e+04 0.000000000000000000e+00 2.988210298560466526e+03
2.333333333333333093e-03 0.000000000000000000e+00 5.295571053785981803e+02 2.431709069777396884e-05 4.375269598466265393e+02 1.383265211682827248e+04 0.000000000000000000e+00 3.046218030596057815e+03
2.470588235294117647e-03 0.000000000000000000e+00 5.287918918055249833e+02 2.415589936057588547e-05 4.375130049115334714e+02 1.373909552030086707e+04 0.000000000000000000e+00 3.058606589450675074e+03
2.607843137254901768e-03 0.000000000000000000e+00 5.286903194213554116e+02 2.414472448876560528e-05 4.375119906596196984e+02 1.371018536981261241e+04 0.000000000000000000e+00 3.060471455149595386e+03
2.745098039215686323e-03 0.000000000000000000e+00 5.286848616686040714e+02 2.414439040732089680e-05 4.375119538424590360e+02 1.370719634516963742e+04 0.000000000000000000e+00 3.060583416758623571e+03
2.882352941176470444e-03 0.000000000000000000e+00 5.286848616686040714e+02 2.414439040732089680e-05 4.375119538424590360e+02 1.370719634516963742e+04 0.000000000000000000e+00 3.060583416758623571e+03
3.019607843137254999e-03 0.000000000000000000e+00 6.689852410650281627e+02 2.508825624321086862e-05 4.864031533519763002e+02 1.545531869259729501e+04 0.000000000000000000e+00 0.000000000000000000e+00
3.156862745098039120e-03 0.000000000000000000e+00 7.495854114644295123e+02 1.711155312881564106e-05 4.799813405365263748e+02 1.706633485587720861e+04 0.000000000000000000e+00 0.000000000000000000e+00
3.294117647058823241e-03 0.000000000000000000e+00 7.892489149117679972e+02 1.376200697084749140e-05 4.782451850998070313e+02 1.801551398209616309e+04 0.000000000000000000e+00 0.000000000000000000e+00
3.431372549019607796e-03 0.000000000000000000e+00 7.994818992509434565e+02 1.258769309339551698e-05 4.781022182599413668e+02 1.856388160566083388e+04 0.000000000000000000e+00 0.000000000000000000e+00
3.568627450980391917e-03 0.000000000000000000e+00 8.014117263699499745e+02 1.248684613001908437e-05 4.780916227256544744e+02 1.876737087907989917e+04 0.000000000000000000e+00 0.000000000000000000e+00
3.705882352941176471e-03 0.000000000000000000e+00 8.016043284949679446e+02 1.248296649727187013e-05 4.780911210887037441e+02 1.880316701966536493e+04 0.000000000000000000e+00 0.000000000000000000e+00
3.843137254901960592e-03 0.000000000000000000e+00 8.016043284949679446e+02 1.248296649727187013e-05 4.780911210887037441e+02 1.880316701966536493e+04 0.000000000000000000e+00 0.000000000000000000e+00
3.980392156862745147e-03 0.000000000000000000e+00 8.016043284949679446e+02 1.248296649727187013e-05 4.780911210887037441e+02 1.880316701966536493e+04 0.000000000000000000e+00 0.000000000000000000e+00
4.117647058823529702e-03 0.000000000000000000e+00 6.192384029244991552e+02 1.833721696003036281e-05 4.412543248819958990e+02 1.634649287354042826e+04 8.457562267332972397e+02 0.000000000000000000e+00
4.254901960784313389e-03 0.000000000000000000e+00 5.850601412272039852e+02 2.370855191271043316e-05 4.449028626269926008e+02 1.561365301336570337e+04 8.525001029290735914e+02 0.000000000000000000e+00
4.392156862745097944e-03 0.000000000000000000e+00 5.778505951984843705e+02 2.686041175274401236e-05 4.452417382985618701e+02 1.519388791482764827e+04 8.535623003004441216e+02 0.000000000000000000e+00
4.529411764705882498e-03 0.000000000000000000e+00 5.518804566088488173e+02 2.620723849720037389e-05 4.389359162380667385e+02 1.448327090643104020e+04 0.000000000000000000e+00 2.768144733840262234e+03
4.666666666666666186e-03 0.000000000000000000e+00 5.358469560536024119e+02 2.502328736326567081e-05 4.378078922125372401e+02 1.407417167289623103e+04 0.000000000000000000e+00 2.960496750260160752e+03
4.803921568627450740e-03 0.000000000000000000e+00 5.299854211247576359e+02 2.440174421592045933e-05 4.375376039421342398e+02 1.386467460370563640e+04 0.000000000000000000e+00 3.039731290060424726e+03
4.941176470588235295e-03 0.000000000000000000e+00 5.288605925381631323e+02 2.416597943925717954e-05 4.375138738202985564e+02 1.375198476880557973e+04 0.000000000000000000e+00 3.057414788719122953e+03
5.078431372549019850e-03 0.000000000000000000e+00 7.006456301521521937e+02 2.062867717099086458e-05 4.838657671687010406e+02 1.629002453732879803e+04 0.000000000000000000e+00 0.000000000000000000e+00
5.215686274509803537e-03 0.000000000000000000e+00 7.729720414381497449e+02 1.535120953746052912e-05 4.787267852838417639e+02 1.752633946571526758e+04 0.000000000000000000e+00 0.000000000000000000e+00
5.352941176470588092e-03 0.000000000000000000e+00 7.955305129414670091e+02 1.301538216872228156e-05 4.781419966016983381e+02 1.830042714005890957e+04 0.000000000000000000e+00 0.000000000000000000e+00
5.490196078431372646e-03 0.000000000000000000e+00 8.007615572235947639e+02 1.251112493227953757e-05 4.780943063030616145e+02 1.868205501292753252e+04 0.000000000000000000e+00 0.000000000000000000e+00
5.627450980392156334e-03 0.000000000000000000e+00 6.150162430611260334e+02 1.879001955850883608e-05 4.417884853913836878e+02 1.627203237479183554e+04 8.466411419391025674e+02 0.000000000000000000e+00
5.764705882352940888e-03 0.000000000000000000e+00 5.604578784901478912e+02 2.315785250226161257e-05 4.387424272908877469e+02 1.507776024324858736e+04 0.000000000000000000e+00 2.774004414680047830e+03
5.901960784313725443e-03 0.000000000000000000e+00 5.382786147213686263e+02 2.469389496749271236e-05 4.378689088555743751e+02 1.428641997416426602e+04 0.000000000000000000e+00 2.947073279704618926e+03
6.039215686274509998e-03 0.000000000000000000e+00 6.813989170262333346e+02 2.355287018490154682e-05 4.856591396101659370e+02 1.600105896986850894e+04 0.000000000000000000e+00 0.000000000000000000e+00
6.176470588235293685e-03 0.000000000000000000e+00 7.591104314401234205e+02 1.648484522948858276e-05 4.794239834715612005e+02 1.729297471246906935e+04 0.000000000000000000e+00 0.000000000000000000e+00
6.313725490196078240e-03 0.000000000000000000e+00 7.917955109284540640e+02 1.347535597084537607e-05 4.781992853164965140e+02 1.812817365467094714e+04 0.000000000000000000e+00 0.000000000000000000e+00
6.450980392156862794e-03 0.000000000000000000e+00 8.000150090437392691e+02 1.255141185084415157e-05 4.780986271746223224e+02 1.860954518301029020e+04 0.000000000000000000e+00 0.000000000000000000e+00
6.588235294117646482e-03 0.000000000000000000e+00 8.014822081400573097e+02 1.248514490571441115e-05 4.780914225424641018e+02 1.877932636977926813e+04 0.000000000000000000e+00 0.000000000000000000e+00
6.725490196078431036e-03 0.000000000000000000e+00 8.016043284949679446e+02 1.248296649727187013e-05 4.780911210887037441e+02 1.880316701966536493e+04 0.000000000000000000e+00 0.000000000000000000e+00
6.862745098039215591e-03 0.000000000000000000e+00 0.000000000000000000e+00 0.000000000000000000e+00 0.000000000000000000e+00 0.000000000000000000e+00 0.000000000000000000e+00 0.000000000000000000e+00
