0.000000000000000000e+00 1.000000000000000000e+00 6.000000000000000000e+00 7.000000000000000000e+00 8.000000000000000000e+00 1.400000000000000000e+01 2.600000000000000000e+01 2.800000000000000000e+01
0.000000000000000000e+00 0.000000000000000000e+00 1.973621597092994007e+00 2.369166935863238518e-06 1.583697792174507013e+00 6.874382901682696456e+01 0.000000000000000000e+00 0.000000000000000000e+00
1.372549019607843107e-04 0.000000000000000000e+00 1.973621597092994007e+00 2.369166935863238518e-06 1.583697792174507013e+00 6.874382901682696456e+01 0.000000000000000000e+00 0.000000000000000000e+00
2.745098039215686215e-04 0.000000000000000000e+00 1.973621597092994007e+00 2.369166935863238518e-06 1.583697792174507013e+00 6.874382901682696456e+01 0.000000000000000000e+00 0.000000000000000000e+00
4.117647058823529051e-04 0.000000000000000000e+00 1.973621597092994007e+00 2.369166935863238518e-06 1.583697792174507013e+00 6.874382901682696456e+01 0.000000000000000000e+00 0.000000000000000000e+00
5.490196078431372429e-04 0.000000000000000000e+00 1.973621597092994007e+00 2.369166935863238518e-06 1.583697792174507013e+00 6.874382901682696456e+01 0.000000000000000000e+00 0.000000000000000000e+00
6.862745098039215808e-04 0.000000000000000000e+00 1.973621597092994007e+00 2.369166935863238518e-06 1.583697792174507013e+00 6.874382901682696456e+01 0.000000000000000000e+00 0.000000000000000000e+00
8.235294117647058102e-04 0.000000000000000000e+00 1.973621597092994007e+00 2.369166935863238518e-06 1.583697792174507013e+00 6.874382901682696456e+01 0.000000000000000000e+00 0.000000000000000000e+00
9.607843137254901481e-04 0.000000000000000000e+00 1.973621597092994007e+00 2.369166935863238518e-06 1.583697792174507013e+00 6.874382901682696456e+01 0.000000000000000000e+00 0.000000000000000000e+00
1.098039215686274486e-03 0.000000000000000000e+00 1.480195105567036817e+00 4.565463045540605485e-06 1.488867407055704861e+00 6.162457713145714422e+01 3.710933960899058359e+00 0.000000000000000000e+00
1.235294117647058824e-03 0.000000000000000000e+00 1.480195105567036817e+00 4.565463045540605485e-06 1.488867407055704861e+00 6.162457713145714422e+01 3.710933960899058359e+00 0.000000000000000000e+00
1.372549019607843162e-03 0.000000000000000000e+00 1.480195105567036817e+00 4.565463045540605485e-06 1.488867407055704861e+00 6.162457713145714422e+01 3.710933960899058359e+00 0.000000000000000000e+00
1.509803921568627499e-03 0.000000000000000000e+00 1.480195105567036817e+00 4.565463045540605485e-06 1.488867407055704861e+00 6.162457713145714422e+01 3.710933960899058359e+00 0.000000000000000000e+00
1.647058823529411620e-03 0.000000000000000000e+00 1.480195105567036817e+00 4.565463045540605485e-06 1.488867407055704861e+00 6.162457713145714422e+01 3.710933960899058359e+00 0.000000000000000000e+00
1.784313725490195958e-03 0.000000000000000000e+00 1.480195105567036817e+00 4.565463045540605485e-06 1.488867407055704861e+00 6.162457713145714422e+01 3.710933960899058359e+00 0.000000000000000000e+00
1.921568627450980296e-03 0.000000000000000000e+00 1.480195105567036817e+00 4.565463045540605485e-06 1.488867407055704861e+00 6.162457713145714422e+01 3.710933960899058359e+00 0.000000000000000000e+00
2.058823529411764851e-03 0.000000000000000000e+00 1.374297652971979256e+00 4.240115815751143470e-06 1.467937122465945654e+00 5.910661038178980675e+01 0.000000000000000000e+00 1.233515631159945336e+01
2.196078431372548972e-03 0.000000000000000000e+00 1.373948216581969195e+00 4.233032404764797251e-06 1.467922299021787724e+00 5.904881442871140251e+01 0.000000000000000000e+00 1.234392316705512016e+01
2.333333333333333093e-03 0.000000000000000000e+00 1.373948216581969195e+00 4.233032404764797251e-06 1.467922299021787724e+00 5.904881442871140251e+01 0.000000000000000000e+00 1.234392316705512016e+01
2.470588235294117647e-03 0.000000000000000000e+00 1.373948216581969195e+00 4.233032404764797251e-06 1.467922299021787724e+00 5.904881442871140251e+01 0.000000000000000000e+00 1.234392316705512016e+01
2.607843137254901768e-03 0.000000000000000000e+00 1.373948216581969195e+00 4.233032404764797251e-06 1.467922299021787724e+00 5.904881442871140251e+01 0.000000000000000000e+00 1.234392316705512016e+01
2.745098039215686323e-03 0.000000000000000000e+00 1.373948216581969195e+00 4.233032404764797251e-06 1.467922299021787724e+00 5.904881442871140251e+01 0.000000000000000000e+00 1.234392316705512016e+01
2.882352941176470444e-03 0.000000000000000000e+00 1.373948216581969195e+00 4.233032404764797251e-06 1.467922299021787724e+00 5.904881442871140251e+01 0.000000000000000000e+00 1.234392316705512016e+01
3.019607843137254999e-03 0.000000000000000000e+00 1.869889374672846882e+00 2.965696500277034245e-06 1.591974940173044528e+00 6.518457654238953580e+01 0.000000000000000000e+00 0.000000000000000000e+00
3.156862745098039120e-03 0.000000000000000000e+00 1.973621597092994007e+00 2.369166935863238518e-06 1.583697792174507013e+00 6.874382901682696456e+01 0.000000000000000000e+00 0.000000000000000000e+00
3.294117647058823241e-03 0.000000000000000000e+00 1.973621597092994007e+00 2.369166935863238518e-06 1.583697792174507013e+00 6.874382901682696456e+01 0.000000000000000000e+00 0.000000000000000000e+00
3.431372549019607796e-03 0.000000000000000000e+00 1.973621597092994007e+00 2.369166935863238518e-06 1.583697792174507013e+00 6.874382901682696456e+01 0.000000000000000000e+00 0.000000000000000000e+00
3.568627450980391917e-03 0.000000000000000000e+00 1.973621597092994007e+00 2.369166935863238518e-06 1.583697792174507013e+00 6.874382901682696456e+01 0.000000000000000000e+00 0.000000000000000000e+00
3.705882352941176471e-03 0.000000000000000000e+00 1.973621597092994007e+00 2.369166935863238518e-06 1.583697792174507013e+00 6.874382901682696456e+01 0.000000000000000000e+00 0.000000000000000000e+00
3.843137254901960592e-03 0.000000000000000000e+00 1.973621597092994007e+00 2.369166935863238518e-06 1.583697792174507013e+00 6.874382901682696456e+01 0.000000000000000000e+00 0.000000000000000000e+00
3.980392156862745147e-03 0.000000000000000000e+00 1.973621597092994007e+00 2.369166935863238518e-06 1.583697792174507013e+00 6.874382901682696456e+01 0.000000000000000000e+00 0.000000000000000000e+00
4.117647058823529702e-03 0.000000000000000000e+00 1.480195105567036817e+00 4.565463045540605485e-06 1.488867407055704861e+00 6.162457713145714422e+01 3.710933960899058359e+00 0.000000000000000000e+00
4.254901960784313389e-03 0.000000000000000000e+00 1.480195105567036817e+00 4.565463045540605485e-06 1.488867407055704861e+00 6.162457713145714422e+01 3.710933960899058359e+00 0.000000000000000000e+00
4.392156862745097944e-03 0.000000000000000000e+00 1.480195105567036817e+00 4.565463045540605485e-06 1.488867407055704861e+00 6.162457713145714422e+01 3.710933960899058359e+00 0.000000000000000000e+00
4.529411764705882498e-03 0.000000000000000000e+00 1.381984779886251014e+00 4.301045751260349588e-06 1.468447851662719517e+00 5.958711696966626903e+01 0.000000000000000000e+00 1.216627486770375199e+01
4.666666666666666186e-03 0.000000000000000000e+00 1.373948216581969195e+00 4.233032404764797251e-06 1.467922299021787724e+00 5.904881442871140251e+01 0.000000000000000000e+00 1.234392316705512016e+01
4.803921568627450740e-03 0.000000000000000000e+00 1.373948216581969195e+00 4.233032404764797251e-06 1.467922299021787724e+00 5.904881442871140251e+01 0.000000000000000000e+00 1.234392316705512016e+01
4.941176470588235295e-03 0.000000000000000000e+00 1.373948216581969195e+00 4.233032404764797251e-06 1.467922299021787724e+00 5.904881442871140251e+01 0.000000000000000000e+00 1.234392316705512016e+01
5.078431372549019850e-03 0.000000000000000000e+00 1.973615174277708606e+00 2.369511319068043864e-06 1.583697947373670534e+00 6.874114657616644308e+01 0.000000000000000000e+00 0.000000000000000000e+00
5.215686274509803537e-03 0.000000000000000000e+00 1.973621597092994007e+00 2.369166935863238518e-06 1.583697792174507013e+00 6.874382901682696456e+01 0.000000000000000000e+00 0.000000000000000000e+00
5.352941176470588092e-03 0.000000000000000000e+00 1.973621597092994007e+00 2.369166935863238518e-06 1.583697792174507013e+00 6.874382901682696456e+01 0.000000000000000000e+00 0.000000000000000000e+00
5.490196078431372646e-03 0.000000000000000000e+00 1.973621597092994007e+00 2.369166935863238518e-06 1.583697792174507013e+00 6.874382901682696456e+01 0.000000000000000000e+00 0.000000000000000000e+00
5.627450980392156334e-03 0.000000000000000000e+00 1.480195105567036817e+00 4.565463045540605485e-06 1.488867407055704861e+00 6.162457713145714422e+01 3.710933960899058359e+00 0.000000000000000000e+00
5.764705882352940888e-03 0.000000000000000000e+00 1.402678386145242984e+00 4.381806277224273917e-06 1.470564263873062050e+00 6.020826489806387372e+01 0.000000000000000000e+00 1.175679032186630835e+01
5.901960784313725443e-03 0.000000000000000000e+00 1.373948216581969195e+00 4.233032404764797251e-06 1.467922299021787724e+00 5.904881442871140251e+01 0.000000000000000000e+00 1.234392316705512016e+01
6.039215686274509998e-03 0.000000000000000000e+00 1.952574217647233601e+00 2.549627209124929347e-06 1.584610572611248935e+00 6.754811975697835180e+01 0.000000000000000000e+00 0.000000000000000000e+00
6.176470588235293685e-03 0.000000000000000000e+00 1.973621597092994007e+00 2.369166935863238518e-06 1.583697792174507013e+00 6.874382901682696456e+01 0.000000000000000000e+00 0.000000000000000000e+00
6.313725490196078240e-03 0.000000000000000000e+00 1.973621597092994007e+00 2.369166935863238518e-06 1.583697792174507013e+00 6.874382901682696456e+01 0.000000000000000000e+00 0.000000000000000000e+00
6.450980392156862794e-03 0.000000000000000000e+00 1.973621597092994007e+00 2.369166935863238518e-06 1.583697792174507013e+00 6.874382901682696456e+01 0.000000000000000000e+00 0.000000000000000000e+00
6.588235294117646482e-03 0.000000000000000000e+00 1.973621597092994007e+00 2.369166935863238518e-06 1.583697792174507013e+00 6.874382901682696456e+01 0.000000000000000000e+00 0.000000000000000000e+00
6.725490196078431036e-03 0.000000000000000000e+00 1.973621597092994007e+00 2.369166935863238518e-06 1.583697792174507013e+00 6.874382901682696456e+01 0.000000000000000000e+00 0.000000000000000000e+00
6.862745098039215591e-03 0.000000000000000000e+00 0.000000000000000000e+00 0.000000000000000000e+00 0.000000000000000000e+00 0.000000000000000000e+00 0.000000000000000000e+00 0.000000000000000000e+00
