0.000000000000000000e+00 1.000000000000000000e+00 6.000000000000000000e+00 7.000000000000000000e+00 8.000000000000000000e+00 1.400000000000000000e+01 2.600000000000000000e+01 2.800000000000000000e+01
0.000000000000000000e+00 0.000000000000000000e+00 8.016043284949679446e+02 1.248296649727187013e-05 4.780911210887037441e+02 1.880316701966536493e+04 0.000000000000000000e+00 0.000000000000000000e+00
1.372549019607843107e-04 0.000000000000000000e+00 8.016043284949679446e+02 1.248296649727187013e-05 4.780911210887037441e+02 1.880316701966536493e+04 0.000000000000000000e+00 0.000000000000000000e+00
2.745098039215686215e-04 0.000000000000000000e+00 8.016043284949679446e+02 1.248296649727187013e-05 4.780911210887037441e+02 1.880316701966536493e+04 0.000000000000000000e+00 0.000000000000000000e+00
4.117647058823529051e-04 0.000000000000000000e+00 8.015156683288037129e+02 1.248543451924032812e-05 4.780914818945076945e+02 1.878595935274644216e+04 0.000000000000000000e+00 0.000000000000000000e+00
5.490196078431372429e-04 0.000000000000000000e+00 8.004332210226118605e+02 1.256080789520361023e-05 4.781001264167504132e+02 1.866286260077017505e+04 0.000000000000000000e+00 0.000000000000000000e+00
6.862745098039215808e-04 0.000000000000000000e+00 7.942665388293872866e+02 1.361595558918743770e-05 4.782209189071681976e+02 1.830474984482185027e+04 0.000000000000000000e+00 0.000000000000000000e+00
8.235294117647058102e-04 0.000000000000000000e+00 7.692855366794595966e+02 1.709025654020945260e-05 4.796905416406904692e+02 1.765153898460630080e+04 0.000000000000000000e+00 0.000000000000000000e+00
9.607843137254901481e-04 0.000000000000000000e+00 7.082362733487105970e+02 2.520682825579802141e-05 4.871665132403196594e+02 1.656285355505597909e+04 0.000000000000000000e+00 0.000000000000000000e+00
1.098039215686274486e-03 0.000000000000000000e+00 5.765020982366321505e+02 2.740587020076932186e-05 4.452724982427553755e+02 1.498201838697974199e+04 8.537175155040046093e+02 0.000000000000000000e+00
1.235294117647058824e-03 0.000000000000000000e+00 5.765020982366321505e+02 2.740587020076932186e-05 4.452724982427553755e+02 1.498201838697974199e+04 8.537175155040046093e+02 0.000000000000000000e+00
1.372549019607843162e-03 0.000000000000000000e+00 5.764982211795980902e+02 2.740567808555561047e-05 4.452724783669765998e+02 1.498015524953014392e+04 8.537180221893719363e+02 0.000000000000000000e+00
1.509803921568627499e-03 0.000000000000000000e+00 5.764022640223422513e+02 2.739741233909550426e-05 4.452717591957484160e+02 1.495496206728125253e+04 8.537331753146323763e+02 0.000000000000000000e+00
1.647058823529411620e-03 0.000000000000000000e+00 5.756803901385953850e+02 2.726553473156573243e-05 4.452614956659655832e+02 1.486763136280710387e+04 8.538824956328310236e+02 0.000000000000000000e+00
1.784313725490195958e-03 0.000000000000000000e+00 5.719661745896802358e+02 2.674110445920408396e-05 4.451457741017173362e+02 1.468594957721070568e+04 8.549373452858609426e+02 0.000000000000000000e+00
1.921568627450980296e-03 0.000000000000000000e+00 5.576231885008884319e+02 2.577925145456244524e-05 4.442037223737147542e+02 1.438525538130329551e+04 8.605565756810539142e+02 0.000000000000000000e+00
2.058823529411764851e-03 0.000000000000000000e+00 5.286848616686040714e+02 2.414439040732089680e-05 4.375119538424590360e+02 1.370719634516963742e+04 0.000000000000000000e+00 3.060583416758623571e+03
2.196078431372548972e-03 0.000000000000000000e+00 5.286848616686040714e+02 2.414439040732089680e-05 4.375119538424590360e+02 1.370719634516963742e+04 0.000000000000000000e+00 3.060583416758623571e+03
2.333333333333333093e-03 0.000000000000000000e+00 5.286858880535853586e+02 2.414420604742896080e-05 4.375119444000258113e+02 1.370830892877583938e+04 0.000000000000000000e+00 3.060583158613673731e+03
2.470588235294117647e-03 0.000000000000000000e+00 5.288153985079387667e+02 2.412233810494460902e-05 4.375105911515825028e+02 1.375862483755843641e+04 0.000000000000000000e+00 3.060556418994578507e+03
2.607843137254901768e-03 0.000000000000000000e+00 5.301177148296590076e+02 2.371727319866944687e-05 4.374880970744541173e+02 1.397796747104011774e+04 0.000000000000000000e+00 3.060342898336177313e+03
2.745098039215686323e-03 0.000000000000000000e+00 5.383626090534748982e+02 2.121012511860281415e-05 4.372198248789023864e+02 1.452057390750245759e+04 0.000000000000000000e+00 3.059297434402764793e+03
2.882352941176470444e-03 0.000000000000000000e+00 5.807400913069977832e+02 1.685403678533308537e-05 4.342639651020771794e+02 1.547891733541170106e+04 0.000000000000000000e+00 3.055349516987490006e+03
3.019607843137254999e-03 0.000000000000000000e+00 8.016043284949679446e+02 1.248296649727187013e-05 4.780911210887037441e+02 1.880316701966536493e+04 0.000000000000000000e+00 0.000000000000000000e+00
3.156862745098039120e-03 0.000000000000000000e+00 8.016043284949679446e+02 1.248296649727187013e-05 4.780911210887037441e+02 1.880316701966536493e+04 0.000000000000000000e+00 0.000000000000000000e+00
3.294117647058823241e-03 0.000000000000000000e+00 8.016043284949679446e+02 1.248296649727187013e-05 4.780911210887037441e+02 1.880316701966536493e+04 0.000000000000000000e+00 0.000000000000000000e+00
3.431372549019607796e-03 0.000000000000000000e+00 8.014641024398548552e+02 1.248736482087778781e-05 4.780917218465215797e+02 1.877731594130334997e+04 0.000000000000000000e+00 0.000000000000000000e+00
3.568627450980391917e-03 0.000000000000000000e+00 8.000375550202040813e+02 1.260212549273125344e-05 4.781044391479707087e+02 1.862967372879021059e+04 0.000000000000000000e+00 0.000000000000000000e+00
3.705882352941176471e-03 0.000000000000000000e+00 7.923780993514575357e+02 1.394680831942782218e-05 4.782762694887384782e+02 1.822954833792696809e+04 0.000000000000000000e+00 0.000000000000000000e+00
3.843137254901960592e-03 0.000000000000000000e+00 7.622885228232504460e+02 1.785723666105924805e-05 4.803647546868265295e+02 1.752976678417592120e+04 0.000000000000000000e+00 0.000000000000000000e+00
3.980392156862745147e-03 0.000000000000000000e+00 7.003392908360300453e+02 2.742293313642397512e-05 4.881084993414229984e+02 1.630894385796292408e+04 0.000000000000000000e+00 0.000000000000000000e+00
4.117647058823529702e-03 0.000000000000000000e+00 5.759605246528407179e+02 2.732553959678838058e-05 4.452662911615740882e+02 1.489427618620910835e+04 8.538199756442403441e+02 0.000000000000000000e+00
4.254901960784313389e-03 0.000000000000000000e+00 5.732990345475338927e+02 2.688513486293664557e-05 4.451986264943191713e+02 1.473312106129434869e+04 8.545200929493466901e+02 0.000000000000000000e+00
4.392156862745097944e-03 0.000000000000000000e+00 5.616080305275570481e+02 2.603222530065444249e-05 4.444967824169821711e+02 1.447529470915861384e+04 8.588903211194800633e+02 0.000000000000000000e+00
4.529411764705882498e-03 0.000000000000000000e+00 5.290901271346738213e+02 2.406011463431548481e-05 4.375066812169167179e+02 1.382287186204739555e+04 0.000000000000000000e+00 3.060506687903993679e+03
4.666666666666666186e-03 0.000000000000000000e+00 5.321019108323787350e+02 2.291768908161187084e-05 4.374373502125685604e+02 1.416719249704351387e+04 0.000000000000000000e+00 3.060061062453710747e+03
4.803921568627450740e-03 0.000000000000000000e+00 5.490446279529082858e+02 1.955961550027260972e-05 4.366485534002996474e+02 1.486883260823805540e+04 0.000000000000000000e+00 3.058170119024582164e+03
4.941176470588235295e-03 0.000000000000000000e+00 6.126675598695632061e+02 1.429370063230693404e-05 4.316122163664127243e+02 1.607383850446549332e+04 0.000000000000000000e+00 3.052435956654446272e+03
5.078431372549019850e-03 0.000000000000000000e+00 7.998038224168615216e+02 1.263114050009970004e-05 4.781071624705611498e+02 1.861058592231261355e+04 0.000000000000000000e+00 0.000000000000000000e+00
5.215686274509803537e-03 0.000000000000000000e+00 7.912228923860582199e+02 1.412907197163356628e-05 4.783107539048912713e+02 1.817308415331512515e+04 0.000000000000000000e+00 0.000000000000000000e+00
5.352941176470588092e-03 0.000000000000000000e+00 7.577129811296106254e+02 1.822471189072700828e-05 4.807871513204501071e+02 1.738491920675685469e+04 0.000000000000000000e+00 0.000000000000000000e+00
5.490196078431372646e-03 0.000000000000000000e+00 6.939619970499866213e+02 2.815263237262606973e-05 4.885541165158506374e+02 1.604861515462115131e+04 0.000000000000000000e+00 0.000000000000000000e+00
5.627450980392156334e-03 0.000000000000000000e+00 5.656218356873903303e+02 2.548676631154195196e-05 4.446028946931688210e+02 1.484103062631663670e+04 8.577275789356242512e+02 0.000000000000000000e+00
5.764705882352940888e-03 0.000000000000000000e+00 5.410868664835209074e+02 2.069308410375253346e-05 4.370965419225996129e+02 1.462836881509848899e+04 0.000000000000000000e+00 3.058996317942502628e+03
5.901960784313725443e-03 0.000000000000000000e+00 5.919860422755722311e+02 1.605502027913972740e-05 4.333354225031947067e+02 1.566842534156542388e+04 0.000000000000000000e+00 3.054447332209499109e+03
6.039215686274509998e-03 0.000000000000000000e+00 8.016043284949679446e+02 1.248296649727187013e-05 4.780911210887037441e+02 1.880316701966536493e+04 0.000000000000000000e+00 0.000000000000000000e+00
6.176470588235293685e-03 0.000000000000000000e+00 8.016043284949679446e+02 1.248296649727187013e-05 4.780911210887037441e+02 1.880316701966536493e+04 0.000000000000000000e+00 0.000000000000000000e+00
6.313725490196078240e-03 0.000000000000000000e+00 8.016043284949679446e+02 1.248296649727187013e-05 4.780911210887037441e+02 1.880316701966536493e+04 0.000000000000000000e+00 0.000000000000000000e+00
6.450980392156862794e-03 0.000000000000000000e+00 8.016043284949679446e+02 1.248296649727187013e-05 4.780911210887037441e+02 1.880316701966536493e+04 0.000000000000000000e+00 0.000000000000000000e+00
6.588235294117646482e-03 0.000000000000000000e+00 8.016043284949679446e+02 1.248296649727187352e-05 4.780911210887037441e+02 1.880316701966536493e+04 0.000000000000000000e+00 0.000000000000000000e+00
6.725490196078431036e-03 0.000000000000000000e+00 8.016043284949679446e+02 1.248296649727187860e-05 4.780911210887037441e+02 1.880316701966536493e+04 0.000000000000000000e+00 0.000000000000000000e+00
6.862745098039215591e-03 0.000000000000000000e+00 0.000000000000000000e+00 0.000000000000000000e+00 0.000000000000000000e+00 0.000000000000000000e+00 0.000000000000000000e+00 0.000000000000000000e+00
