0.000000000000000000e+00 1.000000000000000000e+00 6.000000000000000000e+00 7.000000000000000000e+00 8.000000000000000000e+00 1.400000000000000000e+01 2.600000000000000000e+01 2.800000000000000000e+01
0.000000000000000000e+00 0.000000000000000000e+00 1.973621597092994007e+00 2.369166935863238518e-06 1.583697792174507013e+00 6.874382901682696456e+01 0.000000000000000000e+00 0.000000000000000000e+00
1.372549019607843107e-04 0.000000000000000000e+00 1.973621597092994007e+00 2.369166935863238518e-06 1.583697792174507013e+00 6.874382901682696456e+01 0.000000000000000000e+00 0.000000000000000000e+00
2.745098039215686215e-04 0.000000000000000000e+00 1.973621597092994007e+00 2.369166935863238518e-06 1.583697792174507013e+00 6.874382901682696456e+01 0.000000000000000000e+00 0.000000000000000000e+00
4.117647058823529051e-04 0.000000000000000000e+00 1.973621597092994007e+00 2.369166935863238518e-06 1.583697792174507013e+00 6.874382901682696456e+01 0.000000000000000000e+00 0.000000000000000000e+00
5.490196078431372429e-04 0.000000000000000000e+00 1.973621597092994007e+00 2.369166935863238518e-06 1.583697792174507013e+00 6.874382901682696456e+01 0.000000000000000000e+00 0.000000000000000000e+00
6.862745098039215808e-04 0.000000000000000000e+00 1.973621597092994007e+00 2.369166935863238518e-06 1.583697792174507013e+00 6.874382901682696456e+01 0.000000000000000000e+00 0.000000000000000000e+00
8.235294117647058102e-04 0.000000000000000000e+00 1.973621597092994007e+00 2.369166935863238518e-06 1.583697792174507013e+00 6.874382901682696456e+01 0.000000000000000000e+00 0.000000000000000000e+00
9.607843137254901481e-04 0.000000000000000000e+00 1.958124766688643215e+00 2.575405825522043558e-06 1.584792966987586649e+00 6.787739429116936662e+01 0.000000000000000000e+00 0.000000000000000000e+00
1.098039215686274486e-03 0.000000000000000000e+00 1.480195105567036817e+00 4.565463045540605485e-06 1.488867407055704861e+00 6.162457713145714422e+01 3.710933960899058359e+00 0.000000000000000000e+00
1.235294117647058824e-03 0.000000000000000000e+00 1.480195105567036817e+00 4.565463045540605485e-06 1.488867407055704861e+00 6.162457713145714422e+01 3.710933960899058359e+00 0.000000000000000000e+00
1.372549019607843162e-03 0.000000000000000000e+00 1.480195105567036817e+00 4.565463045540605485e-06 1.488867407055704861e+00 6.162457713145714422e+01 3.710933960899058359e+00 0.000000000000000000e+00
1.509803921568627499e-03 0.000000000000000000e+00 1.480195105567036817e+00 4.565463045540605485e-06 1.488867407055704861e+00 6.162457713145714422e+01 3.710933960899058359e+00 0.000000000000000000e+00
1.647058823529411620e-03 0.000000000000000000e+00 1.480195105567036817e+00 4.565463045540605485e-06 1.488867407055704861e+00 6.162457713145714422e+01 3.710933960899058359e+00 0.000000000000000000e+00
1.784313725490195958e-03 0.000000000000000000e+00 1.480195105567036817e+00 4.565463045540605485e-06 1.488867407055704861e+00 6.162457713145714422e+01 3.710933960899058359e+00 0.000000000000000000e+00
1.921568627450980296e-03 0.000000000000000000e+00 1.480194108925760199e+00 4.565379153014992086e-06 1.488867372402802536e+00 6.162390172510563957e+01 3.710934360079043426e+00 0.000000000000000000e+00
2.058823529411764851e-03 0.000000000000000000e+00 1.373948216581969195e+00 4.233032404764797251e-06 1.467922299021787724e+00 5.904881442871140251e+01 0.000000000000000000e+00 1.234392316705512016e+01
2.196078431372548972e-03 0.000000000000000000e+00 1.373948216581969195e+00 4.233032404764797251e-06 1.467922299021787724e+00 5.904881442871140251e+01 0.000000000000000000e+00 1.234392316705512016e+01
2.333333333333333093e-03 0.000000000000000000e+00 1.373948216581969195e+00 4.233032404764797251e-06 1.467922299021787724e+00 5.904881442871140251e+01 0.000000000000000000e+00 1.234392316705512016e+01
2.470588235294117647e-03 0.000000000000000000e+00 1.373948216581969195e+00 4.233032404764797251e-06 1.467922299021787724e+00 5.904881442871140251e+01 0.000000000000000000e+00 1.234392316705512016e+01
2.607843137254901768e-03 0.000000000000000000e+00 1.373948216581969195e+00 4.233032404764797251e-06 1.467922299021787724e+00 5.904881442871140251e+01 0.000000000000000000e+00 1.234392316705512016e+01
2.745098039215686323e-03 0.000000000000000000e+00 1.373948216581969195e+00 4.233032404764797251e-06 1.467922299021787724e+00 5.904881442871140251e+01 0.000000000000000000e+00 1.234392316705512016e+01
2.882352941176470444e-03 0.000000000000000000e+00 1.373948216581969195e+00 4.233032404764797251e-06 1.467922299021787724e+00 5.904881442871140251e+01 0.000000000000000000e+00 1.234392316705512016e+01
3.019607843137254999e-03 0.000000000000000000e+00 1.973621597092994007e+00 2.369166935863238518e-06 1.583697792174507013e+00 6.874382901682696456e+01 0.000000000000000000e+00 0.000000000000000000e+00
3.156862745098039120e-03 0.000000000000000000e+00 1.973621597092994007e+00 2.369166935863238518e-06 1.583697792174507013e+00 6.874382901682696456e+01 0.000000000000000000e+00 0.000000000000000000e+00
3.294117647058823241e-03 0.000000000000000000e+00 1.973621597092994007e+00 2.369166935863238518e-06 1.583697792174507013e+00 6.874382901682696456e+01 0.000000000000000000e+00 0.000000000000000000e+00
3.431372549019607796e-03 0.000000000000000000e+00 1.973621597092994007e+00 2.369166935863238518e-06 1.583697792174507013e+00 6.874382901682696456e+01 0.000000000000000000e+00 0.000000000000000000e+00
3.568627450980391917e-03 0.000000000000000000e+00 1.973621597092994007e+00 2.369166935863238518e-06 1.583697792174507013e+00 6.874382901682696456e+01 0.000000000000000000e+00 0.000000000000000000e+00
3.705882352941176471e-03 0.000000000000000000e+00 1.973621597092994007e+00 2.369166935863238518e-06 1.583697792174507013e+00 6.874382901682696456e+01 0.000000000000000000e+00 0.000000000000000000e+00
3.843137254901960592e-03 0.000000000000000000e+00 1.973621597092994007e+00 2.369166935863238518e-06 1.583697792174507013e+00 6.874382901682696456e+01 0.000000000000000000e+00 0.000000000000000000e+00
3.980392156862745147e-03 0.000000000000000000e+00 1.896279330420268971e+00 3.057407577147433712e-06 1.593644769203826472e+00 6.615272330932364753e+01 0.000000000000000000e+00 0.000000000000000000e+00
4.117647058823529702e-03 0.000000000000000000e+00 1.480195105567036817e+00 4.565463045540605485e-06 1.488867407055704861e+00 6.162457713145714422e+01 3.710933960899058359e+00 0.000000000000000000e+00
4.254901960784313389e-03 0.000000000000000000e+00 1.480195105567036817e+00 4.565463045540605485e-06 1.488867407055704861e+00 6.162457713145714422e+01 3.710933960899058359e+00 0.000000000000000000e+00
4.392156862745097944e-03 0.000000000000000000e+00 1.480195105567036817e+00 4.565463045540605485e-06 1.488867407055704861e+00 6.162457713145714422e+01 3.710933960899058359e+00 0.000000000000000000e+00
4.529411764705882498e-03 0.000000000000000000e+00 1.373948216581969195e+00 4.233032404764797251e-06 1.467922299021787724e+00 5.904881442871140251e+01 0.000000000000000000e+00 1.234392316705512016e+01
4.666666666666666186e-03 0.000000000000000000e+00 1.373948216581969195e+00 4.233032404764797251e-06 1.467922299021787724e+00 5.904881442871140251e+01 0.000000000000000000e+00 1.234392316705512016e+01
4.803921568627450740e-03 0.000000000000000000e+00 1.373948216581969195e+00 4.233032404764797251e-06 1.467922299021787724e+00 5.904881442871140251e+01 0.000000000000000000e+00 1.234392316705512016e+01
4.941176470588235295e-03 0.000000000000000000e+00 1.375229546213976972e+00 4.180399145659199580e-06 1.467847142470271704e+00 5.925669458727880112e+01 0.000000000000000000e+00 1.234358146063416228e+01
5.078431372549019850e-03 0.000000000000000000e+00 1.973621597092994007e+00 2.369166935863238518e-06 1.583697792174507013e+00 6.874382901682696456e+01 0.000000000000000000e+00 0.000000000000000000e+00
5.215686274509803537e-03 0.000000000000000000e+00 1.973621597092994007e+00 2.369166935863238518e-06 1.583697792174507013e+00 6.874382901682696456e+01 0.000000000000000000e+00 0.000000000000000000e+00
5.352941176470588092e-03 0.000000000000000000e+00 1.973621597092994007e+00 2.369166935863238518e-06 1.583697792174507013e+00 6.874382901682696456e+01 0.000000000000000000e+00 0.000000000000000000e+00
5.490196078431372646e-03 0.000000000000000000e+00 1.816937825889553659e+00 3.564956408473048433e-06 1.610130945225701105e+00 6.455381539861775764e+01 0.000000000000000000e+00 0.000000000000000000e+00
5.627450980392156334e-03 0.000000000000000000e+00 1.480195105567036817e+00 4.565463045540605485e-06 1.488867407055704861e+00 6.162457713145714422e+01 3.710933960899058359e+00 0.000000000000000000e+00
5.764705882352940888e-03 0.000000000000000000e+00 1.373948216581969195e+00 4.233032404764797251e-06 1.467922299021787724e+00 5.904881442871140251e+01 0.000000000000000000e+00 1.234392316705512016e+01
5.901960784313725443e-03 0.000000000000000000e+00 1.373948216581969195e+00 4.233032404764797251e-06 1.467922299021787724e+00 5.904881442871140251e+01 0.000000000000000000e+00 1.234392316705512016e+01
6.039215686274509998e-03 0.000000000000000000e+00 1.973621597092994007e+00 2.369166935863238518e-06 1.583697792174507013e+00 6.874382901682696456e+01 0.000000000000000000e+00 0.000000000000000000e+00
6.176470588235293685e-03 0.000000000000000000e+00 1.973621597092994007e+00 2.369166935863238518e-06 1.583697792174507013e+00 6.874382901682696456e+01 0.000000000000000000e+00 0.000000000000000000e+00
6.313725490196078240e-03 0.000000000000000000e+00 1.973621597092994007e+00 2.369166935863238518e-06 1.583697792174507013e+00 6.874382901682696456e+01 0.000000000000000000e+00 0.000000000000000000e+00
6.450980392156862794e-03 0.000000000000000000e+00 1.973621597092994007e+00 2.369166935863238518e-06 1.583697792174507013e+00 6.874382901682696456e+01 0.000000000000000000e+00 0.000000000000000000e+00
6.588235294117646482e-03 0.000000000000000000e+00 1.973621597092994007e+00 2.369166935863238518e-06 1.583697792174507013e+00 6.874382901682696456e+01 0.000000000000000000e+00 0.000000000000000000e+00
6.725490196078431036e-03 0.000000000000000000e+00 1.973621597092994007e+00 2.369166935863238518e-06 1.583697792174507013e+00 6.874382901682696456e+01 0.000000000000000000e+00 0.000000000000000000e+00
6.862745098039215591e-03 0.000000000000000000e+00 0.000000000000000000e+00 0.000000000000000000e+00 0.000000000000000000e+00 0.000000000000000000e+00 0.000000000000000000e+00 0.000000000000000000e+00
