0.000000000000000000e+00 1.000000000000000000e+00 6.000000000000000000e+00 7.000000000000000000e+00 8.000000000000000000e+00 1.400000000000000000e+01 2.600000000000000000e+01 2.800000000000000000e+01
0.000000000000000000e+00 0.000000000000000000e+00 2.517318562162296075e+03 2.383336400337756800e+02 3.906844300188670786e+03 3.193384259039337121e+04 0.000000000000000000e+00 0.000000000000000000e+00
1.372549019607843107e-04 0.000000000000000000e+00 2.517318562162296075e+03 2.383336400337756800e+02 3.906844300188670786e+03 3.193384259039337121e+04 0.000000000000000000e+00 0.000000000000000000e+00
2.745098039215686215e-04 0.000000000000000000e+00 2.517318562162296075e+03 2.383336400337756800e+02 3.906844300188670786e+03 3.193384259039337121e+04 0.000000000000000000e+00 0.000000000000000000e+00
4.117647058823529051e-04 0.000000000000000000e+00 2.517318562162296075e+03 2.383336400337756800e+02 3.906844300188670786e+03 3.193384259039337121e+04 0.000000000000000000e+00 0.000000000000000000e+00
5.490196078431372429e-04 0.000000000000000000e+00 2.517318562162296075e+03 2.383336400337756800e+02 3.906844300188670786e+03 3.193384259039337121e+04 0.000000000000000000e+00 0.000000000000000000e+00
6.862745098039215808e-04 0.000000000000000000e+00 2.517318562162296075e+03 2.383336400337756800e+02 3.906844300188670786e+03 3.193384259039337121e+04 0.000000000000000000e+00 0.000000000000000000e+00
8.235294117647058102e-04 0.000000000000000000e+00 2.517318562162296075e+03 2.383336400337756800e+02 3.906844300188670786e+03 3.193384259039337121e+04 0.000000000000000000e+00 0.000000000000000000e+00
9.607843137254901481e-04 0.000000000000000000e+00 2.517318562162296075e+03 2.383336400337756800e+02 3.906844300188670786e+03 3.193384259039337121e+04 0.000000000000000000e+00 0.000000000000000000e+00
1.098039215686274486e-03 0.000000000000000000e+00 2.046594372097445557e+03 2.211080804214625459e+02 3.474884898081577830e+03 2.962582468275311112e+04 5.234512215778087921e+03 0.000000000000000000e+00
1.235294117647058824e-03 0.000000000000000000e+00 2.046594372097445557e+03 2.211080804214625459e+02 3.474884898081577830e+03 2.962582468275311112e+04 5.234512215778087921e+03 0.000000000000000000e+00
1.372549019607843162e-03 0.000000000000000000e+00 2.046594372097445557e+03 2.211080804214625459e+02 3.474884898081577830e+03 2.962582468275311112e+04 5.234512215778087921e+03 0.000000000000000000e+00
1.509803921568627499e-03 0.000000000000000000e+00 2.046594372097445557e+03 2.211080804214625459e+02 3.474884898081577830e+03 2.962582468275311112e+04 5.234512215778087921e+03 0.000000000000000000e+00
1.647058823529411620e-03 0.000000000000000000e+00 2.046594372097445557e+03 2.211080804214625459e+02 3.474884898081577830e+03 2.962582468275311112e+04 5.234512215778087921e+03 0.000000000000000000e+00
1.784313725490195958e-03 0.000000000000000000e+00 2.046594372097445557e+03 2.211080804214625459e+02 3.474884898081577830e+03 2.962582468275311112e+04 5.234512215778087921e+03 0.000000000000000000e+00
1.921568627450980296e-03 0.000000000000000000e+00 2.046594372097445557e+03 2.211080804214625459e+02 3.474884898081577830e+03 2.962582468275311112e+04 5.234512215778087921e+03 0.000000000000000000e+00
2.058823529411764851e-03 0.000000000000000000e+00 1.952545215130284078e+03 2.146582276005904646e+02 3.394026142596224872e+03 2.876162194291434571e+04 0.000000000000000000e+00 1.124634405344113111e+04
2.196078431372548972e-03 0.000000000000000000e+00 1.952545215130284078e+03 2.146582276005904646e+02 3.394026142596224872e+03 2.876162194291434571e+04 0.000000000000000000e+00 1.124634405344113111e+04
2.333333333333333093e-03 0.000000000000000000e+00 1.952545215130284078e+03 2.146582276005904646e+02 3.394026142596224872e+03 2.876162194291434571e+04 0.000000000000000000e+00 1.124634405344113111e+04
2.470588235294117647e-03 0.000000000000000000e+00 1.952545215130284078e+03 2.146582276005904646e+02 3.394026142596224872e+03 2.876162194291434571e+04 0.000000000000000000e+00 1.124634405344113111e+04
2.607843137254901768e-03 0.000000000000000000e+00 1.952545215130284078e+03 2.146582276005904646e+02 3.394026142596224872e+03 2.876162194291434571e+04 0.000000000000000000e+00 1.124634405344113111e+04
2.745098039215686323e-03 0.000000000000000000e+00 1.952545215130284078e+03 2.146582276005904646e+02 3.394026142596224872e+03 2.876162194291434571e+04 0.000000000000000000e+00 1.124634405344113111e+04
2.882352941176470444e-03 0.000000000000000000e+00 1.952545215130284078e+03 2.146582276005904646e+02 3.394026142596224872e+03 2.876162194291434571e+04 0.000000000000000000e+00 1.124634405344113111e+04
3.019607843137254999e-03 0.000000000000000000e+00 2.517318562162296075e+03 2.383336400337756800e+02 3.906844300188670786e+03 3.193384259039337121e+04 0.000000000000000000e+00 0.000000000000000000e+00
3.156862745098039120e-03 0.000000000000000000e+00 2.517318562162296075e+03 2.383336400337756800e+02 3.906844300188670786e+03 3.193384259039337121e+04 0.000000000000000000e+00 0.000000000000000000e+00
3.294117647058823241e-03 0.000000000000000000e+00 2.517318562162296075e+03 2.383336400337756800e+02 3.906844300188670786e+03 3.193384259039337121e+04 0.000000000000000000e+00 0.000000000000000000e+00
3.431372549019607796e-03 0.000000000000000000e+00 2.517318562162296075e+03 2.383336400337756800e+02 3.906844300188670786e+03 3.193384259039337121e+04 0.000000000000000000e+00 0.000000000000000000e+00
3.568627450980391917e-03 0.000000000000000000e+00 2.517318562162296075e+03 2.383336400337756800e+02 3.906844300188670786e+03 3.193384259039337121e+04 0.000000000000000000e+00 0.000000000000000000e+00
3.705882352941176471e-03 0.000000000000000000e+00 2.517318562162296075e+03 2.383336400337756800e+02 3.906844300188670786e+03 3.193384259039337121e+04 0.000000000000000000e+00 0.000000000000000000e+00
3.843137254901960592e-03 0.000000000000000000e+00 2.517318562162296075e+03 2.383336400337756800e+02 3.906844300188670786e+03 3.193384259039337121e+04 0.000000000000000000e+00 0.000000000000000000e+00
3.980392156862745147e-03 0.000000000000000000e+00 2.517318562162296075e+03 2.383336400337756800e+02 3.906844300188670786e+03 3.193384259039337121e+04 0.000000000000000000e+00 0.000000000000000000e+00
4.117647058823529702e-03 0.000000000000000000e+00 2.046594372097445557e+03 2.211080804214625459e+02 3.474884898081577830e+03 2.962582468275311112e+04 5.234512215778087921e+03 0.000000000000000000e+00
4.254901960784313389e-03 0.000000000000000000e+00 2.046594372097445557e+03 2.211080804214625459e+02 3.474884898081577830e+03 2.962582468275311112e+04 5.234512215778087921e+03 0.000000000000000000e+00
4.392156862745097944e-03 0.000000000000000000e+00 2.046594372097445557e+03 2.211080804214625459e+02 3.474884898081577830e+03 2.962582468275311112e+04 5.234512215778087921e+03 0.000000000000000000e+00
4.529411764705882498e-03 0.000000000000000000e+00 1.952545215130284078e+03 2.146582276005904646e+02 3.394026142596224872e+03 2.876162194291434571e+04 0.000000000000000000e+00 1.124634405344113111e+04
4.666666666666666186e-03 0.000000000000000000e+00 1.952545215130284078e+03 2.146582276005904646e+02 3.394026142596224872e+03 2.876162194291434571e+04 0.000000000000000000e+00 1.124634405344113111e+04
4.803921568627450740e-03 0.000000000000000000e+00 1.952545215130284078e+03 2.146582276005904646e+02 3.394026142596224872e+03 2.876162194291434571e+04 0.000000000000000000e+00 1.124634405344113111e+04
4.941176470588235295e-03 0.000000000000000000e+00 1.952545215130284078e+03 2.146582276005904646e+02 3.394026142596224872e+03 2.876162194291434571e+04 0.000000000000000000e+00 1.124634405344113111e+04
5.078431372549019850e-03 0.000000000000000000e+00 2.517318562162296075e+03 2.383336400337756800e+02 3.906844300188670786e+03 3.193384259039337121e+04 0.000000000000000000e+00 0.000000000000000000e+00
5.215686274509803537e-03 0.000000000000000000e+00 2.517318562162296075e+03 2.383336400337756800e+02 3.906844300188670786e+03 3.193384259039337121e+04 0.000000000000000000e+00 0.000000000000000000e+00
5.352941176470588092e-03 0.000000000000000000e+00 2.517318562162296075e+03 2.383336400337756800e+02 3.906844300188670786e+03 3.193384259039337121e+04 0.000000000000000000e+00 0.000000000000000000e+00
5.490196078431372646e-03 0.000000000000000000e+00 2.517318562162296075e+03 2.383336400337756800e+02 3.906844300188670786e+03 3.193384259039337121e+04 0.000000000000000000e+00 0.000000000000000000e+00
5.627450980392156334e-03 0.000000000000000000e+00 2.046594372097445557e+03 2.211080804214625459e+02 3.474884898081577830e+03 2.962582468275311112e+04 5.234512215778087921e+03 0.000000000000000000e+00
5.764705882352940888e-03 0.000000000000000000e+00 1.952545215130284078e+03 2.146582276005904646e+02 3.394026142596224872e+03 2.876162194291434571e+04 0.000000000000000000e+00 1.124634405344113111e+04
5.901960784313725443e-03 0.000000000000000000e+00 1.952545215130284078e+03 2.146582276005904646e+02 3.394026142596224872e+03 2.876162194291434571e+04 0.000000000000000000e+00 1.124634405344113111e+04
6.039215686274509998e-03 0.000000000000000000e+00 2.517318562162296075e+03 2.383336400337756800e+02 3.906844300188670786e+03 3.193384259039337121e+04 0.000000000000000000e+00 0.000000000000000000e+00
6.176470588235293685e-03 0.000000000000000000e+00 2.517318562162296075e+03 2.383336400337756800e+02 3.906844300188670786e+03 3.193384259039337121e+04 0.000000000000000000e+00 0.000000000000000000e+00
6.313725490196078240e-03 0.000000000000000000e+00 2.517318562162296075e+03 2.383336400337756800e+02 3.906844300188670786e+03 3.193384259039337121e+04 0.000000000000000000e+00 0.000000000000000000e+00
6.450980392156862794e-03 0.000000000000000000e+00 2.517318562162296075e+03 2.383336400337756800e+02 3.906844300188670786e+03 3.193384259039337121e+04 0.000000000000000000e+00 0.000000000000000000e+00
6.588235294117646482e-03 0.000000000000000000e+00 2.517318562162296075e+03 2.383336400337756800e+02 3.906844300188670786e+03 3.193384259039337121e+04 0.000000000000000000e+00 0.000000000000000000e+00
6.725490196078431036e-03 0.000000000000000000e+00 2.517318562162296075e+03 2.383336400337756800e+02 3.906844300188670786e+03 3.193384259039337121e+04 0.000000000000000000e+00 0.000000000000000000e+00
6.862745098039215591e-03 0.000000000000000000e+00 0.000000000000000000e+00 0.000000000000000000e+00 0.000000000000000000e+00 0.000000000000000000e+00 0.000000000000000000e+00 0.000000000000000000e+00
