0.000000000000000000e+00 1.000000000000000000e+00 6.000000000000000000e+00 7.000000000000000000e+00 8.000000000000000000e+00 1.400000000000000000e+01 2.600000000000000000e+01 2.900000000000000000e+01
0.000000000000000000e+00 0.000000000000000000e+00 8.016043284949679446e+02 1.248296649727187013e-05 4.780911210887037441e+02 1.880316701966536493e+04 0.000000000000000000e+00 0.000000000000000000e+00
1.372549019607843107e-04 0.000000000000000000e+00 8.016043284949679446e+02 1.248296649727187013e-05 4.780911210887037441e+02 1.880316701966536493e+04 0.000000000000000000e+00 0.000000000000000000e+00
2.745098039215686215e-04 0.000000000000000000e+00 8.016043284949679446e+02 1.248296649727187013e-05 4.780911210887037441e+02 1.880316701966536493e+04 0.000000000000000000e+00 0.000000000000000000e+00
4.117647058823529051e-04 0.000000000000000000e+00 8.015569357361409857e+02 1.248414726332418626e-05 4.780912948363741179e+02 1.879409787466875423e+04 0.000000000000000000e+00 0.000000000000000000e+00
5.490196078431372429e-04 0.000000000000000000e+00 8.009667211561269369e+02 1.251958262557707797e-05 4.780954253017166025e+02 1.872886244576682293e+04 0.000000000000000000e+00 0.000000000000000000e+00
6.862745098039215808e-04 0.000000000000000000e+00 7.975501801430689284e+02 1.300481674463274563e-05 4.781528811327780772e+02 1.853782050516741947e+04 0.000000000000000000e+00 0.000000000000000000e+00
8.235294117647058102e-04 0.000000000000000000e+00 7.834694953583925781e+02 1.448072280688472427e-05 4.788499146288148722e+02 1.818553777268795602e+04 0.000000000000000000e+00 0.000000000000000000e+00
9.607843137254901481e-04 0.000000000000000000e+00 7.484854229874347311e+02 1.754871880608391136e-05 4.823683148351711907e+02 1.758970211408459363e+04 0.000000000000000000e+00 0.000000000000000000e+00
1.098039215686274486e-03 0.000000000000000000e+00 6.733802275421090826e+02 1.830043415991664728e-05 4.577280149837873751e+02 1.668943268067062672e+04 4.436669987239329203e+02 0.000000000000000000e+00
1.235294117647058824e-03 0.000000000000000000e+00 6.733802275421090826e+02 1.830043415991664728e-05 4.577280149837873751e+02 1.668943268067062672e+04 4.436669987239329203e+02 0.000000000000000000e+00
1.372549019607843162e-03 0.000000000000000000e+00 6.733764443720556301e+02 1.830042927478864976e-05 4.577280093599385964e+02 1.668776133360006861e+04 4.436672201035185594e+02 0.000000000000000000e+00
1.509803921568627499e-03 0.000000000000000000e+00 6.732848591046489446e+02 1.830020866845800197e-05 4.577278012784668135e+02 1.666522507468216645e+04 4.436736208741485257e+02 0.000000000000000000e+00
1.647058823529411620e-03 0.000000000000000000e+00 6.726293300249457161e+02 1.829647963087725009e-05 4.577247287464160763e+02 1.658738665274275627e+04 4.437343702796599132e+02 0.000000000000000000e+00
1.784313725490195958e-03 0.000000000000000000e+00 6.694627056829987168e+02 1.828120898299164790e-05 4.576886431296459250e+02 1.642562083630722918e+04 4.441464995520848333e+02 0.000000000000000000e+00
1.921568627450980296e-03 0.000000000000000000e+00 6.580153038881477414e+02 1.825254624186548860e-05 4.573844724268394657e+02 1.615744036036794205e+04 4.462589948023261854e+02 0.000000000000000000e+00
2.058823529411764851e-03 0.000000000000000000e+00 6.326819296240680615e+02 1.779744505642623462e-05 4.518471723830313067e+02 1.554622235855519284e+04 0.000000000000000000e+00 3.000754737304813261e+03
2.196078431372548972e-03 0.000000000000000000e+00 6.326819296240680615e+02 1.779744505642623462e-05 4.518471723830313067e+02 1.554622235855519284e+04 0.000000000000000000e+00 3.000754737304813261e+03
2.333333333333333093e-03 0.000000000000000000e+00 6.326829697648970523e+02 1.779737731159611343e-05 4.518471679197245408e+02 1.554699045788055082e+04 0.000000000000000000e+00 3.000754465693502880e+03
2.470588235294117647e-03 0.000000000000000000e+00 6.328066433916047799e+02 1.778895111735750368e-05 4.518465155503954520e+02 1.558138866981777755e+04 0.000000000000000000e+00 3.000725663440982771e+03
2.607843137254901768e-03 0.000000000000000000e+00 6.339397171235735868e+02 1.762424148115401831e-05 4.518353649140379957e+02 1.572949648817335037e+04 0.000000000000000000e+00 3.000497350462188479e+03
2.745098039215686323e-03 0.000000000000000000e+00 6.403841230107274214e+02 1.654830044412263930e-05 4.516982381551619028e+02 1.609086935141484355e+04 0.000000000000000000e+00 2.999388182933315875e+03
2.882352941176470444e-03 0.000000000000000000e+00 6.695446379300623221e+02 1.454142108411360920e-05 4.501364153735942750e+02 1.671870134849753595e+04 0.000000000000000000e+00 2.995202507532599611e+03
3.019607843137254999e-03 0.000000000000000000e+00 8.016043284949679446e+02 1.248296649727187013e-05 4.780911210887037441e+02 1.880316701966536493e+04 0.000000000000000000e+00 0.000000000000000000e+00
3.156862745098039120e-03 0.000000000000000000e+00 8.016043284949679446e+02 1.248296649727187013e-05 4.780911210887037441e+02 1.880316701966536493e+04 0.000000000000000000e+00 0.000000000000000000e+00
3.294117647058823241e-03 0.000000000000000000e+00 8.016043284949679446e+02 1.248296649727187013e-05 4.780911210887037441e+02 1.880316701966536493e+04 0.000000000000000000e+00 0.000000000000000000e+00
3.431372549019607796e-03 0.000000000000000000e+00 8.015291132142848483e+02 1.248506457879816354e-05 4.780914098457254795e+02 1.878953328400826649e+04 0.000000000000000000e+00 0.000000000000000000e+00
3.568627450980391917e-03 0.000000000000000000e+00 8.007493636100243748e+02 1.253890240021089061e-05 4.780974800468960098e+02 1.871122089215993401e+04 0.000000000000000000e+00 0.000000000000000000e+00
3.705882352941176471e-03 0.000000000000000000e+00 7.964956575607359355e+02 1.315248540649081204e-05 4.781791484776234711e+02 1.849750606569449883e+04 0.000000000000000000e+00 0.000000000000000000e+00
3.843137254901960592e-03 0.000000000000000000e+00 7.794925590000310649e+02 1.478917134511977589e-05 4.791690817873760011e+02 1.811919456405012170e+04 0.000000000000000000e+00 0.000000000000000000e+00
3.980392156862745147e-03 0.000000000000000000e+00 7.439355732025106818e+02 1.833598351446176297e-05 4.828110586541046700e+02 1.744312398922661669e+04 0.000000000000000000e+00 0.000000000000000000e+00
4.117647058823529702e-03 0.000000000000000000e+00 6.728795831467679136e+02 1.829819610833117321e-05 4.577261772153375432e+02 1.661110785085289172e+04 4.437091618605673489e+02 0.000000000000000000e+00
4.254901960784313389e-03 0.000000000000000000e+00 6.705738935670918863e+02 1.828543572504527664e-05 4.577053067462721287e+02 1.646763920194951061e+04 4.439851903993404107e+02 0.000000000000000000e+00
4.392156862745097944e-03 0.000000000000000000e+00 6.611682732644937914e+02 1.825925842237399382e-05 4.574795600745057982e+02 1.623545709116257785e+04 4.456390972377767525e+02 0.000000000000000000e+00
4.529411764705882498e-03 0.000000000000000000e+00 6.330551271077284810e+02 1.776426736981889622e-05 4.518446002706169793e+02 1.562498275403474872e+04 0.000000000000000000e+00 3.000672488017869910e+03
4.666666666666666186e-03 0.000000000000000000e+00 6.355608851585301409e+02 1.728909279799090002e-05 4.518097599762653545e+02 1.585615584083661452e+04 0.000000000000000000e+00 3.000199291745458595e+03
4.803921568627450740e-03 0.000000000000000000e+00 6.481054918922087609e+02 1.580610188568062498e-05 4.514003053244148873e+02 1.632031947379129451e+04 0.000000000000000000e+00 2.998200012008151134e+03
4.941176470588235295e-03 0.000000000000000000e+00 6.904551113445936608e+02 1.329537800362962049e-05 4.487182906504435209e+02 1.710587835446607278e+04 0.000000000000000000e+00 2.992144486409439196e+03
5.078431372549019850e-03 0.000000000000000000e+00 8.006205716394008505e+02 1.255248150834170742e-05 4.780987761200013324e+02 1.870098308277767501e+04 0.000000000000000000e+00 0.000000000000000000e+00
5.215686274509803537e-03 0.000000000000000000e+00 7.958346513088289385e+02 1.323388562051866408e-05 4.781955465247907000e+02 1.846222959722158703e+04 0.000000000000000000e+00 0.000000000000000000e+00
5.352941176470588092e-03 0.000000000000000000e+00 7.767497368910011346e+02 1.495324274313737602e-05 4.793698437436057702e+02 1.801514501174462566e+04 0.000000000000000000e+00 0.000000000000000000e+00
5.490196078431372646e-03 0.000000000000000000e+00 7.396200798719862632e+02 1.872840292794523482e-05 4.830320686951234848e+02 1.723713783155965939e+04 0.000000000000000000e+00 0.000000000000000000e+00
5.627450980392156334e-03 0.000000000000000000e+00 6.644633058383270736e+02 1.800026115705347221e-05 4.575078579608063478e+02 1.648841359203666434e+04 4.452336114365035655e+02 0.000000000000000000e+00
5.764705882352940888e-03 0.000000000000000000e+00 6.423991042627430943e+02 1.631839895272230048e-05 4.516343423850100862e+02 1.616207979323529253e+04 0.000000000000000000e+00 2.999068772004848597e+03
5.901960784313725443e-03 0.000000000000000000e+00 6.769216511106977805e+02 1.415816913325361350e-05 4.496403241809388192e+02 1.684171524361675620e+04 0.000000000000000000e+00 2.994221441622297789e+03
6.039215686274509998e-03 0.000000000000000000e+00 8.016043284949679446e+02 1.248296649727187013e-05 4.780911210887037441e+02 1.880316701966536493e+04 0.000000000000000000e+00 0.000000000000000000e+00
6.176470588235293685e-03 0.000000000000000000e+00 8.016043284949679446e+02 1.248296649727187013e-05 4.780911210887037441e+02 1.880316701966536493e+04 0.000000000000000000e+00 0.000000000000000000e+00
6.313725490196078240e-03 0.000000000000000000e+00 8.016043284949679446e+02 1.248296649727187013e-05 4.780911210887037441e+02 1.880316701966536493e+04 0.000000000000000000e+00 0.000000000000000000e+00
6.450980392156862794e-03 0.000000000000000000e+00 8.016043284949679446e+02 1.248296649727187013e-05 4.780911210887037441e+02 1.880316701966536493e+04 0.000000000000000000e+00 0.000000000000000000e+00
6.588235294117646482e-03 0.000000000000000000e+00 8.016043284949679446e+02 1.248296649727187352e-05 4.780911210887037441e+02 1.880316701966536493e+04 0.000000000000000000e+00 0.000000000000000000e+00
6.725490196078431036e-03 0.000000000000000000e+00 8.016043284949679446e+02 1.248296649727187860e-05 4.780911210887037441e+02 1.880316701966536493e+04 0.000000000000000000e+00 0.000000000000000000e+00
6.862745098039215591e-03 0.000000000000000000e+00 0.000000000000000000e+00 0.000000000000000000e+00 0.000000000000000000e+00 0.000000000000000000e+00 0.000000000000000000e+00 0.000000000000000000e+00
