0.000000000000000000e+00 1.000000000000000000e+00 6.000000000000000000e+00 7.000000000000000000e+00 8.000000000000000000e+00 1.400000000000000000e+01 2.600000000000000000e+01 2.900000000000000000e+01
0.000000000000000000e+00 0.000000000000000000e+00 8.016043284949679446e+02 1.248296649727187013e-05 4.780911210887037441e+02 1.880316701966536493e+04 0.000000000000000000e+00 0.000000000000000000e+00
1.372549019607843107e-04 0.000000000000000000e+00 8.016043284949679446e+02 1.248296649727188368e-05 4.780911210887037441e+02 1.880316701966536493e+04 0.000000000000000000e+00 0.000000000000000000e+00
2.745098039215686215e-04 0.000000000000000000e+00 8.016043284949679446e+02 1.248296649727188199e-05 4.780911210887037441e+02 1.880316701966536493e+04 0.000000000000000000e+00 0.000000000000000000e+00
4.117647058823529051e-04 0.000000000000000000e+00 8.016043284949679446e+02 1.248296649727187521e-05 4.780911210887037441e+02 1.880316701966536493e+04 0.000000000000000000e+00 0.000000000000000000e+00
5.490196078431372429e-04 0.000000000000000000e+00 8.016043284949679446e+02 1.248296649727187013e-05 4.780911210887037441e+02 1.880316701966536493e+04 0.000000000000000000e+00 0.000000000000000000e+00
6.862745098039215808e-04 0.000000000000000000e+00 8.016043284949679446e+02 1.248296649727187013e-05 4.780911210887037441e+02 1.880316701966536493e+04 0.000000000000000000e+00 0.000000000000000000e+00
8.235294117647058102e-04 0.000000000000000000e+00 8.016043284949679446e+02 1.248296649727187013e-05 4.780911210887037441e+02 1.880316701966536493e+04 0.000000000000000000e+00 0.000000000000000000e+00
9.607843137254901481e-04 0.000000000000000000e+00 8.016043284949679446e+02 1.248296649727187013e-05 4.780911210887037441e+02 1.880316701966536493e+04 0.000000000000000000e+00 0.000000000000000000e+00
1.098039215686274486e-03 0.000000000000000000e+00 7.065781628877725780e+02 1.452630290253595744e-05 4.551980599938641490e+02 1.754829023060936379e+04 4.411145693893575981e+02 0.000000000000000000e+00
1.235294117647058824e-03 0.000000000000000000e+00 6.809959667907215817e+02 1.676565881290913352e-05 4.574817126322317336e+02 1.710044660827814369e+04 4.432750168298559856e+02 0.000000000000000000e+00
1.372549019607843162e-03 0.000000000000000000e+00 6.747371520658407462e+02 1.803359308511517681e-05 4.577077614960417691e+02 1.683750793640669872e+04 4.436177808387345749e+02 0.000000000000000000e+00
1.509803921568627499e-03 0.000000000000000000e+00 6.735340622428350343e+02 1.828632174476609794e-05 4.577267798585997411e+02 1.672123141356848646e+04 4.436627945206483901e+02 0.000000000000000000e+00
1.647058823529411620e-03 0.000000000000000000e+00 6.733836548808856151e+02 1.830022235040541930e-05 4.577279944903833666e+02 1.669082127509905331e+04 4.436669156700638723e+02 0.000000000000000000e+00
1.784313725490195958e-03 0.000000000000000000e+00 6.733802275421090826e+02 1.830043415991664728e-05 4.577280149837873751e+02 1.668943268067062672e+04 4.436669987239329203e+02 0.000000000000000000e+00
1.921568627450980296e-03 0.000000000000000000e+00 6.733802275421090826e+02 1.830043415991664728e-05 4.577280149837873751e+02 1.668943268067062672e+04 4.436669987239329203e+02 0.000000000000000000e+00
2.058823529411764851e-03 0.000000000000000000e+00 6.491635502213606514e+02 1.785002981324612388e-05 4.522379274183534790e+02 1.611196351217151641e+04 0.000000000000000000e+00 2.849593777998410587e+03
2.196078431372548972e-03 0.000000000000000000e+00 6.371583840319050296e+02 1.781923590350990527e-05 4.519026382882807980e+02 1.582737578882928028e+04 0.000000000000000000e+00 2.954519673335106290e+03
2.333333333333333093e-03 0.000000000000000000e+00 6.335334519879525033e+02 1.780274437367647752e-05 4.518518028177545034e+02 1.565969800189913440e+04 0.000000000000000000e+00 2.990730847487790470e+03
2.470588235294117647e-03 0.000000000000000000e+00 6.327943161704087061e+02 1.779778577451737232e-05 4.518474893536582044e+02 1.557522593215640518e+04 0.000000000000000000e+00 2.999275867692860629e+03
2.607843137254901768e-03 0.000000000000000000e+00 6.326879604472953815e+02 1.779745463029026487e-05 4.518471833169133447e+02 1.554895340663230672e+04 0.000000000000000000e+00 3.000667962283331690e+03
2.745098039215686323e-03 0.000000000000000000e+00 6.326819296240680615e+02 1.779744505642623462e-05 4.518471723830313067e+02 1.554622235855519284e+04 0.000000000000000000e+00 3.000754737304813261e+03
2.882352941176470444e-03 0.000000000000000000e+00 6.326819296240680615e+02 1.779744505642623462e-05 4.518471723830313067e+02 1.554622235855519284e+04 0.000000000000000000e+00 3.000754737304813261e+03
3.019607843137254999e-03 0.000000000000000000e+00 7.211192283282842936e+02 1.826684028385490175e-05 4.822868435587664635e+02 1.671186311131172988e+04 0.000000000000000000e+00 0.000000000000000000e+00
3.156862745098039120e-03 0.000000000000000000e+00 7.705188495306371124e+02 1.476376010414685784e-05 4.790499457304459838e+02 1.773159791008100001e+04 0.000000000000000000e+00 0.000000000000000000e+00
3.294117647058823241e-03 0.000000000000000000e+00 7.943641746190915001e+02 1.314549359344517481e-05 4.781694413909356172e+02 1.832149614461429883e+04 0.000000000000000000e+00 0.000000000000000000e+00
3.431372549019607796e-03 0.000000000000000000e+00 8.003835432438419275e+02 1.253833151768578642e-05 4.780967812347398649e+02 1.865775743227085331e+04 0.000000000000000000e+00 0.000000000000000000e+00
3.568627450980391917e-03 0.000000000000000000e+00 8.014959851686846832e+02 1.248504347130047788e-05 4.780913782855910767e+02 1.878153693989085878e+04 0.000000000000000000e+00 0.000000000000000000e+00
3.705882352941176471e-03 0.000000000000000000e+00 8.016043284949679446e+02 1.248296649727187013e-05 4.780911210887037441e+02 1.880316701966536493e+04 0.000000000000000000e+00 0.000000000000000000e+00
3.843137254901960592e-03 0.000000000000000000e+00 8.016043284949679446e+02 1.248296649727187013e-05 4.780911210887037441e+02 1.880316701966536493e+04 0.000000000000000000e+00 0.000000000000000000e+00
3.980392156862745147e-03 0.000000000000000000e+00 8.016043284949679446e+02 1.248296649727187013e-05 4.780911210887037441e+02 1.880316701966536493e+04 0.000000000000000000e+00 0.000000000000000000e+00
4.117647058823529702e-03 0.000000000000000000e+00 7.011824300470169646e+02 1.492344989730819566e-05 4.557652690580208628e+02 1.746752972764730293e+04 4.416110352699810733e+02 0.000000000000000000e+00
4.254901960784313389e-03 0.000000000000000000e+00 6.794524596505048066e+02 1.700411743215891872e-05 4.575553834177262615e+02 1.705323884778442152e+04 4.433714576797318614e+02 0.000000000000000000e+00
4.392156862745097944e-03 0.000000000000000000e+00 6.744091902094759234e+02 1.812058420320826948e-05 4.577142146731945331e+02 1.681258796907894430e+04 4.436314089958941622e+02 0.000000000000000000e+00
4.529411764705882498e-03 0.000000000000000000e+00 6.516893449118288117e+02 1.785185101269890455e-05 4.523075763474654991e+02 1.623115289724187824e+04 0.000000000000000000e+00 2.828934339694882055e+03
4.666666666666666186e-03 0.000000000000000000e+00 6.389277904928975431e+02 1.782425501104355965e-05 4.519417305884043685e+02 1.587650137855540197e+04 0.000000000000000000e+00 2.938255694589447103e+03
4.803921568627450740e-03 0.000000000000000000e+00 6.339289975606537837e+02 1.780535649271582666e-05 4.518551296165355211e+02 1.568852986736209095e+04 0.000000000000000000e+00 2.986458021888369331e+03
4.941176470588235295e-03 0.000000000000000000e+00 6.328637795115437257e+02 1.779808956603732065e-05 4.518477537846088126e+02 1.558690014212471397e+04 0.000000000000000000e+00 2.998416055885326386e+03
5.078431372549019850e-03 0.000000000000000000e+00 7.405525736242406083e+02 1.635299953235420500e-05 4.810090520388304753e+02 1.724451252759587442e+04 0.000000000000000000e+00 0.000000000000000000e+00
5.215686274509803537e-03 0.000000000000000000e+00 7.846309971913635763e+02 1.392977081337679575e-05 4.784138234046912430e+02 1.801861497966111710e+04 0.000000000000000000e+00 0.000000000000000000e+00
5.352941176470588092e-03 0.000000000000000000e+00 7.980730336658623401e+02 1.276260065454008731e-05 4.781170203162590724e+02 1.849664202923779158e+04 0.000000000000000000e+00 0.000000000000000000e+00
5.490196078431372646e-03 0.000000000000000000e+00 8.011236354919955147e+02 1.249792457683146323e-05 4.780927490456546707e+02 1.872974845563608324e+04 0.000000000000000000e+00 0.000000000000000000e+00
5.627450980392156334e-03 0.000000000000000000e+00 6.985806880027589614e+02 1.510677936538441949e-05 4.560304507585340161e+02 1.742514720287517048e+04 4.418463102120456938e+02 0.000000000000000000e+00
5.764705882352940888e-03 0.000000000000000000e+00 6.579829308803122103e+02 1.671028527873640206e-05 4.522013424160294903e+02 1.659389803375511110e+04 0.000000000000000000e+00 2.836842283894926368e+03
5.901960784313725443e-03 0.000000000000000000e+00 6.408735756630694596e+02 1.768370936925071094e-05 4.519583120077981562e+02 1.601018653814166282e+04 0.000000000000000000e+00 2.931604788495124922e+03
6.039215686274509998e-03 0.000000000000000000e+00 7.292167670457218946e+02 1.749214930530994483e-05 4.819039860558234523e+02 1.710192532350968031e+04 0.000000000000000000e+00 0.000000000000000000e+00
6.176470588235293685e-03 0.000000000000000000e+00 7.763692818396943949e+02 1.445966769798842800e-05 4.787669323390817908e+02 1.788714088033916414e+04 0.000000000000000000e+00 0.000000000000000000e+00
6.313725490196078240e-03 0.000000000000000000e+00 7.958799154254169252e+02 1.299943033708665638e-05 4.781461135267330178e+02 1.839305373399874588e+04 0.000000000000000000e+00 0.000000000000000000e+00
6.450980392156862794e-03 0.000000000000000000e+00 8.006928475361916071e+02 1.251920960539421034e-05 4.780949526950827249e+02 1.868560262311113911e+04 0.000000000000000000e+00 0.000000000000000000e+00
6.588235294117646482e-03 0.000000000000000000e+00 8.015359427843222875e+02 1.248413541621617993e-05 4.780912758758242376e+02 1.878877239067555638e+04 0.000000000000000000e+00 0.000000000000000000e+00
6.725490196078431036e-03 0.000000000000000000e+00 8.016043284949679446e+02 1.248296649727187013e-05 4.780911210887037441e+02 1.880316701966536493e+04 0.000000000000000000e+00 0.000000000000000000e+00
6.862745098039215591e-03 0.000000000000000000e+00 0.000000000000000000e+00 0.000000000000000000e+00 0.000000000000000000e+00 0.000000000000000000e+00 0.000000000000000000e+00 0.000000000000000000e+00
