0.000000000000000000e+00 1.000000000000000000e+00 6.000000000000000000e+00 7.000000000000000000e+00 8.000000000000000000e+00 1.400000000000000000e+01 2.600000000000000000e+01 2.900000000000000000e+01
0.000000000000000000e+00 0.000000000000000000e+00 8.446651480667711667e+02 5.407322256191485772e-12 4.780361556788260486e+02 9.525502750961031779e+03 0.000000000000000000e+00 0.000000000000000000e+00
1.386138613861386286e-04 0.000000000000000000e+00 8.446651480667711667e+02 5.407322256191484964e-12 4.780361556788260486e+02 9.525502750961031779e+03 0.000000000000000000e+00 0.000000000000000000e+00
2.772277227722772571e-04 0.000000000000000000e+00 8.446651480667711667e+02 5.407322256191484964e-12 4.780361556788260486e+02 9.525502750961029960e+03 0.000000000000000000e+00 0.000000000000000000e+00
4.158415841584158857e-04 0.000000000000000000e+00 8.446651480667711667e+02 5.407322256191484964e-12 4.780361556788260486e+02 9.525502750961031779e+03 0.000000000000000000e+00 0.000000000000000000e+00
5.544554455445545142e-04 0.000000000000000000e+00 8.446651480667711667e+02 5.407322256191487388e-12 4.780361556788260486e+02 9.525502750961029960e+03 0.000000000000000000e+00 0.000000000000000000e+00
6.930693069306931428e-04 0.000000000000000000e+00 8.446651480667711667e+02 5.407322256191486580e-12 4.780361556788260486e+02 9.525502750961031779e+03 0.000000000000000000e+00 0.000000000000000000e+00
8.316831683168317713e-04 0.000000000000000000e+00 8.446651480667711667e+02 5.407322256191485772e-12 4.780361556788260486e+02 9.525502750961031779e+03 0.000000000000000000e+00 0.000000000000000000e+00
9.702970297029703999e-04 0.000000000000000000e+00 8.446651480667711667e+02 5.407322256191485772e-12 4.780361556788260486e+02 9.525502750961031779e+03 0.000000000000000000e+00 0.000000000000000000e+00
1.108910891089109028e-03 0.000000000000000000e+00 8.446651480667711667e+02 5.407322256191485772e-12 4.780361556788260486e+02 9.525502750961031779e+03 0.000000000000000000e+00 0.000000000000000000e+00
1.247524752475247765e-03 0.000000000000000000e+00 8.446651480667711667e+02 5.407322256191485772e-12 4.780361556788260486e+02 9.525502750961031779e+03 0.000000000000000000e+00 0.000000000000000000e+00
1.386138613861386286e-03 0.000000000000000000e+00 8.446651480667711667e+02 5.407322256191485772e-12 4.780361556788260486e+02 9.525502750961031779e+03 0.000000000000000000e+00 0.000000000000000000e+00
1.524752475247524806e-03 0.000000000000000000e+00 8.446651480667711667e+02 5.407322256191485772e-12 4.780361556788260486e+02 9.525502750961031779e+03 0.000000000000000000e+00 0.000000000000000000e+00
1.663366336633663543e-03 0.000000000000000000e+00 8.446651480667711667e+02 5.407322256191485772e-12 4.780361556788260486e+02 9.525502750961031779e+03 0.000000000000000000e+00 0.000000000000000000e+00
1.801980198019802280e-03 0.000000000000000000e+00 8.446651480667711667e+02 5.407322256191485772e-12 4.780361556788260486e+02 9.525502750961031779e+03 0.000000000000000000e+00 0.000000000000000000e+00
1.940594059405940800e-03 0.000000000000000000e+00 8.446651480667711667e+02 5.407322256191485772e-12 4.780361556788260486e+02 9.525502750961031779e+03 0.000000000000000000e+00 0.000000000000000000e+00
2.079207920792079320e-03 0.000000000000000000e+00 6.656487449369383285e+02 7.498833413527167497e-12 4.389744487687115111e+02 7.782341112353979952e+03 8.454326341163115330e+02 0.000000000000000000e+00
2.217821782178218057e-03 0.000000000000000000e+00 6.113648476568555452e+02 1.208391906964995245e-11 4.445257432636940962e+02 7.243833097232303771e+03 8.551958490916368874e+02 0.000000000000000000e+00
2.356435643564356794e-03 0.000000000000000000e+00 5.957424540607692052e+02 1.613636640027994710e-11 4.452096677772165094e+02 6.867336804926471814e+03 8.571522477241827573e+02 0.000000000000000000e+00
2.495049504950495531e-03 0.000000000000000000e+00 5.913060374458569868e+02 1.970139786554476381e-11 4.452791836187221293e+02 6.585990610658706828e+03 8.575198488819543172e+02 0.000000000000000000e+00
2.633663366336633834e-03 0.000000000000000000e+00 5.899959315033336225e+02 2.269946264120845122e-11 4.452869372329330417e+02 6.375168987559142806e+03 8.575943921188662671e+02 0.000000000000000000e+00
2.772277227722772571e-03 0.000000000000000000e+00 5.896144147920363139e+02 2.460779230234768541e-11 4.452878478050473632e+02 6.225815550612082006e+03 8.576099102794801183e+02 0.000000000000000000e+00
2.910891089108911308e-03 0.000000000000000000e+00 5.895097814625730734e+02 2.496282323199432008e-11 4.452879561675517266e+02 6.135636135974493300e+03 8.576130614419291760e+02 0.000000000000000000e+00
3.049504950495049611e-03 0.000000000000000000e+00 5.894833103754187960e+02 2.499689221687958994e-11 4.452879689133699230e+02 6.086904264768055327e+03 8.576136714103224676e+02 0.000000000000000000e+00
3.188118811881188348e-03 0.000000000000000000e+00 5.894776129596560850e+02 2.499975586784187598e-11 4.452879702935227328e+02 6.064475599201247860e+03 8.576137759355548269e+02 0.000000000000000000e+00
3.326732673267327085e-03 0.000000000000000000e+00 5.894767810060271813e+02 2.499995619526276719e-11 4.452879704073197900e+02 6.057359630946575635e+03 8.576137887452925952e+02 0.000000000000000000e+00
3.465346534653465822e-03 0.000000000000000000e+00 5.894767497306389714e+02 2.499996147625462506e-11 4.452879704105858991e+02 6.056844417679321850e+03 8.576137892066353743e+02 0.000000000000000000e+00
3.603960396039604559e-03 0.000000000000000000e+00 5.894767497306389714e+02 2.499996147625462506e-11 4.452879704105858991e+02 6.056844417679321850e+03 8.576137892066353743e+02 0.000000000000000000e+00
3.742574257425742863e-03 0.000000000000000000e+00 5.894767497306389714e+02 2.499996147625462506e-11 4.452879704105858991e+02 6.056844417679321850e+03 8.576137892066353743e+02 0.000000000000000000e+00
3.881188118811881600e-03 0.000000000000000000e+00 5.894767497306389714e+02 2.499996147625462506e-11 4.452879704105858991e+02 6.056844417679321850e+03 8.576137892066353743e+02 0.000000000000000000e+00
4.019801980198019903e-03 0.000000000000000000e+00 5.559414636370244125e+02 2.284831777309757471e-11 4.352584494556021468e+02 5.507233607782787658e+03 0.000000000000000000e+00 5.158837767950570196e+03
4.158415841584158640e-03 0.000000000000000000e+00 5.368107215743923462e+02 2.263742272339985449e-11 4.345045403865076423e+02 5.238492967009059612e+03 0.000000000000000000e+00 5.573610340965519754e+03
4.297029702970297377e-03 0.000000000000000000e+00 5.286796057792480497e+02 2.250230659006659171e-11 4.342972484815995244e+02 5.059451492489164593e+03 0.000000000000000000e+00 5.791490886740140922e+03
4.435643564356436114e-03 0.000000000000000000e+00 5.266770439641975372e+02 2.240431485929976166e-11 4.342779193311379800e+02 4.925972290594701917e+03 0.000000000000000000e+00 5.868124147288751374e+03
4.574257425742574851e-03 0.000000000000000000e+00 5.261428583183551382e+02 2.233390556810162910e-11 4.342758828149849819e+02 4.824359337302678796e+03 0.000000000000000000e+00 5.896819868234273599e+03
4.712871287128713588e-03 0.000000000000000000e+00 5.259974317585754306e+02 2.228880314232752208e-11 4.342756532050174769e+02 4.749030722331100151e+03 0.000000000000000000e+00 5.907560750190446925e+03
4.851485148514852325e-03 0.000000000000000000e+00 5.259590147381259158e+02 2.227440388527822752e-11 4.342756264350763331e+02 4.699786613711744394e+03 0.000000000000000000e+00 5.911353524475166523e+03
4.990099009900991062e-03 0.000000000000000000e+00 5.259494972053988704e+02 2.227292406313637846e-11 4.342756233302546320e+02 4.672114442612381026e+03 0.000000000000000000e+00 5.912583641258578609e+03
5.128712871287128931e-03 0.000000000000000000e+00 5.259473691168649339e+02 2.227279369617544781e-11 4.342756229836271018e+02 4.658283113248830887e+03 0.000000000000000000e+00 5.912938927238316865e+03
5.267326732673267668e-03 0.000000000000000000e+00 5.259469986000170820e+02 2.227278366219314672e-11 4.342756229508790398e+02 4.652875034714278627e+03 0.000000000000000000e+00 5.913017475042765909e+03
5.405940594059406405e-03 0.000000000000000000e+00 5.259469654377603547e+02 2.227278316922250466e-11 4.342756229490342434e+02 4.651905044814672692e+03 0.000000000000000000e+00 5.913026089750008396e+03
5.544554455445545142e-03 0.000000000000000000e+00 5.259469654377603547e+02 2.227278316922250466e-11 4.342756229490342434e+02 4.651905044814672692e+03 0.000000000000000000e+00 5.913026089750008396e+03
5.683168316831683879e-03 0.000000000000000000e+00 5.259469654377603547e+02 2.227278316922250466e-11 4.342756229490342434e+02 4.651905044814672692e+03 0.000000000000000000e+00 5.913026089750008396e+03
5.821782178217822616e-03 0.000000000000000000e+00 5.259469654377603547e+02 2.227278316922250466e-11 4.342756229490342434e+02 4.651905044814672692e+03 0.000000000000000000e+00 5.913026089750008396e+03
5.960396039603961353e-03 0.000000000000000000e+00 5.259469654377603547e+02 2.227278316922250466e-11 4.342756229490342434e+02 4.651905044814672692e+03 0.000000000000000000e+00 5.913026089750008396e+03
6.099009900990099223e-03 0.000000000000000000e+00 7.279841218066954980e+02 1.920092644190080868e-11 4.830595280610663735e+02 6.599366360776481997e+03 0.000000000000000000e+00 0.000000000000000000e+00
6.237623762376237960e-03 0.000000000000000000e+00 8.034858447536530548e+02 1.273247191731702416e-11 4.785129358209347288e+02 7.380812644829595229e+03 0.000000000000000000e+00 0.000000000000000000e+00
6.376237623762376697e-03 0.000000000000000000e+00 8.296240044496422570e+02 9.177983236331917867e-12 4.780817234351629850e+02 7.991103225692365413e+03 0.000000000000000000e+00 0.000000000000000000e+00
6.514851485148515434e-03 0.000000000000000000e+00 8.391808474626883481e+02 7.109949742528858934e-12 4.780408800417717430e+02 8.486334863871694324e+03 0.000000000000000000e+00 0.000000000000000000e+00
6.653465346534654171e-03 0.000000000000000000e+00 8.427650821790354030e+02 5.951975721350063331e-12 4.780366669869346765e+02 8.883876993083880734e+03 0.000000000000000000e+00 0.000000000000000000e+00
6.792079207920792908e-03 0.000000000000000000e+00 8.440623996421751372e+02 5.473505725326387502e-12 4.780362112909411962e+02 9.178817097249740982e+03 0.000000000000000000e+00 0.000000000000000000e+00
6.930693069306931645e-03 0.000000000000000000e+00 8.444946747608212263e+02 5.412741413690393907e-12 4.780361615666697617e+02 9.361610204721197078e+03 0.000000000000000000e+00 0.000000000000000000e+00
7.069306930693070382e-03 0.000000000000000000e+00 8.446262649363860646e+02 5.407700369862674732e-12 4.780361562343942978e+02 9.463373752607945789e+03 0.000000000000000000e+00 0.000000000000000000e+00
7.207920792079209119e-03 0.000000000000000000e+00 8.446595856610260853e+02 5.407342797062329306e-12 4.780361557158845471e+02 9.510725695169110622e+03 0.000000000000000000e+00 0.000000000000000000e+00
7.346534653465346988e-03 0.000000000000000000e+00 8.446650186901123334e+02 5.407322556164728591e-12 4.780361556793808973e+02 9.524863678491146857e+03 0.000000000000000000e+00 0.000000000000000000e+00
7.485148514851485725e-03 0.000000000000000000e+00 8.446651480667711667e+02 5.407322256191485772e-12 4.780361556788260486e+02 9.525502750961031779e+03 0.000000000000000000e+00 0.000000000000000000e+00
7.623762376237624462e-03 0.000000000000000000e+00 8.446651480667711667e+02 5.407322256191485772e-12 4.780361556788260486e+02 9.525502750961031779e+03 0.000000000000000000e+00 0.000000000000000000e+00
7.762376237623763199e-03 0.000000000000000000e+00 8.446651480667711667e+02 5.407322256191485772e-12 4.780361556788260486e+02 9.525502750961031779e+03 0.000000000000000000e+00 0.000000000000000000e+00
7.900990099009901069e-03 0.000000000000000000e+00 8.446651480667711667e+02 5.407322256191485772e-12 4.780361556788260486e+02 9.525502750961031779e+03 0.000000000000000000e+00 0.000000000000000000e+00
8.039603960396039806e-03 0.000000000000000000e+00 6.826242939103478875e+02 5.707665523967405051e-12 4.370900542901574681e+02 7.996721784641918020e+03 8.422880497536723396e+02 0.000000000000000000e+00
8.178217821782178543e-03 0.000000000000000000e+00 6.213222873560530388e+02 1.081991024295897827e-11 4.437531841274178532e+02 7.376379633970712348e+03 8.535959712701279614e+02 0.000000000000000000e+00
8.316831683168317280e-03 0.000000000000000000e+00 5.984191787767077813e+02 1.502394350122817772e-11 4.451370095999924956e+02 6.963884927329879247e+03 8.568736803797752373e+02 0.000000000000000000e+00
8.455445544554456017e-03 0.000000000000000000e+00 5.920847816135334369e+02 1.872716196547590733e-11 4.452714221284972496e+02 6.658655294173170660e+03 8.574653778850603203e+02 0.000000000000000000e+00
8.594059405940594754e-03 0.000000000000000000e+00 5.902261882295109672e+02 2.191504353473740650e-11 4.452860458589712493e+02 6.429106553521847673e+03 8.575831399263132653e+02 0.000000000000000000e+00
8.732673267326733491e-03 0.000000000000000000e+00 5.896800309455918523e+02 2.425724587010663810e-11 4.452877418047678475e+02 6.262130906200791287e+03 8.576075790349792669e+02 0.000000000000000000e+00
8.871287128712872228e-03 0.000000000000000000e+00 5.895272692089004067e+02 2.492563931717039988e-11 4.452879435474093839e+02 6.156337430384041909e+03 8.576125951344623672e+02 0.000000000000000000e+00
9.009900990099010964e-03 0.000000000000000000e+00 5.570489038288286565e+02 2.286057915587692017e-11 4.353081124516378964e+02 5.566887748775951877e+03 0.000000000000000000e+00 5.137640642520248548e+03
9.148514851485149701e-03 0.000000000000000000e+00 5.379784030964764270e+02 2.264882592410983795e-11 4.345460965171395173e+02 5.264424408191300245e+03 0.000000000000000000e+00 5.546785799142759970e+03
9.287128712871288438e-03 0.000000000000000000e+00 5.289522689031549589e+02 2.251064527835024961e-11 4.343009361020059487e+02 5.071753390950973881e+03 0.000000000000000000e+00 5.782509786584538233e+03
9.425742574257427175e-03 0.000000000000000000e+00 5.267480889371934154e+02 2.241028382713946216e-11 4.342782948625284689e+02 4.934330810634296540e+03 0.000000000000000000e+00 5.864818048421389904e+03
9.564356435643565912e-03 0.000000000000000000e+00 5.261621811813799923e+02 2.233809273550758863e-11 4.342759243238866702e+02 4.830693144770723848e+03 0.000000000000000000e+00 5.895570491556448360e+03
9.702970297029704649e-03 0.000000000000000000e+00 5.260026219143005619e+02 2.229103500933595888e-11 4.342756580186465953e+02 4.753560037931234547e+03 0.000000000000000000e+00 5.907106366396600606e+03
9.841584158415843386e-03 0.000000000000000000e+00 5.259603605595240197e+02 2.227471882955017551e-11 4.342756270111795516e+02 4.702500254951846728e+03 0.000000000000000000e+00 5.911198083810175376e+03
9.980198019801982123e-03 0.000000000000000000e+00 5.259498085786291313e+02 2.227295169632189829e-11 4.342756233936493118e+02 4.673553711185240900e+03 0.000000000000000000e+00 5.912536746874019627e+03
1.011881188118811913e-02 0.000000000000000000e+00 7.427654921404144943e+02 1.799674807887685026e-11 4.818984362007434470e+02 6.737690928676635849e+03 0.000000000000000000e+00 0.000000000000000000e+00
1.025742574257425786e-02 0.000000000000000000e+00 8.090399880446309453e+02 1.210180075102994934e-11 4.783735521167939737e+02 7.478190817577971757e+03 0.000000000000000000e+00 0.000000000000000000e+00
1.039603960396039660e-02 0.000000000000000000e+00 8.316150443959375025e+02 8.811820819038228193e-12 4.780689055985324671e+02 8.068165004384791246e+03 0.000000000000000000e+00 0.000000000000000000e+00
1.053465346534653534e-02 0.000000000000000000e+00 8.399302068150934701e+02 6.895647617568361231e-12 4.780395773828028041e+02 8.549015208744427582e+03 0.000000000000000000e+00 0.000000000000000000e+00
1.067326732673267407e-02 0.000000000000000000e+00 8.430426380878631107e+02 5.842870510530162283e-12 4.780365270748516764e+02 8.932628838726841423e+03 0.000000000000000000e+00 0.000000000000000000e+00
1.081188118811881281e-02 0.000000000000000000e+00 8.441575105726964239e+02 5.454319380263022445e-12 4.780361960298458257e+02 9.210979185494332341e+03 0.000000000000000000e+00 0.000000000000000000e+00
1.095049504950495155e-02 0.000000000000000000e+00 8.445246040476419012e+02 5.411013131936049760e-12 4.780361599145828677e+02 9.380563775095635719e+03 0.000000000000000000e+00 0.000000000000000000e+00
1.108910891089109028e-02 0.000000000000000000e+00 6.606787578347026511e+02 7.838364457510294161e-12 4.395397141294604921e+02 7.688723133845918710e+03 8.463616885860895991e+02 0.000000000000000000e+00
1.122772277227722902e-02 0.000000000000000000e+00 6.094300071365514668e+02 1.240510129785682680e-11 4.446494408264587719e+02 7.203485854517523876e+03 8.554818115043292437e+02 0.000000000000000000e+00
1.136633663366336776e-02 0.000000000000000000e+00 5.952096357046248158e+02 1.640631365693738071e-11 4.452216626657128700e+02 6.844277484117769745e+03 8.572036835354479081e+02 0.000000000000000000e+00
1.150495049504950650e-02 0.000000000000000000e+00 5.586358137580822358e+02 1.824093037679899638e-11 4.353057651165726725e+02 6.007085990450692407e+03 0.000000000000000000e+00 5.150049756653832446e+03
1.164356435643564523e-02 0.000000000000000000e+00 5.390197224219896270e+02 2.072277356672962509e-11 4.345686224199478715e+02 5.534183525257329165e+03 0.000000000000000000e+00 5.536919069954169572e+03
1.178217821782178397e-02 0.000000000000000000e+00 5.291965248103681461e+02 2.221407191545503122e-11 4.343028857855914566e+02 5.216257206418713395e+03 0.000000000000000000e+00 5.779226636941237302e+03
1.192079207920792271e-02 0.000000000000000000e+00 5.268075599975189789e+02 2.238536386748732239e-11 4.342784944771232745e+02 5.001877312105385499e+03 0.000000000000000000e+00 5.863494820087260450e+03
1.205940594059406144e-02 0.000000000000000000e+00 7.009360902207795334e+02 2.222598250411168663e-11 4.852450706312612851e+02 6.569378568371995243e+03 0.000000000000000000e+00 0.000000000000000000e+00
1.219801980198019845e-02 0.000000000000000000e+00 7.892140121445313525e+02 1.420174003121562621e-11 4.790279014886676237e+02 7.328904870841322008e+03 0.000000000000000000e+00 0.000000000000000000e+00
1.233663366336633718e-02 0.000000000000000000e+00 8.246287746294261751e+02 1.000931276071610571e-11 4.781268022251634306e+02 7.906124065223619255e+03 0.000000000000000000e+00 0.000000000000000000e+00
1.247524752475247592e-02 0.000000000000000000e+00 8.373210576299778722e+02 7.589818860229720227e-12 4.780453338577394788e+02 8.389843749707602910e+03 0.000000000000000000e+00 0.000000000000000000e+00
1.261386138613861466e-02 0.000000000000000000e+00 8.420705770843686651e+02 6.208381979444546622e-12 4.780371375068360180e+02 8.792133378421933230e+03 0.000000000000000000e+00 0.000000000000000000e+00
1.275247524752475339e-02 0.000000000000000000e+00 8.438190891381831307e+02 5.540269384821808320e-12 4.780362627436421690e+02 9.108977088959747562e+03 0.000000000000000000e+00 0.000000000000000000e+00
1.289108910891089213e-02 0.000000000000000000e+00 8.444156852245820346e+02 5.418478126530983156e-12 4.780361672012753615e+02 9.319203123963961843e+03 0.000000000000000000e+00 0.000000000000000000e+00
1.302970297029703087e-02 0.000000000000000000e+00 8.446036414129658851e+02 5.408146703748273875e-12 4.780361568173752289e+02 9.440829573751623684e+03 0.000000000000000000e+00 0.000000000000000000e+00
1.316831683168316960e-02 0.000000000000000000e+00 8.446545195403530215e+02 5.407371667233816473e-12 4.780361557682252851e+02 9.501470527937299266e+03 0.000000000000000000e+00 0.000000000000000000e+00
1.330693069306930834e-02 0.000000000000000000e+00 8.446644756252599109e+02 5.407323703886489671e-12 4.780361556819938755e+02 9.523116953782240671e+03 0.000000000000000000e+00 0.000000000000000000e+00
1.344554455445544708e-02 0.000000000000000000e+00 8.446651480667711667e+02 5.407322256191485772e-12 4.780361556788260486e+02 9.525502750961031779e+03 0.000000000000000000e+00 0.000000000000000000e+00
1.358415841584158582e-02 0.000000000000000000e+00 8.446651480667711667e+02 5.407322256191485772e-12 4.780361556788260486e+02 9.525502750961031779e+03 0.000000000000000000e+00 0.000000000000000000e+00
1.372277227722772455e-02 0.000000000000000000e+00 8.446651480667711667e+02 5.407322256191485772e-12 4.780361556788260486e+02 9.525502750961031779e+03 0.000000000000000000e+00 0.000000000000000000e+00
1.386138613861386329e-02 0.000000000000000000e+00 0.000000000000000000e+00 0.000000000000000000e+00 0.000000000000000000e+00 0.000000000000000000e+00 0.000000000000000000e+00 0.000000000000000000e+00
