0.000000000000000000e+00 1.000000000000000000e+00 6.000000000000000000e+00 7.000000000000000000e+00 8.000000000000000000e+00 1.400000000000000000e+01 2.600000000000000000e+01 2.900000000000000000e+01
0.000000000000000000e+00 0.000000000000000000e+00 8.446471695902951069e+02 5.407322256191482541e-12 4.780438357673608607e+02 9.525502750961019046e+03 0.000000000000000000e+00 0.000000000000000000e+00
1.386138613861386286e-04 0.000000000000000000e+00 8.446471695902951069e+02 5.407322256191482541e-12 4.780438357673608607e+02 9.525502750961019046e+03 0.000000000000000000e+00 0.000000000000000000e+00
2.772277227722772571e-04 0.000000000000000000e+00 8.446471695902951069e+02 5.407322256191482541e-12 4.780438357673608607e+02 9.525502750961019046e+03 0.000000000000000000e+00 0.000000000000000000e+00
4.158415841584158857e-04 0.000000000000000000e+00 8.446471695902951069e+02 5.407322256191482541e-12 4.780438357673608607e+02 9.525502750961019046e+03 0.000000000000000000e+00 0.000000000000000000e+00
5.544554455445545142e-04 0.000000000000000000e+00 8.446471695902951069e+02 5.407322256191482541e-12 4.780438357673608607e+02 9.525502750961019046e+03 0.000000000000000000e+00 0.000000000000000000e+00
6.930693069306931428e-04 0.000000000000000000e+00 8.446469741549179844e+02 5.407328798910082769e-12 4.780438357683435129e+02 9.520918473084360812e+03 0.000000000000000000e+00 0.000000000000000000e+00
8.316831683168317713e-04 0.000000000000000000e+00 8.446425326195403613e+02 5.407455698458281957e-12 4.780438358122616478e+02 9.499985189614011688e+03 0.000000000000000000e+00 0.000000000000000000e+00
9.702970297029703999e-04 0.000000000000000000e+00 8.446159700431207966e+02 5.409167884430771030e-12 4.780438364286239903e+02 9.450832312880918835e+03 0.000000000000000000e+00 0.000000000000000000e+00
1.108910891089109028e-03 0.000000000000000000e+00 8.445102002309764657e+02 5.429272022277300183e-12 4.780438428767932351e+02 9.358438934310081095e+03 0.000000000000000000e+00 0.000000000000000000e+00
1.247524752475247765e-03 0.000000000000000000e+00 8.441578394956580951e+02 5.638211378200447467e-12 4.780439040324552025e+02 9.202904158190482121e+03 0.000000000000000000e+00 0.000000000000000000e+00
1.386138613861386286e-03 0.000000000000000000e+00 8.430874309591708879e+02 6.453498734506316228e-12 4.780444740851614824e+02 8.974524354975854294e+03 0.000000000000000000e+00 0.000000000000000000e+00
1.524752475247524806e-03 0.000000000000000000e+00 8.400999588013438597e+02 8.025478207198208913e-12 4.780498682087611542e+02 8.680823561599427194e+03 0.000000000000000000e+00 0.000000000000000000e+00
1.663366336633663543e-03 0.000000000000000000e+00 8.319993763095044415e+02 1.072889727488498524e-11 4.781038208107611922e+02 8.316159928039003717e+03 0.000000000000000000e+00 0.000000000000000000e+00
1.801980198019802280e-03 0.000000000000000000e+00 8.092393746709875586e+02 1.538069926815430179e-11 4.787019348293272287e+02 7.859689845956364479e+03 0.000000000000000000e+00 0.000000000000000000e+00
1.940594059405940800e-03 0.000000000000000000e+00 7.350216696130829632e+02 2.425391315011664115e-11 4.870546632234861590e+02 7.240019709347344360e+03 0.000000000000000000e+00 0.000000000000000000e+00
2.079207920792079320e-03 0.000000000000000000e+00 5.894677220729654437e+02 2.499996147625463475e-11 4.452944684300242102e+02 6.056844417679328217e+03 8.576157230406115559e+02 0.000000000000000000e+00
2.217821782178218057e-03 0.000000000000000000e+00 5.894677220729654437e+02 2.499996147625463475e-11 4.452944684300242102e+02 6.056844417679328217e+03 8.576157230406115559e+02 0.000000000000000000e+00
2.356435643564356794e-03 0.000000000000000000e+00 5.894677220729654437e+02 2.499996147625463475e-11 4.452944684300242102e+02 6.056844417679328217e+03 8.576157230406115559e+02 0.000000000000000000e+00
2.495049504950495531e-03 0.000000000000000000e+00 5.894677220729654437e+02 2.499996147625463475e-11 4.452944684300242102e+02 6.056844417679328217e+03 8.576157230406115559e+02 0.000000000000000000e+00
2.633663366336633834e-03 0.000000000000000000e+00 5.894677216279640106e+02 2.499996133064928855e-11 4.452944684300160247e+02 6.056387305917955928e+03 8.576157230507648137e+02 0.000000000000000000e+00
2.772277227722772571e-03 0.000000000000000000e+00 5.894676311478128810e+02 2.499995719133755988e-11 4.452944684277049987e+02 6.051944531347822704e+03 8.576157254916445254e+02 0.000000000000000000e+00
2.910891089108911308e-03 0.000000000000000000e+00 5.894667473536047737e+02 2.499990412978525246e-11 4.452944683871881466e+02 6.039197237121916260e+03 8.576157557748607587e+02 0.000000000000000000e+00
3.049504950495049611e-03 0.000000000000000000e+00 5.894621149696985185e+02 2.499932393256389219e-11 4.452944679600748827e+02 6.012920835193031053e+03 8.576159637899521613e+02 0.000000000000000000e+00
3.188118811881188348e-03 0.000000000000000000e+00 5.894429580669901725e+02 2.499371097428559049e-11 4.452944641267972088e+02 5.966252174714759349e+03 8.576171155043483623e+02 0.000000000000000000e+00
3.326732673267327085e-03 0.000000000000000000e+00 5.893715725183741370e+02 2.496050412492507197e-11 4.452944311914884565e+02 5.891412476314986634e+03 8.576229747972563473e+02 0.000000000000000000e+00
3.465346534653465822e-03 0.000000000000000000e+00 5.891239680612787879e+02 2.489751793836222102e-11 4.452941489149587824e+02 5.789829279101360953e+03 8.576515149677757108e+02 0.000000000000000000e+00
3.603960396039604559e-03 0.000000000000000000e+00 5.882948022554309091e+02 2.480787160218116411e-11 4.452916414439837922e+02 5.660989652565696815e+03 8.577901538360312088e+02 0.000000000000000000e+00
3.742574257425742863e-03 0.000000000000000000e+00 5.854464651648881954e+02 2.468682928904335234e-11 4.452675511283105720e+02 5.499088557568228680e+03 8.584993988385205057e+02 0.000000000000000000e+00
3.881188118811881600e-03 0.000000000000000000e+00 5.746396346344484982e+02 2.451901700712358346e-11 4.449987756375604704e+02 5.288701664048519888e+03 8.626112911396625123e+02 0.000000000000000000e+00
4.019801980198019903e-03 0.000000000000000000e+00 5.259403145492559588e+02 2.227278316922250789e-11 4.342820661328303800e+02 4.651905044814674511e+03 0.000000000000000000e+00 5.912900033502826773e+03
4.158415841584158640e-03 0.000000000000000000e+00 5.259403145492559588e+02 2.227278316922250789e-11 4.342820661328303800e+02 4.651905044814674511e+03 0.000000000000000000e+00 5.912900033502826773e+03
4.297029702970297377e-03 0.000000000000000000e+00 5.259403145492559588e+02 2.227278316922250789e-11 4.342820661328303800e+02 4.651905044814674511e+03 0.000000000000000000e+00 5.912900033502826773e+03
4.435643564356436114e-03 0.000000000000000000e+00 5.259403145492559588e+02 2.227278316922250789e-11 4.342820661328303800e+02 4.651905044814674511e+03 0.000000000000000000e+00 5.912900033502826773e+03
4.574257425742574851e-03 0.000000000000000000e+00 5.259403145492559588e+02 2.227278272319029754e-11 4.342820661328303800e+02 4.651973993131286989e+03 0.000000000000000000e+00 5.912900033502826773e+03
4.712871287128713588e-03 0.000000000000000000e+00 5.259403426703808009e+02 2.227272175701733203e-11 4.342820661299346625e+02 4.656533881769445543e+03 0.000000000000000000e+00 5.912899771601266366e+03
4.851485148514852325e-03 0.000000000000000000e+00 5.259409249383530778e+02 2.227180263413074633e-11 4.342820660411810536e+02 4.675177098713565101e+03 0.000000000000000000e+00 5.912895542487329294e+03
4.990099009900991062e-03 0.000000000000000000e+00 5.259450750083934736e+02 2.226118817163949893e-11 4.342820649526429406e+02 4.719297593158681593e+03 0.000000000000000000e+00 5.912873001560292323e+03
5.128712871287128931e-03 0.000000000000000000e+00 5.259659292396294177e+02 2.215392080754343223e-11 4.342820545730943422e+02 4.804749670218850952e+03 0.000000000000000000e+00 5.912790026027615568e+03
5.267326732673267668e-03 0.000000000000000000e+00 5.260558879223048052e+02 2.126429177412857762e-11 4.342819630678193903e+02 4.954046520331497959e+03 0.000000000000000000e+00 5.912532387774234849e+03
5.405940594059406405e-03 0.000000000000000000e+00 5.264155596869205738e+02 1.904011778975311255e-11 4.342811667803024989e+02 5.181295169206094215e+03 0.000000000000000000e+00 5.911808139412400124e+03
5.544554455445545142e-03 0.000000000000000000e+00 5.277827764475263166e+02 1.620263004262305873e-11 4.342740939914514229e+02 5.492443484756150610e+03 0.000000000000000000e+00 5.909951299264536829e+03
5.683168316831683879e-03 0.000000000000000000e+00 5.329817180942995947e+02 1.295623798942609307e-11 4.342073220710042278e+02 5.909559181340379837e+03 0.000000000000000000e+00 5.905362490686305136e+03
5.821782178217822616e-03 0.000000000000000000e+00 5.539752763982298802e+02 9.303825798115712805e-12 4.335030349706021866e+02 6.480643409086691463e+03 0.000000000000000000e+00 5.893714782439163173e+03
5.960396039603961353e-03 0.000000000000000000e+00 6.531549691047052875e+02 4.873401088487094695e-12 4.247309147320933675e+02 7.341196737855899300e+03 0.000000000000000000e+00 5.860155587446823120e+03
6.099009900990099223e-03 0.000000000000000000e+00 8.446471695902951069e+02 5.407322256191482541e-12 4.780438357673608607e+02 9.525502750961019046e+03 0.000000000000000000e+00 0.000000000000000000e+00
6.237623762376237960e-03 0.000000000000000000e+00 8.446471695902951069e+02 5.407322256191482541e-12 4.780438357673608607e+02 9.525502750961019046e+03 0.000000000000000000e+00 0.000000000000000000e+00
6.376237623762376697e-03 0.000000000000000000e+00 8.446471695902951069e+02 5.407322256191482541e-12 4.780438357673608607e+02 9.525502750961019046e+03 0.000000000000000000e+00 0.000000000000000000e+00
6.514851485148515434e-03 0.000000000000000000e+00 8.446471695902951069e+02 5.407322256191482541e-12 4.780438357673608607e+02 9.525502750961019046e+03 0.000000000000000000e+00 0.000000000000000000e+00
6.653465346534654171e-03 0.000000000000000000e+00 8.446471323027869857e+02 5.407324482268511757e-12 4.780438357675320731e+02 9.523402569116169616e+03 0.000000000000000000e+00 0.000000000000000000e+00
6.792079207920792908e-03 0.000000000000000000e+00 8.446448620347474616e+02 5.407382656631031425e-12 4.780438357857295273e+02 9.508337748599218685e+03 0.000000000000000000e+00 0.000000000000000000e+00
6.930693069306931645e-03 0.000000000000000000e+00 8.446279820788469124e+02 5.408216334894053569e-12 4.780438360897830989e+02 9.468504680922740590e+03 0.000000000000000000e+00 0.000000000000000000e+00
7.069306930693070382e-03 0.000000000000000000e+00 8.445550026701693014e+02 5.418398263120308539e-12 4.780438394394423085e+02 9.390212962873582001e+03 0.000000000000000000e+00 0.000000000000000000e+00
7.207920792079209119e-03 0.000000000000000000e+00 8.443022742526522961e+02 5.527208355173656969e-12 4.780438717622228069e+02 9.255278267445524762e+03 0.000000000000000000e+00 0.000000000000000000e+00
7.346534653465346988e-03 0.000000000000000000e+00 8.435155013209935078e+02 6.153378384278010403e-12 4.780441736153583179e+02 9.046634907850861055e+03 0.000000000000000000e+00 0.000000000000000000e+00
7.485148514851485725e-03 0.000000000000000000e+00 8.412740280158624273e+02 7.482287604507498046e-12 4.780470043394151389e+02 8.771763040203597484e+03 0.000000000000000000e+00 0.000000000000000000e+00
7.623762376237624462e-03 0.000000000000000000e+00 8.351877277795704231e+02 9.802531587283119486e-12 4.780747584573558697e+02 8.428535341842683920e+03 0.000000000000000000e+00 0.000000000000000000e+00
7.762376237623763199e-03 0.000000000000000000e+00 8.183729828205041485e+02 1.376262441766220025e-11 4.783718732338336963e+02 7.997818983209134785e+03 0.000000000000000000e+00 0.000000000000000000e+00
7.900990099009901069e-03 0.000000000000000000e+00 7.669653045957128370e+02 2.095631187770963918e-11 4.821676775577777221e+02 7.431485046073834383e+03 0.000000000000000000e+00 0.000000000000000000e+00
8.039603960396039806e-03 0.000000000000000000e+00 5.894627252970326481e+02 2.499942371702374640e-11 4.452944680317418715e+02 6.015371773055563608e+03 8.576159336537673425e+02 0.000000000000000000e+00
8.178217821782178543e-03 0.000000000000000000e+00 5.894453258102224709e+02 2.499468441673094159e-11 4.452944647443346753e+02 5.970469972286968186e+03 8.576169573833598179e+02 0.000000000000000000e+00
8.316831683168317280e-03 0.000000000000000000e+00 5.893801615996311511e+02 2.496403507339480504e-11 4.452944364606362910e+02 5.897697194336344182e+03 8.576221851587922629e+02 0.000000000000000000e+00
8.455445544554456017e-03 0.000000000000000000e+00 5.891531661804814348e+02 2.490292918735951089e-11 4.452941944024168492e+02 5.797959380212806536e+03 8.576476962346878281e+02 0.000000000000000000e+00
8.594059405940594754e-03 0.000000000000000000e+00 5.883927054055020562e+02 2.481518451722730314e-11 4.452920534546505564e+02 5.671445936394785349e+03 8.577714013468485064e+02 0.000000000000000000e+00
8.732673267326733491e-03 0.000000000000000000e+00 5.857898730963438538e+02 2.469643896554649159e-11 4.452716271914512731e+02 5.518972857201973056e+03 8.584008727007972084e+02 0.000000000000000000e+00
8.871287128712872228e-03 0.000000000000000000e+00 5.760254445996724826e+02 2.453147830596081074e-11 4.450471036804300411e+02 5.336609343617255945e+03 8.620024030983349803e+02 0.000000000000000000e+00
9.009900990099010964e-03 0.000000000000000000e+00 5.259464721163751619e+02 2.225669183169291059e-11 4.342820644772378387e+02 4.728516962549580057e+03 0.000000000000000000e+00 5.912866397730612334e+03
9.148514851485149701e-03 0.000000000000000000e+00 5.259723352933376646e+02 2.211101642718903290e-11 4.342820502634469335e+02 4.821434065095772894e+03 0.000000000000000000e+00 5.912768127454222849e+03
9.287128712871288438e-03 0.000000000000000000e+00 5.260825268011676599e+02 2.100033820277940433e-11 4.342819252476064094e+02 4.981793198196323829e+03 0.000000000000000000e+00 5.912467470977944686e+03
9.425742574257427175e-03 0.000000000000000000e+00 5.265187307746704164e+02 1.866534050763337819e-11 4.342808381942804772e+02 5.220216920548854432e+03 0.000000000000000000e+00 5.911635124571004781e+03
9.564356435643565912e-03 0.000000000000000000e+00 5.281715389921894257e+02 1.576254886149525977e-11 4.342711189479814493e+02 5.544663867887096785e+03 0.000000000000000000e+00 5.909520304750632022e+03
9.702970297029704649e-03 0.000000000000000000e+00 5.344850220823644804e+02 1.244999629404134705e-11 4.341782418358843643e+02 5.976026630392500010e+03 0.000000000000000000e+00 5.904293464640916682e+03
9.841584158415843386e-03 0.000000000000000000e+00 5.603922739851923325e+02 8.760867073848581891e-12 4.331739130617380624e+02 6.558576084838213319e+03 0.000000000000000000e+00 5.890855873573619647e+03
9.980198019801982123e-03 0.000000000000000000e+00 6.735713436431630043e+02 4.434689128717760293e-12 4.225978856788351550e+02 7.389185653888169327e+03 0.000000000000000000e+00 5.853876022299923534e+03
1.011881188118811913e-02 0.000000000000000000e+00 8.444965067887401347e+02 5.433601340744673463e-12 4.780438441264840890e+02 9.349286139630605248e+03 0.000000000000000000e+00 0.000000000000000000e+00
1.025742574257425786e-02 0.000000000000000000e+00 8.441134242061478972e+02 5.675871135092294511e-12 4.780439159705202883e+02 9.183083845637102058e+03 0.000000000000000000e+00 0.000000000000000000e+00
1.039603960396039660e-02 0.000000000000000000e+00 8.429568108794229602e+02 6.538128218916608748e-12 4.780445843874095431e+02 8.934325401376605441e+03 0.000000000000000000e+00 0.000000000000000000e+00
1.053465346534653534e-02 0.000000000000000000e+00 8.397399462317255256e+02 8.174098222198131522e-12 4.780509216557527452e+02 8.604520096885846215e+03 0.000000000000000000e+00 0.000000000000000000e+00
1.067326732673267407e-02 0.000000000000000000e+00 8.310047900906861287e+02 1.097739694577966667e-11 4.781147151471511734e+02 8.184138643990772835e+03 0.000000000000000000e+00 0.000000000000000000e+00
1.081188118811881281e-02 0.000000000000000000e+00 8.063352184307916559e+02 1.579487487996558310e-11 4.788285506094669586e+02 7.656043496502706148e+03 0.000000000000000000e+00 0.000000000000000000e+00
1.095049504950495155e-02 0.000000000000000000e+00 7.251171666084171648e+02 2.513626901771529230e-11 4.887527026288461229e+02 6.962874403416581117e+03 0.000000000000000000e+00 0.000000000000000000e+00
1.108910891089109028e-02 0.000000000000000000e+00 5.884611908991366818e+02 2.475087159459973930e-11 4.452922266313011619e+02 5.818950630678938069e+03 8.577618219199293890e+02 0.000000000000000000e+00
1.122772277227722902e-02 0.000000000000000000e+00 5.860476852470357017e+02 2.406968005943525031e-11 4.452733456536405470e+02 5.803955302210535592e+03 8.583502353867501142e+02 0.000000000000000000e+00
1.136633663366336776e-02 0.000000000000000000e+00 5.770337987444725059e+02 2.178133884735663803e-11 4.450673239645906278e+02 5.821128725978221155e+03 8.616996937466373083e+02 0.000000000000000000e+00
1.150495049504950650e-02 0.000000000000000000e+00 5.271962467507619294e+02 1.706070040233579409e-11 4.342778000284573636e+02 5.393912604817234751e+03 0.000000000000000000e+00 5.910662611406962242e+03
1.164356435643564523e-02 0.000000000000000000e+00 5.307359466102313945e+02 1.390746787474049783e-11 4.342428587342656101e+02 5.777446133793749141e+03 0.000000000000000000e+00 5.907117552344718206e+03
1.178217821782178397e-02 0.000000000000000000e+00 5.446781102542304325e+02 1.036527583387846035e-11 4.338883743964427708e+02 6.296716263977937160e+03 0.000000000000000000e+00 5.898255157490010788e+03
1.192079207920792271e-02 0.000000000000000000e+00 6.080427918860779073e+02 6.398229188113580835e-12 4.294806013217911982e+02 7.052128013038750396e+03 0.000000000000000000e+00 5.873701165911160388e+03
1.205940594059406144e-02 0.000000000000000000e+00 8.446471695902951069e+02 5.407322256191482541e-12 4.780438357673608607e+02 9.525502750961019046e+03 0.000000000000000000e+00 0.000000000000000000e+00
1.219801980198019845e-02 0.000000000000000000e+00 8.446471695902951069e+02 5.407322256191482541e-12 4.780438357673608607e+02 9.525502750961019046e+03 0.000000000000000000e+00 0.000000000000000000e+00
1.233663366336633718e-02 0.000000000000000000e+00 8.446471695902951069e+02 5.407322256191482541e-12 4.780438357673608607e+02 9.525502750961019046e+03 0.000000000000000000e+00 0.000000000000000000e+00
1.247524752475247592e-02 0.000000000000000000e+00 8.446471695902951069e+02 5.407322256191482541e-12 4.780438357673608607e+02 9.525502750961019046e+03 0.000000000000000000e+00 0.000000000000000000e+00
1.261386138613861466e-02 0.000000000000000000e+00 8.446471695902951069e+02 5.407322256191482541e-12 4.780438357673608607e+02 9.525502750961019046e+03 0.000000000000000000e+00 0.000000000000000000e+00
1.275247524752475339e-02 0.000000000000000000e+00 8.446471695902951069e+02 5.407322256191482541e-12 4.780438357673608607e+02 9.525502750961019046e+03 0.000000000000000000e+00 0.000000000000000000e+00
1.289108910891089213e-02 0.000000000000000000e+00 8.446471695902951069e+02 5.407322256191482541e-12 4.780438357673608607e+02 9.525502750961017227e+03 0.000000000000000000e+00 0.000000000000000000e+00
1.302970297029703087e-02 0.000000000000000000e+00 8.446471695902951069e+02 5.407322256191482541e-12 4.780438357673608607e+02 9.525502750961017227e+03 0.000000000000000000e+00 0.000000000000000000e+00
1.316831683168316960e-02 0.000000000000000000e+00 8.446471695902951069e+02 5.407322256191484156e-12 4.780438357673608607e+02 9.525502750961015408e+03 0.000000000000000000e+00 0.000000000000000000e+00
1.330693069306930834e-02 0.000000000000000000e+00 8.446471695902951069e+02 5.407322256191483349e-12 4.780438357673608607e+02 9.525502750961013589e+03 0.000000000000000000e+00 0.000000000000000000e+00
1.344554455445544708e-02 0.000000000000000000e+00 8.446471695902951069e+02 5.407322256191486580e-12 4.780438357673608607e+02 9.525502750961011770e+03 0.000000000000000000e+00 0.000000000000000000e+00
1.358415841584158582e-02 0.000000000000000000e+00 8.446471695902951069e+02 5.407322256191480117e-12 4.780438357673608607e+02 9.525502750961013589e+03 0.000000000000000000e+00 0.000000000000000000e+00
1.372277227722772455e-02 0.000000000000000000e+00 8.446471695902951069e+02 5.407322256191487388e-12 4.780438357673608607e+02 9.525502750961011770e+03 0.000000000000000000e+00 0.000000000000000000e+00
1.386138613861386329e-02 0.000000000000000000e+00 0.000000000000000000e+00 0.000000000000000000e+00 0.000000000000000000e+00 0.000000000000000000e+00 0.000000000000000000e+00 0.000000000000000000e+00
