0.000000000000000000e+00 1.000000000000000000e+00 6.000000000000000000e+00 7.000000000000000000e+00 8.000000000000000000e+00 1.400000000000000000e+01 2.600000000000000000e+01 2.900000000000000000e+01
0.000000000000000000e+00 0.000000000000000000e+00 8.446651480667711667e+02 5.407322256191485772e-12 4.780361556788260486e+02 9.525502750961031779e+03 0.000000000000000000e+00 0.000000000000000000e+00
2.745098039215686215e-04 0.000000000000000000e+00 8.446651480667711667e+02 5.407322256191485772e-12 4.780361556788260486e+02 9.525502750961031779e+03 0.000000000000000000e+00 0.000000000000000000e+00
5.490196078431372429e-04 0.000000000000000000e+00 8.446651480667711667e+02 5.407322866211864817e-12 4.780361556788260486e+02 9.524758345530597580e+03 0.000000000000000000e+00 0.000000000000000000e+00
8.235294117647058102e-04 0.000000000000000000e+00 8.446584715788874291e+02 5.407660586475252001e-12 4.780361557629877893e+02 9.485998776969909159e+03 0.000000000000000000e+00 0.000000000000000000e+00
1.098039215686274486e-03 0.000000000000000000e+00 8.445010354961278836e+02 5.446605185171777383e-12 4.780361664348042723e+02 9.321873835352502283e+03 0.000000000000000000e+00 0.000000000000000000e+00
1.372549019607843162e-03 0.000000000000000000e+00 8.429342064084379444e+02 6.653432658119193897e-12 4.780370387795085207e+02 8.920157893739429710e+03 0.000000000000000000e+00 0.000000000000000000e+00
1.647058823529411620e-03 0.000000000000000000e+00 8.312824659323860033e+02 1.111939860289768119e-11 4.781130249263451333e+02 8.265029838893780834e+03 0.000000000000000000e+00 0.000000000000000000e+00
1.921568627450980296e-03 0.000000000000000000e+00 7.449346229240388766e+02 2.445853600306788063e-11 4.850663576661054321e+02 7.250633808637974653e+03 0.000000000000000000e+00 0.000000000000000000e+00
2.196078431372548972e-03 0.000000000000000000e+00 5.894767497306389714e+02 2.499996147625462506e-11 4.452879704105858991e+02 6.056844417679321850e+03 8.576137892066353743e+02 0.000000000000000000e+00
2.470588235294117647e-03 0.000000000000000000e+00 5.894767497306389714e+02 2.499996147625462506e-11 4.452879704105858991e+02 6.056844417679321850e+03 8.576137892066353743e+02 0.000000000000000000e+00
2.745098039215686323e-03 0.000000000000000000e+00 5.894766490496358529e+02 2.499995342027809347e-11 4.452879704076461849e+02 6.049742142897129270e+03 8.576137920477235639e+02 0.000000000000000000e+00
3.019607843137254999e-03 0.000000000000000000e+00 5.894710261725720102e+02 2.499909819859248812e-11 4.452879698888646658e+02 6.006848692401504195e+03 8.576140415456746950e+02 0.000000000000000000e+00
3.294117647058823241e-03 0.000000000000000000e+00 5.893838641719253246e+02 2.495882820390689274e-11 4.452879322184900843e+02 5.884164106893824282e+03 8.576209030264971034e+02 0.000000000000000000e+00
3.568627450980391917e-03 0.000000000000000000e+00 5.883913979213881476e+02 2.481084263568857951e-11 4.452852899627417855e+02 5.659942956044218590e+03 8.577753155796124247e+02 0.000000000000000000e+00
3.843137254901960592e-03 0.000000000000000000e+00 5.767376694118886462e+02 2.454219862851445312e-11 4.450423125791132293e+02 5.309169239358343475e+03 8.618109361508942357e+02 0.000000000000000000e+00
4.117647058823529702e-03 0.000000000000000000e+00 5.259469654377603547e+02 2.227278316922250466e-11 4.342756229490342434e+02 4.651905044814672692e+03 0.000000000000000000e+00 5.913026089750008396e+03
4.392156862745097944e-03 0.000000000000000000e+00 5.259469654377603547e+02 2.227278316922250466e-11 4.342756229490342434e+02 4.651905044814672692e+03 0.000000000000000000e+00 5.913026089750008396e+03
4.666666666666666186e-03 0.000000000000000000e+00 5.259469796552294838e+02 2.227269446993366722e-11 4.342756229471947336e+02 4.657933381300135807e+03 0.000000000000000000e+00 5.913025962761576011e+03
4.941176470588235295e-03 0.000000000000000000e+00 5.259507811994167241e+02 2.226086742993698060e-11 4.342756220012930157e+02 4.722313324093357551e+03 0.000000000000000000e+00 5.913004177806331427e+03
5.215686274509803537e-03 0.000000000000000000e+00 5.260390931868273583e+02 2.141913812436810639e-11 4.342755446006393640e+02 4.947353115991327286e+03 0.000000000000000000e+00 5.912724259328118933e+03
5.490196078431372646e-03 0.000000000000000000e+00 5.273676089147700168e+02 1.669109240891592122e-11 4.342700632949735109e+02 5.455548383143866886e+03 0.000000000000000000e+00 5.910622746367840591e+03
5.764705882352940888e-03 0.000000000000000000e+00 5.459887778270220906e+02 1.026068477934349529e-11 4.338068749402025901e+02 6.359371271760515810e+03 0.000000000000000000e+00 5.897984568851705262e+03
6.039215686274509998e-03 0.000000000000000000e+00 8.446651480667711667e+02 5.407322256191485772e-12 4.780361556788260486e+02 9.525502750961031779e+03 0.000000000000000000e+00 0.000000000000000000e+00
6.313725490196078240e-03 0.000000000000000000e+00 8.446651480667711667e+02 5.407322256191485772e-12 4.780361556788260486e+02 9.525502750961031779e+03 0.000000000000000000e+00 0.000000000000000000e+00
6.588235294117646482e-03 0.000000000000000000e+00 8.446651480667711667e+02 5.407324519775783132e-12 4.780361556788260486e+02 9.523356577642749471e+03 0.000000000000000000e+00 0.000000000000000000e+00
6.862745098039215591e-03 0.000000000000000000e+00 8.446532456781544624e+02 5.408010620506632181e-12 4.780361558638568340e+02 9.472580296833211833e+03 0.000000000000000000e+00 0.000000000000000000e+00
7.137254901960783833e-03 0.000000000000000000e+00 8.444278812111052730e+02 5.481417429694410738e-12 4.780361762865116475e+02 9.281423731157912698e+03 0.000000000000000000e+00 0.000000000000000000e+00
7.411764705882352942e-03 0.000000000000000000e+00 8.423127695208777368e+02 7.038349770573334536e-12 4.780378300116668129e+02 8.842514617492161051e+03 0.000000000000000000e+00 0.000000000000000000e+00
7.686274509803921184e-03 0.000000000000000000e+00 8.268403889528779018e+02 1.221850023693205632e-11 4.781869799344220269e+02 8.143646890248809541e+03 0.000000000000000000e+00 0.000000000000000000e+00
7.960784313725490294e-03 0.000000000000000000e+00 7.261622619502915086e+02 2.737271365534002205e-11 4.871913707993213620e+02 7.058954903186720912e+03 0.000000000000000000e+00 0.000000000000000000e+00
8.235294117647059403e-03 0.000000000000000000e+00 5.894238057059654921e+02 2.497749890843851969e-11 4.452879550282573291e+02 5.919397648216365269e+03 8.576173595188165564e+02 0.000000000000000000e+00
8.509803921568626778e-03 0.000000000000000000e+00 5.888294481285552138e+02 2.485108033051337785e-11 4.452869133011934650e+02 5.716595552145692636e+03 8.576962692722627253e+02 0.000000000000000000e+00
8.784313725490195887e-03 0.000000000000000000e+00 5.821652095840048560e+02 2.461271395394393971e-11 4.451996767893560900e+02 5.423481015622249288e+03 8.596172084199957908e+02 0.000000000000000000e+00
9.058823529411764996e-03 0.000000000000000000e+00 5.259634134343345977e+02 2.219349337095189532e-11 4.342756163626453940e+02 4.790512217638372022e+03 0.000000000000000000e+00 5.912951037345945224e+03
9.333333333333332371e-03 0.000000000000000000e+00 5.262539533692090572e+02 1.970748139787267802e-11 4.342751401835612910e+02 5.127340548170873262e+03 0.000000000000000000e+00 5.912256050214188690e+03
9.607843137254901481e-03 0.000000000000000000e+00 5.303237461131006967e+02 1.410739905319652932e-11 4.342400221384061183e+02 5.778100406313187705e+03 0.000000000000000000e+00 5.907693313967688482e+03
9.882352941176470590e-03 0.000000000000000000e+00 5.927152086578557828e+02 7.004727166706527404e-12 4.307921105221986409e+02 6.913145501799322119e+03 0.000000000000000000e+00 5.879397480030946099e+03
1.015686274509803970e-02 0.000000000000000000e+00 8.443818072064731268e+02 5.510126636715184673e-12 4.780361837502110234e+02 9.255546495955324644e+03 0.000000000000000000e+00 0.000000000000000000e+00
1.043137254901960707e-02 0.000000000000000000e+00 8.419257759017255012e+02 7.257424436235829044e-12 4.780384348005312063e+02 8.762195357973116188e+03 0.000000000000000000e+00 0.000000000000000000e+00
1.070588235294117618e-02 0.000000000000000000e+00 8.240267467818579235e+02 1.282871464826221675e-11 4.782453197053990266e+02 7.952225196520374993e+03 0.000000000000000000e+00 0.000000000000000000e+00
1.098039215686274529e-02 0.000000000000000000e+00 7.168945781707186597e+02 2.836855231371468287e-11 4.881361652109319493e+02 6.809068106674074443e+03 0.000000000000000000e+00 0.000000000000000000e+00
1.125490196078431267e-02 0.000000000000000000e+00 5.840688550006145761e+02 2.316428601576215251e-11 4.452351110695997818e+02 5.833351735619027750e+03 8.589970974707437108e+02 0.000000000000000000e+00
1.152941176470588178e-02 0.000000000000000000e+00 5.280211400889777451e+02 1.585870465309939822e-11 4.342650999318884146e+02 5.555506613416446271e+03 0.000000000000000000e+00 5.909874888461177761e+03
1.180392156862745089e-02 0.000000000000000000e+00 5.558133181812812609e+02 9.221314287621947410e-12 4.333262018579980008e+02 6.540757421419129059e+03 0.000000000000000000e+00 5.893401639857370355e+03
1.207843137254902000e-02 0.000000000000000000e+00 8.446651480667711667e+02 5.407322256191485772e-12 4.780361556788260486e+02 9.525502750961031779e+03 0.000000000000000000e+00 0.000000000000000000e+00
1.235294117647058737e-02 0.000000000000000000e+00 8.446651480667711667e+02 5.407322256191485772e-12 4.780361556788260486e+02 9.525502750961031779e+03 0.000000000000000000e+00 0.000000000000000000e+00
1.262745098039215648e-02 0.000000000000000000e+00 8.446651480667711667e+02 5.407322256191485772e-12 4.780361556788260486e+02 9.525502750961031779e+03 0.000000000000000000e+00 0.000000000000000000e+00
1.290196078431372559e-02 0.000000000000000000e+00 8.446651480667711667e+02 5.407322256191485772e-12 4.780361556788260486e+02 9.525502750961031779e+03 0.000000000000000000e+00 0.000000000000000000e+00
1.317647058823529296e-02 0.000000000000000000e+00 8.446651480667711667e+02 5.407322256191487388e-12 4.780361556788260486e+02 9.525502750961031779e+03 0.000000000000000000e+00 0.000000000000000000e+00
1.345098039215686207e-02 0.000000000000000000e+00 8.446651480667711667e+02 5.407322256191489811e-12 4.780361556788260486e+02 9.525502750961031779e+03 0.000000000000000000e+00 0.000000000000000000e+00
1.372549019607843118e-02 0.000000000000000000e+00 0.000000000000000000e+00 0.000000000000000000e+00 0.000000000000000000e+00 0.000000000000000000e+00 0.000000000000000000e+00 0.000000000000000000e+00
