0.000000000000000000e+00 1.000000000000000000e+00 6.000000000000000000e+00 7.000000000000000000e+00 8.000000000000000000e+00 1.400000000000000000e+01 2.600000000000000000e+01 2.900000000000000000e+01
0.000000000000000000e+00 0.000000000000000000e+00 8.446471695902951069e+02 5.407322256191482541e-12 4.780438357673608607e+02 9.525502750961019046e+03 0.000000000000000000e+00 0.000000000000000000e+00
2.745098039215686215e-04 0.000000000000000000e+00 8.446471695902951069e+02 5.407322256191482541e-12 4.780438357673608607e+02 9.525502750961019046e+03 0.000000000000000000e+00 0.000000000000000000e+00
5.490196078431372429e-04 0.000000000000000000e+00 8.446471695902951069e+02 5.407322256191482541e-12 4.780438357673608607e+02 9.525502750961019046e+03 0.000000000000000000e+00 0.000000000000000000e+00
8.235294117647058102e-04 0.000000000000000000e+00 8.446431133040938448e+02 5.407364429736629475e-12 4.780438358050876104e+02 9.511495646460536591e+03 0.000000000000000000e+00 0.000000000000000000e+00
1.098039215686274486e-03 0.000000000000000000e+00 8.445241398465366274e+02 5.416733130305618308e-12 4.780438417015811297e+02 9.400084283446285554e+03 0.000000000000000000e+00 0.000000000000000000e+00
1.372549019607843162e-03 0.000000000000000000e+00 8.432487551284722258e+02 6.127469061312593344e-12 4.780443494053470772e+02 9.061855907825298345e+03 0.000000000000000000e+00 0.000000000000000000e+00
1.647058823529411620e-03 0.000000000000000000e+00 8.334215496128406357e+02 9.750778624718356101e-12 4.780895521622783804e+02 8.442051277771559398e+03 0.000000000000000000e+00 0.000000000000000000e+00
1.921568627450980296e-03 0.000000000000000000e+00 7.519625907995670104e+02 2.105894141251979128e-11 4.842447647639430670e+02 7.432936887770069006e+03 0.000000000000000000e+00 0.000000000000000000e+00
2.196078431372548972e-03 0.000000000000000000e+00 5.894677220729654437e+02 2.499996147625463475e-11 4.452944684300242102e+02 6.056844417679328217e+03 8.576157230406115559e+02 0.000000000000000000e+00
2.470588235294117647e-03 0.000000000000000000e+00 5.894677220729654437e+02 2.499996147625463475e-11 4.452944684300242102e+02 6.056844417679328217e+03 8.576157230406115559e+02 0.000000000000000000e+00
2.745098039215686323e-03 0.000000000000000000e+00 5.894676731965313365e+02 2.499996071447774567e-11 4.452944684288864892e+02 6.055228217570509514e+03 8.576157243072785832e+02 0.000000000000000000e+00
3.019607843137254999e-03 0.000000000000000000e+00 5.894637644391289086e+02 2.499977273649496523e-11 4.452944681432734910e+02 6.029106622979214990e+03 8.576158839092296375e+02 0.000000000000000000e+00
3.294117647058823241e-03 0.000000000000000000e+00 5.893972291272931443e+02 2.498027647160865263e-11 4.452944459094987906e+02 5.932379400065903610e+03 8.576206754400457157e+02 0.000000000000000000e+00
3.568627450980391917e-03 0.000000000000000000e+00 5.886080494485219106e+02 2.485101078575790351e-11 4.452928502937908775e+02 5.725512677191170951e+03 8.577321353235080323e+02 0.000000000000000000e+00
3.843137254901960592e-03 0.000000000000000000e+00 5.792390652684761108e+02 2.459659418004615746e-11 4.451440600251195860e+02 5.386805520959869682e+03 8.606687632537016270e+02 0.000000000000000000e+00
4.117647058823529702e-03 0.000000000000000000e+00 5.259403145492559588e+02 2.227278316922250789e-11 4.342820661328303800e+02 4.651905044814674511e+03 0.000000000000000000e+00 5.912900033502826773e+03
4.392156862745097944e-03 0.000000000000000000e+00 5.259403145492559588e+02 2.227278316922250789e-11 4.342820661328303800e+02 4.651905044814674511e+03 0.000000000000000000e+00 5.912900033502826773e+03
4.666666666666666186e-03 0.000000000000000000e+00 5.259403199249856016e+02 2.227277972978174591e-11 4.342820661323103195e+02 4.652372808727461234e+03 0.000000000000000000e+00 5.912899979944088045e+03
4.941176470588235295e-03 0.000000000000000000e+00 5.259427642300830712e+02 2.227051760380401232e-11 4.342820656296851780e+02 4.685459991614555292e+03 0.000000000000000000e+00 5.912884753966313838e+03
5.215686274509803537e-03 0.000000000000000000e+00 5.260071813232921158e+02 2.199264362992487176e-11 4.342820201672572580e+02 4.847345179523465049e+03 0.000000000000000000e+00 5.912661602160696930e+03
5.490196078431372646e-03 0.000000000000000000e+00 5.270281674435040031e+02 1.791605439953022108e-11 4.342786893684567531e+02 5.285347863872573726e+03 0.000000000000000000e+00 5.910884453219648094e+03
5.764705882352940888e-03 0.000000000000000000e+00 5.416625874614002214e+02 1.135903892335351821e-11 4.339901273920477820e+02 6.113127431375891319e+03 0.000000000000000000e+00 5.899886045981983443e+03
6.039215686274509998e-03 0.000000000000000000e+00 8.446471695902951069e+02 5.407322256191482541e-12 4.780438357673608607e+02 9.525502750961019046e+03 0.000000000000000000e+00 0.000000000000000000e+00
6.313725490196078240e-03 0.000000000000000000e+00 8.446471695902951069e+02 5.407322256191482541e-12 4.780438357673608607e+02 9.525502750961019046e+03 0.000000000000000000e+00 0.000000000000000000e+00
6.588235294117646482e-03 0.000000000000000000e+00 8.446471695902951069e+02 5.407322256191482541e-12 4.780438357673608607e+02 9.525502750961019046e+03 0.000000000000000000e+00 0.000000000000000000e+00
6.862745098039215591e-03 0.000000000000000000e+00 8.446396158260421316e+02 5.407418887431713735e-12 4.780438358540845343e+02 9.504059661898452759e+03 0.000000000000000000e+00 0.000000000000000000e+00
7.137254901960783833e-03 0.000000000000000000e+00 8.444672611899680987e+02 5.426536424951690688e-12 4.780438471350568648e+02 9.369300157155763372e+03 0.000000000000000000e+00 0.000000000000000000e+00
7.411764705882352942e-03 0.000000000000000000e+00 8.427356241945711872e+02 6.422867557147044737e-12 4.780448013337976931e+02 8.990022918684258912e+03 0.000000000000000000e+00 0.000000000000000000e+00
7.686274509803921184e-03 0.000000000000000000e+00 8.296836454222689099e+02 1.067213296059079139e-11 4.781322843829025828e+02 8.327632597878129673e+03 0.000000000000000000e+00 0.000000000000000000e+00
7.960784313725490294e-03 0.000000000000000000e+00 7.157897527718520223e+02 2.464929389502377807e-11 4.905034014553643260e+02 7.197527787602236458e+03 0.000000000000000000e+00 0.000000000000000000e+00
8.235294117647059403e-03 0.000000000000000000e+00 5.894279871327019009e+02 2.499210738043931183e-11 4.452944594158458926e+02 5.962400153721118841e+03 8.576181860539204536e+02 0.000000000000000000e+00
8.509803921568626778e-03 0.000000000000000000e+00 5.889566236996067801e+02 2.488784913016248824e-11 4.452938276759315386e+02 5.779146954983672003e+03 8.576751789326648350e+02 0.000000000000000000e+00
8.784313725490195887e-03 0.000000000000000000e+00 5.835795322097452527e+02 2.466499073649280534e-11 4.452400045186125226e+02 5.482264533605020006e+03 8.590818423977860903e+02 0.000000000000000000e+00
9.058823529411764996e-03 0.000000000000000000e+00 5.259516210433107517e+02 2.225369997121383436e-11 4.342820624026514338e+02 4.731051337316514946e+03 0.000000000000000000e+00 5.912843988313883528e+03
9.333333333333332371e-03 0.000000000000000000e+00 5.261691998385892930e+02 2.077180710854836159e-11 4.342817764788676413e+02 4.996066435764181733e+03 0.000000000000000000e+00 5.912273987405324078e+03
9.607843137254901481e-03 0.000000000000000000e+00 5.293338950970768337e+02 1.530552873543754570e-11 4.342601419974159285e+02 5.579975692605824406e+03 0.000000000000000000e+00 5.908356229433822591e+03
9.882352941176470590e-03 0.000000000000000000e+00 5.791442044921382148e+02 7.889382563550659852e-12 4.319796415460109529e+02 6.657106473326114610e+03 0.000000000000000000e+00 5.883446352858933096e+03
1.015686274509803970e-02 0.000000000000000000e+00 8.444306913595880815e+02 5.434637079035772084e-12 4.780438514761992224e+02 9.351793361825557440e+03 0.000000000000000000e+00 0.000000000000000000e+00
1.043137254901960707e-02 0.000000000000000000e+00 8.424136442216610021e+02 6.594902455122799307e-12 4.780451626477913578e+02 8.932558458566601985e+03 0.000000000000000000e+00 0.000000000000000000e+00
1.070588235294117618e-02 0.000000000000000000e+00 8.273040533575170912e+02 1.118318829721795649e-11 4.781676007253701073e+02 8.167726018230699992e+03 0.000000000000000000e+00 0.000000000000000000e+00
1.098039215686274529e-02 0.000000000000000000e+00 6.990668670064206935e+02 2.677276067937740416e-11 4.933006678165701260e+02 6.884431703906591792e+03 0.000000000000000000e+00 0.000000000000000000e+00
1.125490196078431267e-02 0.000000000000000000e+00 5.850989963553060988e+02 2.410872804733773746e-11 4.452612784220729623e+02 5.787331547885797590e+03 8.586325767946880205e+02 0.000000000000000000e+00
1.152941176470588178e-02 0.000000000000000000e+00 5.275314715577328570e+02 1.708343200727778826e-11 4.342758046855537373e+02 5.375513573486880887e+03 0.000000000000000000e+00 5.910245656448177215e+03
1.180392156862745089e-02 0.000000000000000000e+00 5.492817081259958059e+02 1.023477143277701039e-11 4.337120794975492117e+02 6.282296315182087710e+03 0.000000000000000000e+00 5.895928130176494051e+03
1.207843137254902000e-02 0.000000000000000000e+00 8.446471695902951069e+02 5.407322256191482541e-12 4.780438357673608607e+02 9.525502750961019046e+03 0.000000000000000000e+00 0.000000000000000000e+00
1.235294117647058737e-02 0.000000000000000000e+00 8.446471695902951069e+02 5.407322256191482541e-12 4.780438357673608607e+02 9.525502750961019046e+03 0.000000000000000000e+00 0.000000000000000000e+00
1.262745098039215648e-02 0.000000000000000000e+00 8.446471695902951069e+02 5.407322256191482541e-12 4.780438357673608607e+02 9.525502750961019046e+03 0.000000000000000000e+00 0.000000000000000000e+00
1.290196078431372559e-02 0.000000000000000000e+00 8.446471695902951069e+02 5.407322256191482541e-12 4.780438357673608607e+02 9.525502750961017227e+03 0.000000000000000000e+00 0.000000000000000000e+00
1.317647058823529296e-02 0.000000000000000000e+00 8.446471695902951069e+02 5.407322256191483349e-12 4.780438357673608607e+02 9.525502750961015408e+03 0.000000000000000000e+00 0.000000000000000000e+00
1.345098039215686207e-02 0.000000000000000000e+00 8.446471695902951069e+02 5.407322256191481733e-12 4.780438357673608607e+02 9.525502750961015408e+03 0.000000000000000000e+00 0.000000000000000000e+00
1.372549019607843118e-02 0.000000000000000000e+00 0.000000000000000000e+00 0.000000000000000000e+00 0.000000000000000000e+00 0.000000000000000000e+00 0.000000000000000000e+00 0.000000000000000000e+00
