0.000000000000000000e+00 1.000000000000000000e+00 6.000000000000000000e+00 7.000000000000000000e+00 8.000000000000000000e+00 1.400000000000000000e+01 2.600000000000000000e+01 2.900000000000000000e+01
0.000000000000000000e+00 0.000000000000000000e+00 8.446651480667711667e+02 5.407322256191485772e-12 4.780361556788260486e+02 9.525502750961031779e+03 0.000000000000000000e+00 0.000000000000000000e+00
2.745098039215686215e-04 0.000000000000000000e+00 8.446651480667711667e+02 5.407322256191485772e-12 4.780361556788260486e+02 9.525502750961031779e+03 0.000000000000000000e+00 0.000000000000000000e+00
5.490196078431372429e-04 0.000000000000000000e+00 8.446651480667711667e+02 5.407322256191489003e-12 4.780361556788260486e+02 9.525502750961029960e+03 0.000000000000000000e+00 0.000000000000000000e+00
8.235294117647058102e-04 0.000000000000000000e+00 8.446651480667711667e+02 5.407322256191486580e-12 4.780361556788260486e+02 9.525502750961029960e+03 0.000000000000000000e+00 0.000000000000000000e+00
1.098039215686274486e-03 0.000000000000000000e+00 8.446651480667711667e+02 5.407322256191485772e-12 4.780361556788260486e+02 9.525502750961031779e+03 0.000000000000000000e+00 0.000000000000000000e+00
1.372549019607843162e-03 0.000000000000000000e+00 8.446651480667711667e+02 5.407322256191485772e-12 4.780361556788260486e+02 9.525502750961031779e+03 0.000000000000000000e+00 0.000000000000000000e+00
1.647058823529411620e-03 0.000000000000000000e+00 8.446651480667711667e+02 5.407322256191485772e-12 4.780361556788260486e+02 9.525502750961031779e+03 0.000000000000000000e+00 0.000000000000000000e+00
1.921568627450980296e-03 0.000000000000000000e+00 8.446651480667711667e+02 5.407322256191485772e-12 4.780361556788260486e+02 9.525502750961031779e+03 0.000000000000000000e+00 0.000000000000000000e+00
2.196078431372548972e-03 0.000000000000000000e+00 6.163501569944334051e+02 1.136666602796067066e-11 4.441641868858018256e+02 7.315187783246412437e+03 8.544171246572734617e+02 0.000000000000000000e+00
2.470588235294117647e-03 0.000000000000000000e+00 5.917545405943243395e+02 1.910469603194333437e-11 4.452749579142869152e+02 6.630175949084391505e+03 8.574891680264012166e+02 0.000000000000000000e+00
2.745098039215686323e-03 0.000000000000000000e+00 5.896568362482720431e+02 2.439190837281857921e-11 4.452877818058804564e+02 6.250131299912228314e+03 8.576084232558084750e+02 0.000000000000000000e+00
3.019607843137254999e-03 0.000000000000000000e+00 5.894863009521361619e+02 2.499465394977127385e-11 4.452879679076612547e+02 6.094771894378550314e+03 8.576136100350581728e+02 0.000000000000000000e+00
3.294117647058823241e-03 0.000000000000000000e+00 5.894768448810516475e+02 2.499994566805326234e-11 4.452879704004116093e+02 6.058115860109557616e+03 8.576137878103169214e+02 0.000000000000000000e+00
3.568627450980391917e-03 0.000000000000000000e+00 5.894767497306389714e+02 2.499996147625462506e-11 4.452879704105858991e+02 6.056844417679321850e+03 8.576137892066353743e+02 0.000000000000000000e+00
3.843137254901960592e-03 0.000000000000000000e+00 5.894767497306389714e+02 2.499996147625462506e-11 4.452879704105858991e+02 6.056844417679321850e+03 8.576137892066353743e+02 0.000000000000000000e+00
4.117647058823529702e-03 0.000000000000000000e+00 5.423395620797019774e+02 2.268946848438250186e-11 4.347141071281470204e+02 5.303346529228261716e+03 0.000000000000000000e+00 5.450561023377340462e+03
4.392156862745097944e-03 0.000000000000000000e+00 5.270427922408690620e+02 2.243193412932120574e-11 4.342800942002347142e+02 4.963872750380669459e+03 0.000000000000000000e+00 5.851812753407938544e+03
4.666666666666666186e-03 0.000000000000000000e+00 5.260264766764892101e+02 2.230079751892061088e-11 4.342756834764965674e+02 4.771310707847788763e+03 0.000000000000000000e+00 5.905117158976454448e+03
4.941176470588235295e-03 0.000000000000000000e+00 5.259514191982550528e+02 2.227312335345673227e-11 4.342756237705427793e+02 4.679974351678297353e+03 0.000000000000000000e+00 5.912305295559845945e+03
5.215686274509803537e-03 0.000000000000000000e+00 5.259470580841816627e+02 2.227278489648601674e-11 4.342756229548207330e+02 4.654180429102749258e+03 0.000000000000000000e+00 5.913003406324815842e+03
5.490196078431372646e-03 0.000000000000000000e+00 5.259469654377603547e+02 2.227278316922250466e-11 4.342756229490342434e+02 4.651905044814672692e+03 0.000000000000000000e+00 5.913026089750008396e+03
5.764705882352940888e-03 0.000000000000000000e+00 5.259469654377603547e+02 2.227278316922250466e-11 4.342756229490342434e+02 4.651905044814672692e+03 0.000000000000000000e+00 5.913026089750008396e+03
6.039215686274509998e-03 0.000000000000000000e+00 6.883881199293244890e+02 2.405458210795880457e-11 4.861611222491043804e+02 6.151284282789232748e+03 0.000000000000000000e+00 0.000000000000000000e+00
6.313725490196078240e-03 0.000000000000000000e+00 8.209546913041073140e+02 1.054513856948813452e-11 4.781701631842863662e+02 7.730690568460991926e+03 0.000000000000000000e+00 0.000000000000000000e+00
6.588235294117646482e-03 0.000000000000000000e+00 8.414990342682347091e+02 6.403156410759612294e-12 4.780376434439422155e+02 8.708511610013041718e+03 0.000000000000000000e+00 0.000000000000000000e+00
6.862745098039215591e-03 0.000000000000000000e+00 8.443410352549890376e+02 5.426196542359695451e-12 4.780361739979841786e+02 9.284198100180101392e+03 0.000000000000000000e+00 0.000000000000000000e+00
7.137254901960783833e-03 0.000000000000000000e+00 8.446485318815437040e+02 5.407417222115584862e-12 4.780361558435323559e+02 9.491999936341389912e+03 0.000000000000000000e+00 0.000000000000000000e+00
7.411764705882352942e-03 0.000000000000000000e+00 8.446651480667711667e+02 5.407322256191485772e-12 4.780361556788260486e+02 9.525502750961031779e+03 0.000000000000000000e+00 0.000000000000000000e+00
7.686274509803921184e-03 0.000000000000000000e+00 8.446651480667711667e+02 5.407322256191485772e-12 4.780361556788260486e+02 9.525502750961031779e+03 0.000000000000000000e+00 0.000000000000000000e+00
7.960784313725490294e-03 0.000000000000000000e+00 8.446651480667711667e+02 5.407322256191485772e-12 4.780361556788260486e+02 9.525502750961031779e+03 0.000000000000000000e+00 0.000000000000000000e+00
8.235294117647059403e-03 0.000000000000000000e+00 6.080840888416304324e+02 1.263466935367514887e-11 4.447290259862741664e+02 7.189201100159781163e+03 8.556743398555495332e+02 0.000000000000000000e+00
8.509803921568626778e-03 0.000000000000000000e+00 5.910782900067023320e+02 2.004830940652655952e-11 4.452810504538281862e+02 6.560449487589157798e+03 8.575346234754599664e+02 0.000000000000000000e+00
8.784313725490195887e-03 0.000000000000000000e+00 5.895988407272062659e+02 2.468042703717337068e-11 4.452878691126501849e+02 6.215865161884441477e+03 8.576104313925098950e+02 0.000000000000000000e+00
9.058823529411764996e-03 0.000000000000000000e+00 5.511661128570095798e+02 2.277498460759249797e-11 4.350720049539007164e+02 5.445328305076325705e+03 0.000000000000000000e+00 5.262759327577648037e+03
9.333333333333332371e-03 0.000000000000000000e+00 5.278726164923990609e+02 2.247385086242113077e-11 4.342875505213896759e+02 5.021237338196763631e+03 0.000000000000000000e+00 5.819504650501138713e+03
9.607843137254901481e-03 0.000000000000000000e+00 5.260885326124821404e+02 2.232057821813642401e-11 4.342757770210642434e+02 4.803742490020585137e+03 0.000000000000000000e+00 5.900489774240629231e+03
9.882352941176470590e-03 0.000000000000000000e+00 5.259555960829806054e+02 2.227373675053221773e-11 4.342756250993662093e+02 4.692072696724122579e+03 0.000000000000000000e+00 5.911762957577430825e+03
1.015686274509803970e-02 0.000000000000000000e+00 7.684320517465663443e+02 1.596216951927194244e-11 4.801051281539410525e+02 6.957533553480156115e+03 0.000000000000000000e+00 0.000000000000000000e+00
1.043137254901960707e-02 0.000000000000000000e+00 8.345317423648203885e+02 8.218697825992903163e-12 4.780549455311457336e+02 8.199743405070523295e+03 0.000000000000000000e+00 0.000000000000000000e+00
1.070588235294117618e-02 0.000000000000000000e+00 8.434165229012506870e+02 5.692239049252242705e-12 4.780363807887956682e+02 9.008579716456499227e+03 0.000000000000000000e+00 0.000000000000000000e+00
1.098039215686274529e-02 0.000000000000000000e+00 8.445609258814446321e+02 5.409426336161336022e-12 4.780361582991850469e+02 9.406018707167180764e+03 0.000000000000000000e+00 0.000000000000000000e+00
1.125490196078431267e-02 0.000000000000000000e+00 6.050413498073810388e+02 1.320538312032859625e-11 4.448868608790902499e+02 7.125204002535472682e+03 8.560853621758584495e+02 0.000000000000000000e+00
1.152941176470588178e-02 0.000000000000000000e+00 5.559950282146595555e+02 1.872224533943973071e-11 4.352091844095660917e+02 5.914698638019207465e+03 0.000000000000000000e+00 5.194806788954663716e+03
1.180392156862745089e-02 0.000000000000000000e+00 5.285819398052411771e+02 2.228578120792406944e-11 4.342949014124160954e+02 5.176916712731924235e+03 0.000000000000000000e+00 5.798598909075280972e+03
1.207843137254902000e-02 0.000000000000000000e+00 7.132824679709908651e+02 2.065651756005818416e-11 4.842768353327447244e+02 6.699416461769433226e+03 0.000000000000000000e+00 0.000000000000000000e+00
1.235294117647058737e-02 0.000000000000000000e+00 8.268731138127711802e+02 9.650395487280854871e-12 4.781044549422373393e+02 7.967832074486081183e+03 0.000000000000000000e+00 0.000000000000000000e+00
1.262745098039215648e-02 0.000000000000000000e+00 8.423328657589098611e+02 6.113876175388212269e-12 4.780369404119396108e+02 8.827342525729442059e+03 0.000000000000000000e+00 0.000000000000000000e+00
1.290196078431372559e-02 0.000000000000000000e+00 8.444404343126867616e+02 5.416567324221667353e-12 4.780361652410856550e+02 9.331438629383568696e+03 0.000000000000000000e+00 0.000000000000000000e+00
1.317647058823529296e-02 0.000000000000000000e+00 8.446557911583184932e+02 5.407363707517995594e-12 4.780361557537700605e+02 9.503582044372586097e+03 0.000000000000000000e+00 0.000000000000000000e+00
1.345098039215686207e-02 0.000000000000000000e+00 8.446651480667711667e+02 5.407322256191485772e-12 4.780361556788260486e+02 9.525502750961031779e+03 0.000000000000000000e+00 0.000000000000000000e+00
1.372549019607843118e-02 0.000000000000000000e+00 0.000000000000000000e+00 0.000000000000000000e+00 0.000000000000000000e+00 0.000000000000000000e+00 0.000000000000000000e+00 0.000000000000000000e+00
