0.000000000000000000e+00 1.000000000000000000e+00 6.000000000000000000e+00 7.000000000000000000e+00 8.000000000000000000e+00 1.400000000000000000e+01 2.600000000000000000e+01 2.900000000000000000e+01
0.000000000000000000e+00 0.000000000000000000e+00 8.446651480667711667e+02 5.407322256191485772e-12 4.780361556788260486e+02 9.525502750961031779e+03 0.000000000000000000e+00 0.000000000000000000e+00
1.386138613861386286e-04 0.000000000000000000e+00 8.446651480667711667e+02 5.407322256191485772e-12 4.780361556788260486e+02 9.525502750961031779e+03 0.000000000000000000e+00 0.000000000000000000e+00
2.772277227722772571e-04 0.000000000000000000e+00 8.446651480667711667e+02 5.407322256191485772e-12 4.780361556788260486e+02 9.525502750961031779e+03 0.000000000000000000e+00 0.000000000000000000e+00
4.158415841584158857e-04 0.000000000000000000e+00 8.446651480667711667e+02 5.407322256191485772e-12 4.780361556788260486e+02 9.525502750961031779e+03 0.000000000000000000e+00 0.000000000000000000e+00
5.544554455445545142e-04 0.000000000000000000e+00 8.446651480667711667e+02 5.407323016084865215e-12 4.780361556788260486e+02 9.524598798082346548e+03 0.000000000000000000e+00 0.000000000000000000e+00
6.930693069306931428e-04 0.000000000000000000e+00 8.446646765616976609e+02 5.407349726786787489e-12 4.780361556823771139e+02 9.514123346688924357e+03 0.000000000000000000e+00 0.000000000000000000e+00
8.316831683168317713e-04 0.000000000000000000e+00 8.446575584815424236e+02 5.407713948499458871e-12 4.780361557792261920e+02 9.483427951178118747e+03 0.000000000000000000e+00 0.000000000000000000e+00
9.702970297029703999e-04 0.000000000000000000e+00 8.446206544400737357e+02 5.411889127053933662e-12 4.780361569587915938e+02 9.420689117214258658e+03 0.000000000000000000e+00 0.000000000000000000e+00
1.108910891089109028e-03 0.000000000000000000e+00 8.444828545940671347e+02 5.454156273752863392e-12 4.780361686396033747e+02 9.311227184465042228e+03 0.000000000000000000e+00 0.000000000000000000e+00
1.247524752475247765e-03 0.000000000000000000e+00 8.440415794014854782e+02 5.800534885746446690e-12 4.780362761443900581e+02 9.135963098102200092e+03 0.000000000000000000e+00 0.000000000000000000e+00
1.386138613861386286e-03 0.000000000000000000e+00 8.427382055450542566e+02 6.780026775876720064e-12 4.780372605618501893e+02 8.893778209625586896e+03 0.000000000000000000e+00 0.000000000000000000e+00
1.524752475247524806e-03 0.000000000000000000e+00 8.391708562819748067e+02 8.556170462986671135e-12 4.780464849059358130e+02 8.589883029499236727e+03 0.000000000000000000e+00 0.000000000000000000e+00
1.663366336633663543e-03 0.000000000000000000e+00 8.295865111948110098e+02 1.155515281540469127e-11 4.781381720664110730e+02 8.217223598738843066e+03 0.000000000000000000e+00 0.000000000000000000e+00
1.801980198019802280e-03 0.000000000000000000e+00 8.027650387855150029e+02 1.667009886823087609e-11 4.791522701956683363e+02 7.754665856383174287e+03 0.000000000000000000e+00 0.000000000000000000e+00
1.940594059405940800e-03 0.000000000000000000e+00 7.354749136389858677e+02 2.596547857162261846e-11 4.861580689027687185e+02 7.170198569970309109e+03 0.000000000000000000e+00 0.000000000000000000e+00
2.079207920792079320e-03 0.000000000000000000e+00 5.894767497306389714e+02 2.499996147625462506e-11 4.452879704105858991e+02 6.056844417679321850e+03 8.576137892066353743e+02 0.000000000000000000e+00
2.217821782178218057e-03 0.000000000000000000e+00 5.894767497306389714e+02 2.499996147625462506e-11 4.452879704105858991e+02 6.056844417679321850e+03 8.576137892066353743e+02 0.000000000000000000e+00
2.356435643564356794e-03 0.000000000000000000e+00 5.894767497306389714e+02 2.499996147625462506e-11 4.452879704105858991e+02 6.056844417679321850e+03 8.576137892066353743e+02 0.000000000000000000e+00
2.495049504950495531e-03 0.000000000000000000e+00 5.894767497306389714e+02 2.499996147307736617e-11 4.452879704105858991e+02 6.056831422569649476e+03 8.576137892066353743e+02 0.000000000000000000e+00
2.633663366336633834e-03 0.000000000000000000e+00 5.894767485844963630e+02 2.499996063874002250e-11 4.452879704105570227e+02 6.055073648020407745e+03 8.576137892357678538e+02 0.000000000000000000e+00
2.772277227722772571e-03 0.000000000000000000e+00 5.894765796193784126e+02 2.499994819666505666e-11 4.452879704052501211e+02 6.047651461655258572e+03 8.576137941701196041e+02 0.000000000000000000e+00
2.910891089108911308e-03 0.000000000000000000e+00 5.894752389992613644e+02 2.499981573985982185e-11 4.452879703286818085e+02 6.030480953597892949e+03 8.576138440441688999e+02 0.000000000000000000e+00
3.049504950495049611e-03 0.000000000000000000e+00 5.894687988135011665e+02 2.499857423144771878e-11 4.452879695802416222e+02 5.998369113172734615e+03 8.576141587294520150e+02 0.000000000000000000e+00
3.188118811881188348e-03 0.000000000000000000e+00 5.894433783758247500e+02 2.498822652599372710e-11 4.452879631068740878e+02 5.944281729001284475e+03 8.576158250446986813e+02 0.000000000000000000e+00
3.326732673267327085e-03 0.000000000000000000e+00 5.893513466625906858e+02 2.494647821971169574e-11 4.452879085593421564e+02 5.862665091018093335e+03 8.576240832039657107e+02 0.000000000000000000e+00
3.465346534653465822e-03 0.000000000000000000e+00 5.890392169884295299e+02 2.487835412638855965e-11 4.452874479090154978e+02 5.756184844277093362e+03 8.576635591106283982e+02 0.000000000000000000e+00
3.603960396039604559e-03 0.000000000000000000e+00 5.880056031439510207e+02 2.478448059847292985e-11 4.452833969139346664e+02 5.623286689798585940e+03 8.578535952203210400e+02 0.000000000000000000e+00
3.742574257425742863e-03 0.000000000000000000e+00 5.844781885633972252e+02 2.465975255921926364e-11 4.452449761547365483e+02 5.457956727468786994e+03 8.588195397243639491e+02 0.000000000000000000e+00
3.881188118811881600e-03 0.000000000000000000e+00 5.713257816654884209e+02 2.448837946532736028e-11 4.448393163514904245e+02 5.245117786933854404e+03 8.642813698641197107e+02 0.000000000000000000e+00
4.019801980198019903e-03 0.000000000000000000e+00 5.259469654377603547e+02 2.227278316922250466e-11 4.342756229490342434e+02 4.651905044814672692e+03 0.000000000000000000e+00 5.913026089750008396e+03
4.158415841584158640e-03 0.000000000000000000e+00 5.259469654377603547e+02 2.227278316922250466e-11 4.342756229490342434e+02 4.651905044814672692e+03 0.000000000000000000e+00 5.913026089750008396e+03
4.297029702970297377e-03 0.000000000000000000e+00 5.259469654377603547e+02 2.227278316922250466e-11 4.342756229490342434e+02 4.651905044814672692e+03 0.000000000000000000e+00 5.913026089750008396e+03
4.435643564356436114e-03 0.000000000000000000e+00 5.259469654377603547e+02 2.227278316922250466e-11 4.342756229490342434e+02 4.651905044814672692e+03 0.000000000000000000e+00 5.913026089750008396e+03
4.574257425742574851e-03 0.000000000000000000e+00 5.259469654377603547e+02 2.227277369229713534e-11 4.342756229490342434e+02 4.653037205315290521e+03 0.000000000000000000e+00 5.913026089750008396e+03
4.712871287128713588e-03 0.000000000000000000e+00 5.259470337082867673e+02 2.227255956847691460e-11 4.342756229400221173e+02 4.662643837241374058e+03 0.000000000000000000e+00 5.913025515174741486e+03
4.851485148514852325e-03 0.000000000000000000e+00 5.259480166725863910e+02 2.227015257317061520e-11 4.342756227545700654e+02 4.689863331407979786e+03 0.000000000000000000e+00 5.913019001245335858e+03
4.990099009900991062e-03 0.000000000000000000e+00 5.259542007086544118e+02 2.224636268439853806e-11 4.342756207299332232e+02 4.746674478518879368e+03 0.000000000000000000e+00 5.912988349170095717e+03
5.128712871287128931e-03 0.000000000000000000e+00 5.259833924289677043e+02 2.203847280517899993e-11 4.342756023847933875e+02 4.849311058896773829e+03 0.000000000000000000e+00 5.912882476408887669e+03
5.267326732673267668e-03 0.000000000000000000e+00 5.261048346550441011e+02 2.075170466583859545e-11 4.342754448573460877e+02 5.019840639082466623e+03 0.000000000000000000e+00 5.912565724259688977e+03
5.405940594059406405e-03 0.000000000000000000e+00 5.265777947081951424e+02 1.839005493119264484e-11 4.342740947085914058e+02 5.265886220911495002e+03 0.000000000000000000e+00 5.911701712076471267e+03
5.544554455445545142e-03 0.000000000000000000e+00 5.283463506724964418e+02 1.552824773812577557e-11 4.342622093502394591e+02 5.596138687631547327e+03 0.000000000000000000e+00 5.909531763367396707e+03
5.683168316831683879e-03 0.000000000000000000e+00 5.350155214257434864e+02 1.232273073492592618e-11 4.341505828134285707e+02 6.033991984741463057e+03 0.000000000000000000e+00 5.904229009395949106e+03
5.821782178217822616e-03 0.000000000000000000e+00 5.618516584284130886e+02 8.776484619094809330e-12 4.329750474941299103e+02 6.628973778954851696e+03 0.000000000000000000e+00 5.890843288764219324e+03
5.960396039603961353e-03 0.000000000000000000e+00 6.394302002344956009e+02 4.656459452274705303e-12 4.272454245021501151e+02 7.403873712095536575e+03 0.000000000000000000e+00 5.863828879583640628e+03
6.099009900990099223e-03 0.000000000000000000e+00 8.446651480667711667e+02 5.407322256191485772e-12 4.780361556788260486e+02 9.525502750961031779e+03 0.000000000000000000e+00 0.000000000000000000e+00
6.237623762376237960e-03 0.000000000000000000e+00 8.446651480667711667e+02 5.407322256191485772e-12 4.780361556788260486e+02 9.525502750961031779e+03 0.000000000000000000e+00 0.000000000000000000e+00
6.376237623762376697e-03 0.000000000000000000e+00 8.446651480667711667e+02 5.407322256191485772e-12 4.780361556788260486e+02 9.525502750961031779e+03 0.000000000000000000e+00 0.000000000000000000e+00
6.514851485148515434e-03 0.000000000000000000e+00 8.446651480667711667e+02 5.407322375861778596e-12 4.780361556788260486e+02 9.525326763804208895e+03 0.000000000000000000e+00 0.000000000000000000e+00
6.653465346534654171e-03 0.000000000000000000e+00 8.446650579714248579e+02 5.407333854548971881e-12 4.780361556794474609e+02 9.518742912558458556e+03 0.000000000000000000e+00 0.000000000000000000e+00
6.792079207920792908e-03 0.000000000000000000e+00 8.446611909459504659e+02 5.407511372543247967e-12 4.780361557204346354e+02 9.494868903401729767e+03 0.000000000000000000e+00 0.000000000000000000e+00
6.930693069306931645e-03 0.000000000000000000e+00 8.446371066351133550e+02 5.409610409583030616e-12 4.780361563033173979e+02 9.442695576746711595e+03 0.000000000000000000e+00 0.000000000000000000e+00
7.069306930693070382e-03 0.000000000000000000e+00 8.445408795652614344e+02 5.431493320815026117e-12 4.780361623015397186e+02 9.348405487072937831e+03 0.000000000000000000e+00 0.000000000000000000e+00
7.207920792079209119e-03 0.000000000000000000e+00 8.442219383350835642e+02 5.636792480478208858e-12 4.780362182554085280e+02 9.193657886554847209e+03 0.000000000000000000e+00 0.000000000000000000e+00
7.346534653465346988e-03 0.000000000000000000e+00 8.432578851635116735e+02 6.431049287633016276e-12 4.780367311317230019e+02 8.969198780209491815e+03 0.000000000000000000e+00 0.000000000000000000e+00
7.485148514851485725e-03 0.000000000000000000e+00 8.405748099442043895e+02 7.948547475735083916e-12 4.780414733660163051e+02 8.683308468503368204e+03 0.000000000000000000e+00 0.000000000000000000e+00
7.623762376237624462e-03 0.000000000000000000e+00 8.333791771553732133e+02 1.053737510137909111e-11 4.780874490276840447e+02 8.329846703201141281e+03 0.000000000000000000e+00 0.000000000000000000e+00
7.762376237623763199e-03 0.000000000000000000e+00 8.136291345354525220e+02 1.490047401837917178e-11 4.785728572347128988e+02 7.889015586215998155e+03 0.000000000000000000e+00 0.000000000000000000e+00
7.900990099009901069e-03 0.000000000000000000e+00 7.563776911151369404e+02 2.276595931475740585e-11 4.836938604574348233e+02 7.318175811083870030e+03 0.000000000000000000e+00 0.000000000000000000e+00
8.039603960396039806e-03 0.000000000000000000e+00 5.894696172618846504e+02 2.499878473799172105e-11 4.452879697006099491e+02 6.001312800419347695e+03 8.576141148100789451e+02 0.000000000000000000e+00
8.178217821782178543e-03 0.000000000000000000e+00 5.894464231071535778e+02 2.498989936816742353e-11 4.452879641088773610e+02 5.949080527212727247e+03 8.576156035518488352e+02 0.000000000000000000e+00
8.316831683168317280e-03 0.000000000000000000e+00 5.893622144205348832e+02 2.495042950699120862e-11 4.452879170795164896e+02 5.869381907698758368e+03 8.576229916461441007e+02 0.000000000000000000e+00
8.455445544554456017e-03 0.000000000000000000e+00 5.890754421337330768e+02 2.488403718572770278e-11 4.452875202932307843e+02 5.764671060761891567e+03 8.576583681282672842e+02 0.000000000000000000e+00
8.594059405940594754e-03 0.000000000000000000e+00 5.881259023038240912e+02 2.479208151168745659e-11 4.452840447771812364e+02 5.635807094297052572e+03 8.578283245085355020e+02 0.000000000000000000e+00
8.732673267326733491e-03 0.000000000000000000e+00 5.848955044950492947e+02 2.466935612082095712e-11 4.452512358235478587e+02 5.485960515871730422e+03 8.586884573317358900e+02 0.000000000000000000e+00
8.871287128712872228e-03 0.000000000000000000e+00 5.728659147819297459e+02 2.449830188115166366e-11 4.448997610269981351e+02 5.310604212784244737e+03 8.635599294418849468e+02 0.000000000000000000e+00
9.009900990099010964e-03 0.000000000000000000e+00 5.259562150950125670e+02 2.223657504028724294e-11 4.342756198843611628e+02 4.758017074818183573e+03 0.000000000000000000e+00 5.912979665466928054e+03
9.148514851485149701e-03 0.000000000000000000e+00 5.259921717549912046e+02 2.195694134964402266e-11 4.342755950444159225e+02 4.868978004926137146e+03 0.000000000000000000e+00 5.912855117198958396e+03
9.287128712871288438e-03 0.000000000000000000e+00 5.261404068523482920e+02 2.045506163072567434e-11 4.342753812724507156e+02 5.050256191043664330e+03 0.000000000000000000e+00 5.912486786900517473e+03
9.425742574257427175e-03 0.000000000000000000e+00 5.267123309562221039e+02 1.800471639063876589e-11 4.342735499345901076e+02 5.307432684808963131e+03 0.000000000000000000e+00 5.911497363946446967e+03
9.564356435643565912e-03 0.000000000000000000e+00 5.288472480836855993e+02 1.507995653754272493e-11 4.342573138128767027e+02 5.650342637429412207e+03 0.000000000000000000e+00 5.909030629993151706e+03
9.702970297029704649e-03 0.000000000000000000e+00 5.369385159064194113e+02 1.181137072304070761e-11 4.341032220809200339e+02 6.097907426860209853e+03 0.000000000000000000e+00 5.902995223042059479e+03
9.841584158415843386e-03 0.000000000000000000e+00 5.699977320968654340e+02 8.202562437060874866e-12 4.324507426605467799e+02 6.696436524400533926e+03 0.000000000000000000e+00 5.887564286665537111e+03
9.980198019801982123e-03 0.000000000000000000e+00 6.493150614870224899e+02 4.355059813365103407e-12 4.265231709737391839e+02 7.391013452272824907e+03 0.000000000000000000e+00 5.860201343495706169e+03
1.011881188118811913e-02 0.000000000000000000e+00 8.444653897505550049e+02 5.462759445368813382e-12 4.780361708982411528e+02 9.299029364874964813e+03 0.000000000000000000e+00 0.000000000000000000e+00
1.025742574257425786e-02 0.000000000000000000e+00 8.439857686711652605e+02 5.849543327351237500e-12 4.780362974976757187e+02 9.109718559740951605e+03 0.000000000000000000e+00 0.000000000000000000e+00
1.039603960396039660e-02 0.000000000000000000e+00 8.425794362590178253e+02 6.877142719586493737e-12 4.780374552641537207e+02 8.842297210280934451e+03 0.000000000000000000e+00 0.000000000000000000e+00
1.053465346534653534e-02 0.000000000000000000e+00 8.387385844540381186e+02 8.721562720344601467e-12 4.780483290652376809e+02 8.496540815278591253e+03 0.000000000000000000e+00 0.000000000000000000e+00
1.067326732673267407e-02 0.000000000000000000e+00 8.284005219393769721e+02 1.182687184077472597e-11 4.781571050900168416e+02 8.066404863067887163e+03 0.000000000000000000e+00 0.000000000000000000e+00
1.081188118811881281e-02 0.000000000000000000e+00 7.992911479743540895e+02 1.710930171888462424e-11 4.793731408717557656e+02 7.536265255111902661e+03 0.000000000000000000e+00 0.000000000000000000e+00
1.095049504950495155e-02 0.000000000000000000e+00 7.303899569987770519e+02 2.652552437758719472e-11 4.866696897594656548e+02 6.901157237585780422e+03 0.000000000000000000e+00 0.000000000000000000e+00
1.108910891089109028e-02 0.000000000000000000e+00 5.882139574760475398e+02 2.465490677650542324e-11 4.452843122238148226e+02 5.825718709035269967e+03 8.578152833017761623e+02 0.000000000000000000e+00
1.122772277227722902e-02 0.000000000000000000e+00 5.852215782403649200e+02 2.358007855118924924e-11 4.452538585864461425e+02 5.828641582635651503e+03 8.586202378782976439e+02 0.000000000000000000e+00
1.136633663366336776e-02 0.000000000000000000e+00 5.740927888639614594e+02 2.106652389965102148e-11 4.449274128186948474e+02 5.860752323994194739e+03 8.631737646493680813e+02 0.000000000000000000e+00
1.150495049504950650e-02 0.000000000000000000e+00 5.275855832168919051e+02 1.637867830054427401e-11 4.342685457507189994e+02 5.492280646987498585e+03 0.000000000000000000e+00 5.910362862908608804e+03
1.164356435643564523e-02 0.000000000000000000e+00 5.321184680211729301e+02 1.325650063079417710e-11 4.342111966839908632e+02 5.895985345331516328e+03 0.000000000000000000e+00 5.906263995918312503e+03
1.178217821782178397e-02 0.000000000000000000e+00 5.498506382223948776e+02 9.777829287264875670e-12 4.336342393449274368e+02 6.438267252127746360e+03 0.000000000000000000e+00 5.896106968392526142e+03
1.192079207920792271e-02 0.000000000000000000e+00 6.178446572831670665e+02 5.900184005504699462e-12 4.288671823670049434e+02 7.195115528555936180e+03 0.000000000000000000e+00 5.871186926022976877e+03
1.205940594059406144e-02 0.000000000000000000e+00 8.446651480667711667e+02 5.407322256191485772e-12 4.780361556788260486e+02 9.525502750961031779e+03 0.000000000000000000e+00 0.000000000000000000e+00
1.219801980198019845e-02 0.000000000000000000e+00 8.446651480667711667e+02 5.407322256191485772e-12 4.780361556788260486e+02 9.525502750961031779e+03 0.000000000000000000e+00 0.000000000000000000e+00
1.233663366336633718e-02 0.000000000000000000e+00 8.446651480667711667e+02 5.407322256191485772e-12 4.780361556788260486e+02 9.525502750961031779e+03 0.000000000000000000e+00 0.000000000000000000e+00
1.247524752475247592e-02 0.000000000000000000e+00 8.446651480667711667e+02 5.407322256191485772e-12 4.780361556788260486e+02 9.525502750961031779e+03 0.000000000000000000e+00 0.000000000000000000e+00
1.261386138613861466e-02 0.000000000000000000e+00 8.446651480667711667e+02 5.407322256191485772e-12 4.780361556788260486e+02 9.525502750961031779e+03 0.000000000000000000e+00 0.000000000000000000e+00
1.275247524752475339e-02 0.000000000000000000e+00 8.446651480667711667e+02 5.407322256191485772e-12 4.780361556788260486e+02 9.525502750961031779e+03 0.000000000000000000e+00 0.000000000000000000e+00
1.289108910891089213e-02 0.000000000000000000e+00 8.446651480667711667e+02 5.407322256191485772e-12 4.780361556788260486e+02 9.525502750961031779e+03 0.000000000000000000e+00 0.000000000000000000e+00
1.302970297029703087e-02 0.000000000000000000e+00 8.446651480667711667e+02 5.407322256191485772e-12 4.780361556788260486e+02 9.525502750961031779e+03 0.000000000000000000e+00 0.000000000000000000e+00
1.316831683168316960e-02 0.000000000000000000e+00 8.446651480667711667e+02 5.407322256191486580e-12 4.780361556788260486e+02 9.525502750961031779e+03 0.000000000000000000e+00 0.000000000000000000e+00
1.330693069306930834e-02 0.000000000000000000e+00 8.446651480667711667e+02 5.407322256191487388e-12 4.780361556788260486e+02 9.525502750961031779e+03 0.000000000000000000e+00 0.000000000000000000e+00
1.344554455445544708e-02 0.000000000000000000e+00 8.446651480667711667e+02 5.407322256191484964e-12 4.780361556788260486e+02 9.525502750961031779e+03 0.000000000000000000e+00 0.000000000000000000e+00
1.358415841584158582e-02 0.000000000000000000e+00 8.446651480667711667e+02 5.407322256191488195e-12 4.780361556788260486e+02 9.525502750961031779e+03 0.000000000000000000e+00 0.000000000000000000e+00
1.372277227722772455e-02 0.000000000000000000e+00 8.446651480667711667e+02 5.407322256191487388e-12 4.780361556788260486e+02 9.525502750961031779e+03 0.000000000000000000e+00 0.000000000000000000e+00
1.386138613861386329e-02 0.000000000000000000e+00 0.000000000000000000e+00 0.000000000000000000e+00 0.000000000000000000e+00 0.000000000000000000e+00 0.000000000000000000e+00 0.000000000000000000e+00
