0.000000000000000000e+00 1.000000000000000000e+00 6.000000000000000000e+00 7.000000000000000000e+00 8.000000000000000000e+00 1.400000000000000000e+01 2.600000000000000000e+01 2.900000000000000000e+01
0.000000000000000000e+00 0.000000000000000000e+00 5.161897302756419776e+03 1.920082469754440240e+02 9.695620246832548219e+03 2.572679683028494765e+04 0.000000000000000000e+00 0.000000000000000000e+00
2.745098039215686215e-04 0.000000000000000000e+00 5.161897302756419776e+03 1.920082469754440240e+02 9.695620246832548219e+03 2.572679683028494765e+04 0.000000000000000000e+00 0.000000000000000000e+00
5.490196078431372429e-04 0.000000000000000000e+00 5.161897302756419776e+03 1.920082469754440240e+02 9.695620246832548219e+03 2.572679683028494765e+04 0.000000000000000000e+00 0.000000000000000000e+00
8.235294117647058102e-04 0.000000000000000000e+00 5.161897302756419776e+03 1.920082469754440240e+02 9.695620246832548219e+03 2.572679683028494765e+04 0.000000000000000000e+00 0.000000000000000000e+00
1.098039215686274486e-03 0.000000000000000000e+00 5.161897302756419776e+03 1.920082469754440240e+02 9.695620246832548219e+03 2.572679683028494765e+04 0.000000000000000000e+00 0.000000000000000000e+00
1.372549019607843162e-03 0.000000000000000000e+00 5.161897302756419776e+03 1.920082469754440240e+02 9.695620246832548219e+03 2.572679683028494765e+04 0.000000000000000000e+00 0.000000000000000000e+00
1.647058823529411620e-03 0.000000000000000000e+00 5.161897302756419776e+03 1.920082469754440240e+02 9.695620246832548219e+03 2.572679683028494765e+04 0.000000000000000000e+00 0.000000000000000000e+00
1.921568627450980296e-03 0.000000000000000000e+00 5.161897302756419776e+03 1.920082469754440240e+02 9.695620246832548219e+03 2.572679683028494765e+04 0.000000000000000000e+00 0.000000000000000000e+00
2.196078431372548972e-03 0.000000000000000000e+00 4.198956396073841461e+03 1.652564499844213515e+02 8.224476123658141660e+03 2.214237763541003733e+04 1.146623752762832373e+04 0.000000000000000000e+00
2.470588235294117647e-03 0.000000000000000000e+00 4.198956396073841461e+03 1.652564499844213515e+02 8.224476123658141660e+03 2.214237763541003733e+04 1.146623752762832373e+04 0.000000000000000000e+00
2.745098039215686323e-03 0.000000000000000000e+00 4.198956396073841461e+03 1.652564499844213515e+02 8.224476123658141660e+03 2.214237763541003733e+04 1.146623752762832373e+04 0.000000000000000000e+00
3.019607843137254999e-03 0.000000000000000000e+00 4.198956396073841461e+03 1.652564499844213515e+02 8.224476123658141660e+03 2.214237763541003733e+04 1.146623752762832373e+04 0.000000000000000000e+00
3.294117647058823241e-03 0.000000000000000000e+00 4.198956396073841461e+03 1.652564499844213515e+02 8.224476123658141660e+03 2.214237763541003733e+04 1.146623752762832373e+04 0.000000000000000000e+00
3.568627450980391917e-03 0.000000000000000000e+00 4.198956396073841461e+03 1.652564499844213515e+02 8.224476123658141660e+03 2.214237763541003733e+04 1.146623752762832373e+04 0.000000000000000000e+00
3.843137254901960592e-03 0.000000000000000000e+00 4.198956396073841461e+03 1.652564499844213515e+02 8.224476123658141660e+03 2.214237763541003733e+04 1.146623752762832373e+04 0.000000000000000000e+00
4.117647058823529702e-03 0.000000000000000000e+00 3.914319927957356413e+03 1.512320560913675251e+02 7.784333700324611527e+03 2.026327745071521713e+04 0.000000000000000000e+00 3.223226037615909081e+04
4.392156862745097944e-03 0.000000000000000000e+00 3.914319927957356413e+03 1.512320560913675251e+02 7.784333700324611527e+03 2.026327745071521713e+04 0.000000000000000000e+00 3.223226037615909081e+04
4.666666666666666186e-03 0.000000000000000000e+00 3.914319927957356413e+03 1.512320560913675251e+02 7.784333700324611527e+03 2.026327745071521713e+04 0.000000000000000000e+00 3.223226037615909081e+04
4.941176470588235295e-03 0.000000000000000000e+00 3.914319927957356413e+03 1.512320560913675251e+02 7.784333700324611527e+03 2.026327745071521713e+04 0.000000000000000000e+00 3.223226037615909081e+04
5.215686274509803537e-03 0.000000000000000000e+00 3.914319927957356413e+03 1.512320560913675251e+02 7.784333700324611527e+03 2.026327745071521713e+04 0.000000000000000000e+00 3.223226037615909081e+04
5.490196078431372646e-03 0.000000000000000000e+00 3.914319927957356413e+03 1.512320560913675251e+02 7.784333700324611527e+03 2.026327745071521713e+04 0.000000000000000000e+00 3.223226037615909081e+04
5.764705882352940888e-03 0.000000000000000000e+00 3.914319927957356413e+03 1.512320560913675251e+02 7.784333700324611527e+03 2.026327745071521713e+04 0.000000000000000000e+00 3.223226037615909081e+04
6.039215686274509998e-03 0.000000000000000000e+00 5.161897302756419776e+03 1.920082469754440240e+02 9.695620246832548219e+03 2.572679683028494765e+04 0.000000000000000000e+00 0.000000000000000000e+00
6.313725490196078240e-03 0.000000000000000000e+00 5.161897302756419776e+03 1.920082469754440240e+02 9.695620246832548219e+03 2.572679683028494765e+04 0.000000000000000000e+00 0.000000000000000000e+00
6.588235294117646482e-03 0.000000000000000000e+00 5.161897302756419776e+03 1.920082469754440240e+02 9.695620246832548219e+03 2.572679683028494765e+04 0.000000000000000000e+00 0.000000000000000000e+00
6.862745098039215591e-03 0.000000000000000000e+00 5.161897302756419776e+03 1.920082469754440240e+02 9.695620246832548219e+03 2.572679683028494765e+04 0.000000000000000000e+00 0.000000000000000000e+00
7.137254901960783833e-03 0.000000000000000000e+00 5.161897302756419776e+03 1.920082469754440240e+02 9.695620246832548219e+03 2.572679683028494765e+04 0.000000000000000000e+00 0.000000000000000000e+00
7.411764705882352942e-03 0.000000000000000000e+00 5.161897302756419776e+03 1.920082469754440240e+02 9.695620246832548219e+03 2.572679683028494765e+04 0.000000000000000000e+00 0.000000000000000000e+00
7.686274509803921184e-03 0.000000000000000000e+00 5.161897302756419776e+03 1.920082469754440240e+02 9.695620246832548219e+03 2.572679683028494765e+04 0.000000000000000000e+00 0.000000000000000000e+00
7.960784313725490294e-03 0.000000000000000000e+00 5.161897302756419776e+03 1.920082469754440240e+02 9.695620246832548219e+03 2.572679683028494765e+04 0.000000000000000000e+00 0.000000000000000000e+00
8.235294117647059403e-03 0.000000000000000000e+00 4.198956396073841461e+03 1.652564499844213515e+02 8.224476123658141660e+03 2.214237763541003733e+04 1.146623752762832373e+04 0.000000000000000000e+00
8.509803921568626778e-03 0.000000000000000000e+00 4.198956396073841461e+03 1.652564499844213515e+02 8.224476123658141660e+03 2.214237763541003733e+04 1.146623752762832373e+04 0.000000000000000000e+00
8.784313725490195887e-03 0.000000000000000000e+00 4.198956396073841461e+03 1.652564499844213515e+02 8.224476123658141660e+03 2.214237763541003733e+04 1.146623752762832373e+04 0.000000000000000000e+00
9.058823529411764996e-03 0.000000000000000000e+00 3.914319927957356413e+03 1.512320560913675251e+02 7.784333700324611527e+03 2.026327745071521713e+04 0.000000000000000000e+00 3.223226037615909081e+04
9.333333333333332371e-03 0.000000000000000000e+00 3.914319927957356413e+03 1.512320560913675251e+02 7.784333700324611527e+03 2.026327745071521713e+04 0.000000000000000000e+00 3.223226037615909081e+04
9.607843137254901481e-03 0.000000000000000000e+00 3.914319927957356413e+03 1.512320560913675251e+02 7.784333700324611527e+03 2.026327745071521713e+04 0.000000000000000000e+00 3.223226037615909081e+04
9.882352941176470590e-03 0.000000000000000000e+00 3.914319927957356413e+03 1.512320560913675251e+02 7.784333700324611527e+03 2.026327745071521713e+04 0.000000000000000000e+00 3.223226037615909081e+04
1.015686274509803970e-02 0.000000000000000000e+00 5.161897302756419776e+03 1.920082469754440240e+02 9.695620246832548219e+03 2.572679683028494765e+04 0.000000000000000000e+00 0.000000000000000000e+00
1.043137254901960707e-02 0.000000000000000000e+00 5.161897302756419776e+03 1.920082469754440240e+02 9.695620246832548219e+03 2.572679683028494765e+04 0.000000000000000000e+00 0.000000000000000000e+00
1.070588235294117618e-02 0.000000000000000000e+00 5.161897302756419776e+03 1.920082469754440240e+02 9.695620246832548219e+03 2.572679683028494765e+04 0.000000000000000000e+00 0.000000000000000000e+00
1.098039215686274529e-02 0.000000000000000000e+00 5.161897302756419776e+03 1.920082469754440240e+02 9.695620246832548219e+03 2.572679683028494765e+04 0.000000000000000000e+00 0.000000000000000000e+00
1.125490196078431267e-02 0.000000000000000000e+00 4.198956396073841461e+03 1.652564499844213515e+02 8.224476123658141660e+03 2.214237763541003733e+04 1.146623752762832373e+04 0.000000000000000000e+00
1.152941176470588178e-02 0.000000000000000000e+00 3.914319927957356413e+03 1.512320560913675251e+02 7.784333700324611527e+03 2.026327745071521713e+04 0.000000000000000000e+00 3.223226037615909081e+04
1.180392156862745089e-02 0.000000000000000000e+00 3.914319927957356413e+03 1.512320560913675251e+02 7.784333700324611527e+03 2.026327745071521713e+04 0.000000000000000000e+00 3.223226037615909081e+04
1.207843137254902000e-02 0.000000000000000000e+00 5.161897302756419776e+03 1.920082469754440240e+02 9.695620246832548219e+03 2.572679683028494765e+04 0.000000000000000000e+00 0.000000000000000000e+00
1.235294117647058737e-02 0.000000000000000000e+00 5.161897302756419776e+03 1.920082469754440240e+02 9.695620246832548219e+03 2.572679683028494765e+04 0.000000000000000000e+00 0.000000000000000000e+00
1.262745098039215648e-02 0.000000000000000000e+00 5.161897302756419776e+03 1.920082469754440240e+02 9.695620246832548219e+03 2.572679683028494765e+04 0.000000000000000000e+00 0.000000000000000000e+00
1.290196078431372559e-02 0.000000000000000000e+00 5.161897302756419776e+03 1.920082469754440240e+02 9.695620246832548219e+03 2.572679683028494765e+04 0.000000000000000000e+00 0.000000000000000000e+00
1.317647058823529296e-02 0.000000000000000000e+00 5.161897302756419776e+03 1.920082469754440240e+02 9.695620246832548219e+03 2.572679683028494765e+04 0.000000000000000000e+00 0.000000000000000000e+00
1.345098039215686207e-02 0.000000000000000000e+00 5.161897302756419776e+03 1.920082469754440240e+02 9.695620246832548219e+03 2.572679683028494765e+04 0.000000000000000000e+00 0.000000000000000000e+00
1.372549019607843118e-02 0.000000000000000000e+00 0.000000000000000000e+00 0.000000000000000000e+00 0.000000000000000000e+00 0.000000000000000000e+00 0.000000000000000000e+00 0.000000000000000000e+00
