0.000000000000000000e+00 1.000000000000000000e+00 6.000000000000000000e+00 7.000000000000000000e+00 8.000000000000000000e+00 1.400000000000000000e+01 2.600000000000000000e+01 2.900000000000000000e+01
0.000000000000000000e+00 0.000000000000000000e+00 8.446471695902951069e+02 5.407322256191482541e-12 4.780438357673608607e+02 9.525502750961019046e+03 0.000000000000000000e+00 0.000000000000000000e+00
1.386138613861386286e-04 0.000000000000000000e+00 8.446471695902951069e+02 5.407322256191480925e-12 4.780438357673608607e+02 9.525502750961013589e+03 0.000000000000000000e+00 0.000000000000000000e+00
2.772277227722772571e-04 0.000000000000000000e+00 8.446471695902951069e+02 5.407322256191480925e-12 4.780438357673608607e+02 9.525502750961013589e+03 0.000000000000000000e+00 0.000000000000000000e+00
4.158415841584158857e-04 0.000000000000000000e+00 8.446471695902951069e+02 5.407322256191481733e-12 4.780438357673608607e+02 9.525502750961009951e+03 0.000000000000000000e+00 0.000000000000000000e+00
5.544554455445545142e-04 0.000000000000000000e+00 8.446471695902951069e+02 5.407322256191484156e-12 4.780438357673608607e+02 9.525502750961011770e+03 0.000000000000000000e+00 0.000000000000000000e+00
6.930693069306931428e-04 0.000000000000000000e+00 8.446471695902951069e+02 5.407322256191484156e-12 4.780438357673608607e+02 9.525502750961017227e+03 0.000000000000000000e+00 0.000000000000000000e+00
8.316831683168317713e-04 0.000000000000000000e+00 8.446471695902951069e+02 5.407322256191482541e-12 4.780438357673608607e+02 9.525502750961013589e+03 0.000000000000000000e+00 0.000000000000000000e+00
9.702970297029703999e-04 0.000000000000000000e+00 8.446471695902951069e+02 5.407322256191482541e-12 4.780438357673608607e+02 9.525502750961015408e+03 0.000000000000000000e+00 0.000000000000000000e+00
1.108910891089109028e-03 0.000000000000000000e+00 8.446471695902951069e+02 5.407322256191482541e-12 4.780438357673608607e+02 9.525502750961019046e+03 0.000000000000000000e+00 0.000000000000000000e+00
1.247524752475247765e-03 0.000000000000000000e+00 8.446471695902951069e+02 5.407322256191482541e-12 4.780438357673608607e+02 9.525502750961019046e+03 0.000000000000000000e+00 0.000000000000000000e+00
1.386138613861386286e-03 0.000000000000000000e+00 8.446471695902951069e+02 5.407322256191482541e-12 4.780438357673608607e+02 9.525502750961019046e+03 0.000000000000000000e+00 0.000000000000000000e+00
1.524752475247524806e-03 0.000000000000000000e+00 8.446471695902951069e+02 5.407322256191482541e-12 4.780438357673608607e+02 9.525502750961019046e+03 0.000000000000000000e+00 0.000000000000000000e+00
1.663366336633663543e-03 0.000000000000000000e+00 8.446471695902951069e+02 5.407322256191482541e-12 4.780438357673608607e+02 9.525502750961019046e+03 0.000000000000000000e+00 0.000000000000000000e+00
1.801980198019802280e-03 0.000000000000000000e+00 8.446471695902951069e+02 5.407322256191482541e-12 4.780438357673608607e+02 9.525502750961019046e+03 0.000000000000000000e+00 0.000000000000000000e+00
1.940594059405940800e-03 0.000000000000000000e+00 8.446471695902951069e+02 5.407322256191482541e-12 4.780438357673608607e+02 9.525502750961019046e+03 0.000000000000000000e+00 0.000000000000000000e+00
2.079207920792079320e-03 0.000000000000000000e+00 6.581939177349718193e+02 7.498833413527169113e-12 4.396873934853879291e+02 7.782341112353984499e+03 8.467163837819078935e+02 0.000000000000000000e+00
2.217821782178218057e-03 0.000000000000000000e+00 6.070469986078849161e+02 1.208391906964995891e-11 4.448234285276370201e+02 7.243833097232305590e+03 8.558525879602774467e+02 0.000000000000000000e+00
2.356435643564356794e-03 0.000000000000000000e+00 5.944546271915053239e+02 1.613636640027995033e-11 4.452464889956166871e+02 6.867336804926475452e+03 8.572807507765264745e+02 0.000000000000000000e+00
2.495049504950495531e-03 0.000000000000000000e+00 5.909028998763783420e+02 1.970139786554477027e-11 4.452891351426853817e+02 6.585990610658712285e+03 8.575481305534997318e+02 0.000000000000000000e+00
2.633663366336633834e-03 0.000000000000000000e+00 5.898659117589216976e+02 2.269946264120845445e-11 4.452938491055651298e+02 6.375168987559146444e+03 8.576019963958382277e+02 0.000000000000000000e+00
2.772277227722772571e-03 0.000000000000000000e+00 5.895700455394834307e+02 2.460779230234769833e-11 4.452943963792255886e+02 6.225815550612083825e+03 8.576130501339146122e+02 0.000000000000000000e+00
2.910891089108911308e-03 0.000000000000000000e+00 5.894911873820216215e+02 2.496282323199432977e-11 4.452944603413315008e+02 6.135636135974498757e+03 8.576152416217706786e+02 0.000000000000000000e+00
3.049504950495049611e-03 0.000000000000000000e+00 5.894720478592028030e+02 2.499689221687959963e-11 4.452944676318445545e+02 6.086904264768060784e+03 8.576156504642112850e+02 0.000000000000000000e+00
3.188118811881188348e-03 0.000000000000000000e+00 5.894682140572235767e+02 2.499975586784188567e-11 4.452944683760287603e+02 6.064475599201255136e+03 8.576157159845612341e+02 0.000000000000000000e+00
3.326732673267327085e-03 0.000000000000000000e+00 5.894677342537602271e+02 2.499995619526277688e-11 4.452944684290934561e+02 6.057359630946582001e+03 8.576157228809767048e+02 0.000000000000000000e+00
3.465346534653465822e-03 0.000000000000000000e+00 5.894677220729654437e+02 2.499996147625463475e-11 4.452944684300242102e+02 6.056844417679328217e+03 8.576157230406115559e+02 0.000000000000000000e+00
3.603960396039604559e-03 0.000000000000000000e+00 5.894677220729654437e+02 2.499996147625463475e-11 4.452944684300242102e+02 6.056844417679328217e+03 8.576157230406115559e+02 0.000000000000000000e+00
3.742574257425742863e-03 0.000000000000000000e+00 5.894677220729654437e+02 2.499996147625463475e-11 4.452944684300242102e+02 6.056844417679328217e+03 8.576157230406115559e+02 0.000000000000000000e+00
3.881188118811881600e-03 0.000000000000000000e+00 5.894677220729654437e+02 2.499996147625463475e-11 4.452944684300242102e+02 6.056844417679328217e+03 8.576157230406115559e+02 0.000000000000000000e+00
4.019801980198019903e-03 0.000000000000000000e+00 5.621021411524060341e+02 2.284831777309758118e-11 4.357517914021664183e+02 5.507233607782790386e+03 0.000000000000000000e+00 5.053899492466681295e+03
4.158415841584158640e-03 0.000000000000000000e+00 5.344433302863305926e+02 2.263742272339987065e-11 4.344211083400847997e+02 5.238492967009063250e+03 0.000000000000000000e+00 5.625384495547728875e+03
4.297029702970297377e-03 0.000000000000000000e+00 5.280687689777599871e+02 2.250230659006659818e-11 4.342950933989005762e+02 5.059451492489168231e+03 0.000000000000000000e+00 5.810556601894186315e+03
4.435643564356436114e-03 0.000000000000000000e+00 5.265038161098011642e+02 2.240431485929976489e-11 4.342834394145959891e+02 4.925972290594703736e+03 0.000000000000000000e+00 5.875508910611882129e+03
4.574257425742574851e-03 0.000000000000000000e+00 5.260890128742762499e+02 2.233390556810163557e-11 4.342822200573219220e+02 4.824359337302680615e+03 0.000000000000000000e+00 5.899662698716960222e+03
4.712871287128713588e-03 0.000000000000000000e+00 5.259776041650354728e+02 2.228880314232752531e-11 4.342820837641592107e+02 4.749030722331103789e+03 0.000000000000000000e+00 5.908563762110337848e+03
4.851485148514852325e-03 0.000000000000000000e+00 5.259489002659827293e+02 2.227440388527823075e-11 4.342820681136052485e+02 4.699786613711747123e+03 0.000000000000000000e+00 5.911621411010505653e+03
4.990099009900991062e-03 0.000000000000000000e+00 5.259420107233926274e+02 2.227292406313638169e-11 4.342820663384815134e+02 4.672114442612383755e+03 0.000000000000000000e+00 5.912581990127311656e+03
5.128712871287128931e-03 0.000000000000000000e+00 5.259405564026324100e+02 2.227279369617545104e-11 4.342820661496608068e+02 4.658283113248833615e+03 0.000000000000000000e+00 5.912843900520220814e+03
5.267326732673267668e-03 0.000000000000000000e+00 5.259403295984328679e+02 2.227278366219314995e-11 4.342820661335025534e+02 4.652875034714281355e+03 0.000000000000000000e+00 5.912895793967887585e+03
5.405940594059406405e-03 0.000000000000000000e+00 5.259403145492559588e+02 2.227278316922250789e-11 4.342820661328303800e+02 4.651905044814674511e+03 0.000000000000000000e+00 5.912900033502826773e+03
5.544554455445545142e-03 0.000000000000000000e+00 5.259403145492559588e+02 2.227278316922250789e-11 4.342820661328303800e+02 4.651905044814674511e+03 0.000000000000000000e+00 5.912900033502826773e+03
5.683168316831683879e-03 0.000000000000000000e+00 5.259403145492559588e+02 2.227278316922250789e-11 4.342820661328303800e+02 4.651905044814674511e+03 0.000000000000000000e+00 5.912900033502826773e+03
5.821782178217822616e-03 0.000000000000000000e+00 5.259403145492559588e+02 2.227278316922250789e-11 4.342820661328303800e+02 4.651905044814674511e+03 0.000000000000000000e+00 5.912900033502826773e+03
5.960396039603961353e-03 0.000000000000000000e+00 5.259403145492559588e+02 2.227278316922250789e-11 4.342820661328303800e+02 4.651905044814674511e+03 0.000000000000000000e+00 5.912900033502826773e+03
6.099009900990099223e-03 0.000000000000000000e+00 7.418107800519164812e+02 1.920092644190078606e-11 4.817076171354290750e+02 6.599366360776475631e+03 0.000000000000000000e+00 0.000000000000000000e+00
6.237623762376237960e-03 0.000000000000000000e+00 8.097528219733735568e+02 1.273247191731701285e-11 4.783352750246185678e+02 7.380812644829590681e+03 0.000000000000000000e+00 0.000000000000000000e+00
6.376237623762376697e-03 0.000000000000000000e+00 8.320240966080640419e+02 9.177983236331911404e-12 4.780713088070763774e+02 7.991103225692355409e+03 0.000000000000000000e+00 0.000000000000000000e+00
6.514851485148515434e-03 0.000000000000000000e+00 8.401170640830699767e+02 7.109949742528853280e-12 4.780466510325012450e+02 8.486334863871685229e+03 0.000000000000000000e+00 0.000000000000000000e+00
6.653465346534654171e-03 0.000000000000000000e+00 8.431163423795597964e+02 5.951975721350058484e-12 4.780441359873737497e+02 8.883876993083871639e+03 0.000000000000000000e+00 0.000000000000000000e+00
6.792079207920792908e-03 0.000000000000000000e+00 8.441771267601973250e+02 5.473505725326384270e-12 4.780438677609644742e+02 9.178817097249730068e+03 0.000000000000000000e+00 0.000000000000000000e+00
6.930693069306931645e-03 0.000000000000000000e+00 8.445204265778470472e+02 5.412741413690390676e-12 4.780438390326504532e+02 9.361610204721184346e+03 0.000000000000000000e+00 0.000000000000000000e+00
7.069306930693070382e-03 0.000000000000000000e+00 8.446204914202139662e+02 5.407700369862671500e-12 4.780438360542788132e+02 9.463373752607933056e+03 0.000000000000000000e+00 0.000000000000000000e+00
7.207920792079209119e-03 0.000000000000000000e+00 8.446439169099293167e+02 5.407342797062326075e-12 4.780438357837269905e+02 9.510725695169097889e+03 0.000000000000000000e+00 0.000000000000000000e+00
7.346534653465346988e-03 0.000000000000000000e+00 8.446471160452521190e+02 5.407322556164725360e-12 4.780438357675137127e+02 9.524863678491132305e+03 0.000000000000000000e+00 0.000000000000000000e+00
7.485148514851485725e-03 0.000000000000000000e+00 8.446471695902951069e+02 5.407322256191482541e-12 4.780438357673608607e+02 9.525502750961019046e+03 0.000000000000000000e+00 0.000000000000000000e+00
7.623762376237624462e-03 0.000000000000000000e+00 8.446471695902951069e+02 5.407322256191482541e-12 4.780438357673608607e+02 9.525502750961019046e+03 0.000000000000000000e+00 0.000000000000000000e+00
7.762376237623763199e-03 0.000000000000000000e+00 8.446471695902951069e+02 5.407322256191482541e-12 4.780438357673608607e+02 9.525502750961019046e+03 0.000000000000000000e+00 0.000000000000000000e+00
7.900990099009901069e-03 0.000000000000000000e+00 8.446471695902951069e+02 5.407322256191482541e-12 4.780438357673608607e+02 9.525502750961019046e+03 0.000000000000000000e+00 0.000000000000000000e+00
8.039603960396039806e-03 0.000000000000000000e+00 6.926691168484431955e+02 5.707665523967407475e-12 4.342039850035404811e+02 7.996721784641923477e+03 8.391447942747404340e+02 0.000000000000000000e+00
8.178217821782178543e-03 0.000000000000000000e+00 6.149649426814520439e+02 1.081991024295897989e-11 4.443685340776193584e+02 7.376379633970714167e+03 8.547241868051286247e+02 0.000000000000000000e+00
8.316831683168317280e-03 0.000000000000000000e+00 5.965845423944300592e+02 1.502394350122818418e-11 4.452035713756369546e+02 6.963884927329881975e+03 8.570825771689129624e+02 0.000000000000000000e+00
8.455445544554456017e-03 0.000000000000000000e+00 5.915190890185854187e+02 1.872716196547591056e-11 4.452845609537583300e+02 6.658655294173174298e+03 8.575093492615707191e+02 0.000000000000000000e+00
8.594059405940594754e-03 0.000000000000000000e+00 5.900455729708359058e+02 2.191504353473740973e-11 4.452933276373527747e+02 6.429106553521851311e+03 8.575940445188419972e+02 0.000000000000000000e+00
8.732673267326733491e-03 0.000000000000000000e+00 5.896199209831205508e+02 2.425724587010664779e-11 4.452943352187090227e+02 6.262130906200796744e+03 8.576114355993215668e+02 0.000000000000000000e+00
8.871287128712872228e-03 0.000000000000000000e+00 5.895040410907108708e+02 2.492563931717040958e-11 4.452944532314098183e+02 6.156337430384047366e+03 8.576149281241619065e+02 0.000000000000000000e+00
9.009900990099010964e-03 0.000000000000000000e+00 5.643264583414078288e+02 2.286057915587692986e-11 4.358755518381955767e+02 5.566887748775956425e+03 0.000000000000000000e+00 5.012616081432144711e+03
9.148514851485149701e-03 0.000000000000000000e+00 5.353738747301044896e+02 2.264882592410984441e-11 4.344480116650130981e+02 5.264424408191303883e+03 0.000000000000000000e+00 5.602325769132223286e+03
9.287128712871288438e-03 0.000000000000000000e+00 5.282840864031855972e+02 2.251064527835025608e-11 4.342974251457520154e+02 5.071753390950976609e+03 0.000000000000000000e+00 5.802895116640683227e+03
9.425742574257427175e-03 0.000000000000000000e+00 5.265596094761717723e+02 2.241028382713947185e-11 4.342836742577365499e+02 4.934330810634299269e+03 0.000000000000000000e+00 5.872703032094492301e+03
9.564356435643565912e-03 0.000000000000000000e+00 5.261040583817854213e+02 2.233809273550759832e-11 4.342822458892370037e+02 4.830693144770725667e+03 0.000000000000000000e+00 5.898612843690374575e+03
9.702970297029704649e-03 0.000000000000000000e+00 5.259815804568886506e+02 2.229103500933596211e-11 4.342820867135734488e+02 4.753560037931235456e+03 0.000000000000000000e+00 5.908188219348851817e+03
9.841584158415843386e-03 0.000000000000000000e+00 5.259498940292328371e+02 2.227471882955017874e-11 4.342820684563577629e+02 4.702500254951849456e+03 0.000000000000000000e+00 5.911497904248212762e+03
9.980198019801982123e-03 0.000000000000000000e+00 5.259422340235056481e+02 2.227295169632190152e-11 4.342820663758499222e+02 4.673553711185243628e+03 0.000000000000000000e+00 5.912545806092171006e+03
1.011881188118811913e-02 0.000000000000000000e+00 7.573780265821128523e+02 1.799674807887684057e-11 4.805354881726977396e+02 6.737690928676629483e+03 0.000000000000000000e+00 0.000000000000000000e+00
1.025742574257425786e-02 0.000000000000000000e+00 8.145264302211218137e+02 1.210180075102993803e-11 4.782498558607292694e+02 7.478190817577968119e+03 0.000000000000000000e+00 0.000000000000000000e+00
1.039603960396039660e-02 0.000000000000000000e+00 8.337251785199587175e+02 8.811820819038223347e-12 4.780635611045133828e+02 8.068165004384783970e+03 0.000000000000000000e+00 0.000000000000000000e+00
1.053465346534653534e-02 0.000000000000000000e+00 8.407493644239741570e+02 6.895647617568357192e-12 4.780458736013519569e+02 8.549015208744418487e+03 0.000000000000000000e+00 0.000000000000000000e+00
1.067326732673267407e-02 0.000000000000000000e+00 8.433460957351380785e+02 5.842870510530157436e-12 4.780440535457564124e+02 8.932628838726830509e+03 0.000000000000000000e+00 0.000000000000000000e+00
1.081188118811881281e-02 0.000000000000000000e+00 8.442536123739148479e+02 5.454319380263020022e-12 4.780438589307163966e+02 9.210979185494321428e+03 0.000000000000000000e+00 0.000000000000000000e+00
1.095049504950495155e-02 0.000000000000000000e+00 8.445436624534968360e+02 5.411013131936046528e-12 4.780438381042857259e+02 9.380563775095622987e+03 0.000000000000000000e+00 0.000000000000000000e+00
1.108910891089109028e-02 0.000000000000000000e+00 6.513048306086657249e+02 7.838364457510299008e-12 4.406540203708789818e+02 7.688723133845920529e+03 8.481489898546508357e+02 0.000000000000000000e+00
1.122772277227722902e-02 0.000000000000000000e+00 6.055018332614497467e+02 1.240510129785683164e-11 4.448962048363450776e+02 7.203485854517526604e+03 8.560555788785229652e+02 0.000000000000000000e+00
1.136633663366336776e-02 0.000000000000000000e+00 5.940300192564719737e+02 1.640631365693738394e-11 4.452535869160871584e+02 6.844277484117775202e+03 8.573174896314687885e+02 0.000000000000000000e+00
1.150495049504950650e-02 0.000000000000000000e+00 5.663700625753880331e+02 1.824093037679899961e-11 4.359272044859972084e+02 6.007085990450696045e+03 0.000000000000000000e+00 5.008737160968636090e+03
1.164356435643564523e-02 0.000000000000000000e+00 5.361854517869031724e+02 2.072277356672963155e-11 4.344628671533081956e+02 5.534183525257331894e+03 0.000000000000000000e+00 5.593605914392544946e+03
1.178217821782178397e-02 0.000000000000000000e+00 5.284709246645932126e+02 2.221407191545503768e-11 4.342986799590943292e+02 5.216257206418716123e+03 0.000000000000000000e+00 5.799985107347226403e+03
1.192079207920792271e-02 0.000000000000000000e+00 5.266043742336784135e+02 2.238536386748732562e-11 4.342838012329606272e+02 5.001877312105387318e+03 0.000000000000000000e+00 5.871535399631806285e+03
1.205940594059406144e-02 0.000000000000000000e+00 6.998849449259747644e+02 2.222598250411166724e-11 4.860491598140548035e+02 6.569378568371988877e+03 0.000000000000000000e+00 0.000000000000000000e+00
1.219801980198019845e-02 0.000000000000000000e+00 7.977603334531904693e+02 1.420174003121561490e-11 4.786285284751401150e+02 7.328904870841314732e+03 0.000000000000000000e+00 0.000000000000000000e+00
1.233663366336633718e-02 0.000000000000000000e+00 8.278228178116875142e+02 1.000931276071609925e-11 4.780971309123881383e+02 7.906124065223611069e+03 0.000000000000000000e+00 0.000000000000000000e+00
1.247524752475247592e-02 0.000000000000000000e+00 8.385596672576670016e+02 7.589818860229715381e-12 4.780491956638738316e+02 8.389843749707593815e+03 0.000000000000000000e+00 0.000000000000000000e+00
1.261386138613861466e-02 0.000000000000000000e+00 8.425431396490355382e+02 6.208381979444543391e-12 4.780444029783107567e+02 8.792133378421924135e+03 0.000000000000000000e+00 0.000000000000000000e+00
1.275247524752475339e-02 0.000000000000000000e+00 8.439819227226469138e+02 5.540269384821805089e-12 4.780438964392224648e+02 9.108977088959740286e+03 0.000000000000000000e+00 0.000000000000000000e+00
1.289108910891089213e-02 0.000000000000000000e+00 8.444593290211417980e+02 5.418478126530979925e-12 4.780438420882502442e+02 9.319203123963949110e+03 0.000000000000000000e+00 0.000000000000000000e+00
1.302970297029703087e-02 0.000000000000000000e+00 8.446039353803212180e+02 5.408146703748270644e-12 4.780438363556501145e+02 9.440829573751612770e+03 0.000000000000000000e+00 0.000000000000000000e+00
1.316831683168316960e-02 0.000000000000000000e+00 8.446406610774748742e+02 5.407371667233813242e-12 4.780438358073492395e+02 9.501470527937286533e+03 0.000000000000000000e+00 0.000000000000000000e+00
1.330693069306930834e-02 0.000000000000000000e+00 8.446468908658802093e+02 5.407323703886486440e-12 4.780438357682374431e+02 9.523116953782227938e+03 0.000000000000000000e+00 0.000000000000000000e+00
1.344554455445544708e-02 0.000000000000000000e+00 8.446471695902951069e+02 5.407322256191482541e-12 4.780438357673608607e+02 9.525502750961019046e+03 0.000000000000000000e+00 0.000000000000000000e+00
1.358415841584158582e-02 0.000000000000000000e+00 8.446471695902951069e+02 5.407322256191482541e-12 4.780438357673608607e+02 9.525502750961019046e+03 0.000000000000000000e+00 0.000000000000000000e+00
1.372277227722772455e-02 0.000000000000000000e+00 8.446471695902951069e+02 5.407322256191482541e-12 4.780438357673608607e+02 9.525502750961019046e+03 0.000000000000000000e+00 0.000000000000000000e+00
1.386138613861386329e-02 0.000000000000000000e+00 0.000000000000000000e+00 0.000000000000000000e+00 0.000000000000000000e+00 0.000000000000000000e+00 0.000000000000000000e+00 0.000000000000000000e+00
