0.000000000000000000e+00 1.000000000000000000e+00 6.000000000000000000e+00 7.000000000000000000e+00 8.000000000000000000e+00 1.400000000000000000e+01 2.600000000000000000e+01 2.900000000000000000e+01
0.000000000000000000e+00 0.000000000000000000e+00 8.446651480667711667e+02 5.407322256191485772e-12 4.780361556788260486e+02 9.525502750961031779e+03 0.000000000000000000e+00 0.000000000000000000e+00
2.745098039215686215e-04 0.000000000000000000e+00 8.446651480667711667e+02 5.407322256191485772e-12 4.780361556788260486e+02 9.525502750961031779e+03 0.000000000000000000e+00 0.000000000000000000e+00
5.490196078431372429e-04 0.000000000000000000e+00 8.446651480667711667e+02 5.407322256191485772e-12 4.780361556788260486e+02 9.525502750961031779e+03 0.000000000000000000e+00 0.000000000000000000e+00
8.235294117647058102e-04 0.000000000000000000e+00 8.446584715788874291e+02 5.407364429736632707e-12 4.780361557629877893e+02 9.511495646460549324e+03 0.000000000000000000e+00 0.000000000000000000e+00
1.098039215686274486e-03 0.000000000000000000e+00 8.445010354961278836e+02 5.416733130305621539e-12 4.780361664348042723e+02 9.400084283446300105e+03 0.000000000000000000e+00 0.000000000000000000e+00
1.372549019607843162e-03 0.000000000000000000e+00 8.429342064084379444e+02 6.127469061312596575e-12 4.780370387795085207e+02 9.061855907825309259e+03 0.000000000000000000e+00 0.000000000000000000e+00
1.647058823529411620e-03 0.000000000000000000e+00 8.312824659323860033e+02 9.750778624718365794e-12 4.781130249263451333e+02 8.442051277771568493e+03 0.000000000000000000e+00 0.000000000000000000e+00
1.921568627450980296e-03 0.000000000000000000e+00 7.449346229240388766e+02 2.105894141251980744e-11 4.850663576661054321e+02 7.432936887770076282e+03 0.000000000000000000e+00 0.000000000000000000e+00
2.196078431372548972e-03 0.000000000000000000e+00 5.894767497306389714e+02 2.499996147625462506e-11 4.452879704105858991e+02 6.056844417679321850e+03 8.576137892066353743e+02 0.000000000000000000e+00
2.470588235294117647e-03 0.000000000000000000e+00 5.894767497306389714e+02 2.499996147625462506e-11 4.452879704105858991e+02 6.056844417679321850e+03 8.576137892066353743e+02 0.000000000000000000e+00
2.745098039215686323e-03 0.000000000000000000e+00 5.894766490496358529e+02 2.499996071447773598e-11 4.452879704076461849e+02 6.055228217570502238e+03 8.576137920477235639e+02 0.000000000000000000e+00
3.019607843137254999e-03 0.000000000000000000e+00 5.894710261725720102e+02 2.499977273649495554e-11 4.452879698888646658e+02 6.029106622979209533e+03 8.576140415456746950e+02 0.000000000000000000e+00
3.294117647058823241e-03 0.000000000000000000e+00 5.893838641719253246e+02 2.498027647160864617e-11 4.452879322184900843e+02 5.932379400065899063e+03 8.576209030264971034e+02 0.000000000000000000e+00
3.568627450980391917e-03 0.000000000000000000e+00 5.883913979213881476e+02 2.485101078575789058e-11 4.452852899627417855e+02 5.725512677191167313e+03 8.577753155796124247e+02 0.000000000000000000e+00
3.843137254901960592e-03 0.000000000000000000e+00 5.767376694118886462e+02 2.459659418004614777e-11 4.450423125791132293e+02 5.386805520959866953e+03 8.618109361508942357e+02 0.000000000000000000e+00
4.117647058823529702e-03 0.000000000000000000e+00 5.259469654377603547e+02 2.227278316922250466e-11 4.342756229490342434e+02 4.651905044814672692e+03 0.000000000000000000e+00 5.913026089750008396e+03
4.392156862745097944e-03 0.000000000000000000e+00 5.259469654377603547e+02 2.227278316922250466e-11 4.342756229490342434e+02 4.651905044814672692e+03 0.000000000000000000e+00 5.913026089750008396e+03
4.666666666666666186e-03 0.000000000000000000e+00 5.259469796552294838e+02 2.227277972978174268e-11 4.342756229471947336e+02 4.652372808727459415e+03 0.000000000000000000e+00 5.913025962761576011e+03
4.941176470588235295e-03 0.000000000000000000e+00 5.259507811994167241e+02 2.227051760380400909e-11 4.342756220012930157e+02 4.685459991614553473e+03 0.000000000000000000e+00 5.913004177806331427e+03
5.215686274509803537e-03 0.000000000000000000e+00 5.260390931868273583e+02 2.199264362992487176e-11 4.342755446006393640e+02 4.847345179523462321e+03 0.000000000000000000e+00 5.912724259328118933e+03
5.490196078431372646e-03 0.000000000000000000e+00 5.273676089147700168e+02 1.791605439953021785e-11 4.342700632949735109e+02 5.285347863872571907e+03 0.000000000000000000e+00 5.910622746367840591e+03
5.764705882352940888e-03 0.000000000000000000e+00 5.459887778270220906e+02 1.135903892335350852e-11 4.338068749402025901e+02 6.113127431375886772e+03 0.000000000000000000e+00 5.897984568851705262e+03
6.039215686274509998e-03 0.000000000000000000e+00 8.446651480667711667e+02 5.407322256191485772e-12 4.780361556788260486e+02 9.525502750961031779e+03 0.000000000000000000e+00 0.000000000000000000e+00
6.313725490196078240e-03 0.000000000000000000e+00 8.446651480667711667e+02 5.407322256191485772e-12 4.780361556788260486e+02 9.525502750961031779e+03 0.000000000000000000e+00 0.000000000000000000e+00
6.588235294117646482e-03 0.000000000000000000e+00 8.446651480667711667e+02 5.407322256191485772e-12 4.780361556788260486e+02 9.525502750961031779e+03 0.000000000000000000e+00 0.000000000000000000e+00
6.862745098039215591e-03 0.000000000000000000e+00 8.446532456781544624e+02 5.407418887431716967e-12 4.780361558638568340e+02 9.504059661898465492e+03 0.000000000000000000e+00 0.000000000000000000e+00
7.137254901960783833e-03 0.000000000000000000e+00 8.444278812111052730e+02 5.426536424951694727e-12 4.780361762865116475e+02 9.369300157155774286e+03 0.000000000000000000e+00 0.000000000000000000e+00
7.411764705882352942e-03 0.000000000000000000e+00 8.423127695208777368e+02 6.422867557147050392e-12 4.780378300116668129e+02 8.990022918684266187e+03 0.000000000000000000e+00 0.000000000000000000e+00
7.686274509803921184e-03 0.000000000000000000e+00 8.268403889528779018e+02 1.067213296059080109e-11 4.781869799344220269e+02 8.327632597878136949e+03 0.000000000000000000e+00 0.000000000000000000e+00
7.960784313725490294e-03 0.000000000000000000e+00 7.261622619502915086e+02 2.464929389502378777e-11 4.871913707993213620e+02 7.197527787602244643e+03 0.000000000000000000e+00 0.000000000000000000e+00
8.235294117647059403e-03 0.000000000000000000e+00 5.894238057059654921e+02 2.499210738043930214e-11 4.452879550282573291e+02 5.962400153721115203e+03 8.576173595188165564e+02 0.000000000000000000e+00
8.509803921568626778e-03 0.000000000000000000e+00 5.888294481285552138e+02 2.488784913016247532e-11 4.452869133011934650e+02 5.779146954983668365e+03 8.576962692722627253e+02 0.000000000000000000e+00
8.784313725490195887e-03 0.000000000000000000e+00 5.821652095840048560e+02 2.466499073649279241e-11 4.451996767893560900e+02 5.482264533605015458e+03 8.596172084199957908e+02 0.000000000000000000e+00
9.058823529411764996e-03 0.000000000000000000e+00 5.259634134343345977e+02 2.225369997121383113e-11 4.342756163626453940e+02 4.731051337316512218e+03 0.000000000000000000e+00 5.912951037345945224e+03
9.333333333333332371e-03 0.000000000000000000e+00 5.262539533692090572e+02 2.077180710854835513e-11 4.342751401835612910e+02 4.996066435764179914e+03 0.000000000000000000e+00 5.912256050214188690e+03
9.607843137254901481e-03 0.000000000000000000e+00 5.303237461131006967e+02 1.530552873543753923e-11 4.342400221384061183e+02 5.579975692605821678e+03 0.000000000000000000e+00 5.907693313967688482e+03
9.882352941176470590e-03 0.000000000000000000e+00 5.927152086578557828e+02 7.889382563550658236e-12 4.307921105221986409e+02 6.657106473326109153e+03 0.000000000000000000e+00 5.879397480030946099e+03
1.015686274509803970e-02 0.000000000000000000e+00 8.443818072064731268e+02 5.434637079035775315e-12 4.780361837502110234e+02 9.351793361825564716e+03 0.000000000000000000e+00 0.000000000000000000e+00
1.043137254901960707e-02 0.000000000000000000e+00 8.419257759017255012e+02 6.594902455122804154e-12 4.780384348005312063e+02 8.932558458566612899e+03 0.000000000000000000e+00 0.000000000000000000e+00
1.070588235294117618e-02 0.000000000000000000e+00 8.240267467818579235e+02 1.118318829721796457e-11 4.782453197053990266e+02 8.167726018230708178e+03 0.000000000000000000e+00 0.000000000000000000e+00
1.098039215686274529e-02 0.000000000000000000e+00 7.168945781707186597e+02 2.677276067937742677e-11 4.881361652109319493e+02 6.884431703906596340e+03 0.000000000000000000e+00 0.000000000000000000e+00
1.125490196078431267e-02 0.000000000000000000e+00 5.840688550006145761e+02 2.410872804733772131e-11 4.452351110695997818e+02 5.787331547885793043e+03 8.589970974707437108e+02 0.000000000000000000e+00
1.152941176470588178e-02 0.000000000000000000e+00 5.280211400889777451e+02 1.708343200727778179e-11 4.342650999318884146e+02 5.375513573486879068e+03 0.000000000000000000e+00 5.909874888461177761e+03
1.180392156862745089e-02 0.000000000000000000e+00 5.558133181812812609e+02 1.023477143277700392e-11 4.333262018579980008e+02 6.282296315182084982e+03 0.000000000000000000e+00 5.893401639857370355e+03
1.207843137254902000e-02 0.000000000000000000e+00 8.446651480667711667e+02 5.407322256191485772e-12 4.780361556788260486e+02 9.525502750961031779e+03 0.000000000000000000e+00 0.000000000000000000e+00
1.235294117647058737e-02 0.000000000000000000e+00 8.446651480667711667e+02 5.407322256191485772e-12 4.780361556788260486e+02 9.525502750961031779e+03 0.000000000000000000e+00 0.000000000000000000e+00
1.262745098039215648e-02 0.000000000000000000e+00 8.446651480667711667e+02 5.407322256191485772e-12 4.780361556788260486e+02 9.525502750961031779e+03 0.000000000000000000e+00 0.000000000000000000e+00
1.290196078431372559e-02 0.000000000000000000e+00 8.446651480667711667e+02 5.407322256191485772e-12 4.780361556788260486e+02 9.525502750961031779e+03 0.000000000000000000e+00 0.000000000000000000e+00
1.317647058823529296e-02 0.000000000000000000e+00 8.446651480667711667e+02 5.407322256191486580e-12 4.780361556788260486e+02 9.525502750961031779e+03 0.000000000000000000e+00 0.000000000000000000e+00
1.345098039215686207e-02 0.000000000000000000e+00 8.446651480667711667e+02 5.407322256191485772e-12 4.780361556788260486e+02 9.525502750961031779e+03 0.000000000000000000e+00 0.000000000000000000e+00
1.372549019607843118e-02 0.000000000000000000e+00 0.000000000000000000e+00 0.000000000000000000e+00 0.000000000000000000e+00 0.000000000000000000e+00 0.000000000000000000e+00 0.000000000000000000e+00
