0.000000000000000000e+00 1.000000000000000000e+00 6.000000000000000000e+00 7.000000000000000000e+00 8.000000000000000000e+00 1.400000000000000000e+01 2.600000000000000000e+01 2.900000000000000000e+01
0.000000000000000000e+00 0.000000000000000000e+00 8.446651480667711667e+02 5.407322256191485772e-12 4.780361556788260486e+02 9.525502750961031779e+03 0.000000000000000000e+00 0.000000000000000000e+00
1.386138613861386286e-04 0.000000000000000000e+00 8.446651480667711667e+02 5.407322256191485772e-12 4.780361556788260486e+02 9.525502750961031779e+03 0.000000000000000000e+00 0.000000000000000000e+00
2.772277227722772571e-04 0.000000000000000000e+00 8.446651480667711667e+02 5.407322256191485772e-12 4.780361556788260486e+02 9.525502750961031779e+03 0.000000000000000000e+00 0.000000000000000000e+00
4.158415841584158857e-04 0.000000000000000000e+00 8.446651480667711667e+02 5.407322256191485772e-12 4.780361556788260486e+02 9.525502750961031779e+03 0.000000000000000000e+00 0.000000000000000000e+00
5.544554455445545142e-04 0.000000000000000000e+00 8.446651480667711667e+02 5.407322256191485772e-12 4.780361556788260486e+02 9.525502750961031779e+03 0.000000000000000000e+00 0.000000000000000000e+00
6.930693069306931428e-04 0.000000000000000000e+00 8.446646765616976609e+02 5.407323728284941164e-12 4.780361556823771139e+02 9.523986591864520960e+03 0.000000000000000000e+00 0.000000000000000000e+00
8.316831683168317713e-04 0.000000000000000000e+00 8.446575584815424236e+02 5.407372529347103169e-12 4.780361557792261920e+02 9.510140949985338011e+03 0.000000000000000000e+00 0.000000000000000000e+00
9.702970297029703999e-04 0.000000000000000000e+00 8.446206544400737357e+02 5.408161327806349782e-12 4.780361569587915938e+02 9.471068462917697616e+03 0.000000000000000000e+00 0.000000000000000000e+00
1.108910891089109028e-03 0.000000000000000000e+00 8.444828545940671347e+02 5.418678650298541638e-12 4.780361686396033747e+02 9.392114810824492452e+03 0.000000000000000000e+00 0.000000000000000000e+00
1.247524752475247765e-03 0.000000000000000000e+00 8.440415794014854782e+02 5.542692525367932528e-12 4.780362761443900581e+02 9.253195330714781448e+03 0.000000000000000000e+00 0.000000000000000000e+00
1.386138613861386286e-03 0.000000000000000000e+00 8.427382055450542566e+02 6.223937397024264949e-12 4.780372605618501893e+02 9.037532429063374366e+03 0.000000000000000000e+00 0.000000000000000000e+00
1.524752475247524806e-03 0.000000000000000000e+00 8.391708562819748067e+02 7.636878728530701840e-12 4.780464849059358130e+02 8.753021966423006234e+03 0.000000000000000000e+00 0.000000000000000000e+00
1.663366336633663543e-03 0.000000000000000000e+00 8.295865111948110098e+02 1.011938518718400954e-11 4.781381720664110730e+02 8.395443416023843383e+03 0.000000000000000000e+00 0.000000000000000000e+00
1.801980198019802280e-03 0.000000000000000000e+00 8.027650387855150029e+02 1.442515137532443147e-11 4.791522701956683363e+02 7.944373131060423475e+03 0.000000000000000000e+00 0.000000000000000000e+00
1.940594059405940800e-03 0.000000000000000000e+00 7.354749136389858677e+02 2.267463652690741510e-11 4.861580689027687185e+02 7.327691466535474319e+03 0.000000000000000000e+00 0.000000000000000000e+00
2.079207920792079320e-03 0.000000000000000000e+00 5.894767497306389714e+02 2.499996147625462506e-11 4.452879704105858991e+02 6.056844417679321850e+03 8.576137892066353743e+02 0.000000000000000000e+00
2.217821782178218057e-03 0.000000000000000000e+00 5.894767497306389714e+02 2.499996147625462506e-11 4.452879704105858991e+02 6.056844417679321850e+03 8.576137892066353743e+02 0.000000000000000000e+00
2.356435643564356794e-03 0.000000000000000000e+00 5.894767497306389714e+02 2.499996147625462506e-11 4.452879704105858991e+02 6.056844417679321850e+03 8.576137892066353743e+02 0.000000000000000000e+00
2.495049504950495531e-03 0.000000000000000000e+00 5.894767497306389714e+02 2.499996147625462506e-11 4.452879704105858991e+02 6.056844417679321850e+03 8.576137892066353743e+02 0.000000000000000000e+00
2.633663366336633834e-03 0.000000000000000000e+00 5.894767485844963630e+02 2.499996146509615247e-11 4.452879704105570227e+02 6.056798818266773196e+03 8.576137892357678538e+02 0.000000000000000000e+00
2.772277227722772571e-03 0.000000000000000000e+00 5.894765796193784126e+02 2.499996000121722902e-11 4.452879704052501211e+02 6.054340336603595460e+03 8.576137941701196041e+02 0.000000000000000000e+00
2.910891089108911308e-03 0.000000000000000000e+00 5.894752389992613644e+02 2.499993619159654253e-11 4.452879703286818085e+02 6.044800721961680210e+03 8.576138440441688999e+02 0.000000000000000000e+00
3.049504950495049611e-03 0.000000000000000000e+00 5.894687988135011665e+02 2.499963992649378706e-11 4.452879695802416222e+02 6.023067286845946001e+03 8.576141587294520150e+02 0.000000000000000000e+00
3.188118811881188348e-03 0.000000000000000000e+00 5.894433783758247500e+02 2.499637740168461822e-11 4.452879631068740878e+02 5.982193749884621866e+03 8.576158250446986813e+02 0.000000000000000000e+00
3.326732673267327085e-03 0.000000000000000000e+00 5.893513466625906858e+02 2.497075341306201627e-11 4.452879085593421564e+02 5.913454826947769106e+03 8.576240832039657107e+02 0.000000000000000000e+00
3.465346534653465822e-03 0.000000000000000000e+00 5.890392169884295299e+02 2.491240666193665179e-11 4.452874479090154978e+02 5.816201498700770571e+03 8.576635591106283982e+02 0.000000000000000000e+00
3.603960396039604559e-03 0.000000000000000000e+00 5.880056031439510207e+02 2.482619860974545037e-11 4.452833969139346664e+02 5.690821088671506004e+03 8.578535952203210400e+02 0.000000000000000000e+00
3.742574257425742863e-03 0.000000000000000000e+00 5.844781885633972252e+02 2.470828751503037710e-11 4.452449761547365483e+02 5.531865816278243074e+03 8.588195397243639491e+02 0.000000000000000000e+00
3.881188118811881600e-03 0.000000000000000000e+00 5.713257816654884209e+02 2.454355401026160832e-11 4.448393163514904245e+02 5.323910139264346981e+03 8.642813698641197107e+02 0.000000000000000000e+00
4.019801980198019903e-03 0.000000000000000000e+00 5.259469654377603547e+02 2.227278316922250466e-11 4.342756229490342434e+02 4.651905044814672692e+03 0.000000000000000000e+00 5.913026089750008396e+03
4.158415841584158640e-03 0.000000000000000000e+00 5.259469654377603547e+02 2.227278316922250466e-11 4.342756229490342434e+02 4.651905044814672692e+03 0.000000000000000000e+00 5.913026089750008396e+03
4.297029702970297377e-03 0.000000000000000000e+00 5.259469654377603547e+02 2.227278316922250466e-11 4.342756229490342434e+02 4.651905044814672692e+03 0.000000000000000000e+00 5.913026089750008396e+03
4.435643564356436114e-03 0.000000000000000000e+00 5.259469654377603547e+02 2.227278316922250466e-11 4.342756229490342434e+02 4.651905044814672692e+03 0.000000000000000000e+00 5.913026089750008396e+03
4.574257425742574851e-03 0.000000000000000000e+00 5.259469654377603547e+02 2.227278316922250466e-11 4.342756229490342434e+02 4.651905044814672692e+03 0.000000000000000000e+00 5.913026089750008396e+03
4.712871287128713588e-03 0.000000000000000000e+00 5.259470337082867673e+02 2.227276646845784409e-11 4.342756229400221173e+02 4.653664541258072859e+03 0.000000000000000000e+00 5.913025515174741486e+03
4.851485148514852325e-03 0.000000000000000000e+00 5.259480166725863910e+02 2.227237756828222176e-11 4.342756227545700654e+02 4.666312567763837251e+03 0.000000000000000000e+00 5.913019001245335858e+03
4.990099009900991062e-03 0.000000000000000000e+00 5.259542007086544118e+02 2.226723526547597050e-11 4.342756207299332232e+02 4.701111775645613307e+03 0.000000000000000000e+00 5.912988349170095717e+03
5.128712871287128931e-03 0.000000000000000000e+00 5.259833924289677043e+02 2.220770801560602095e-11 4.342756023847933875e+02 4.773326172092816705e+03 0.000000000000000000e+00 5.912882476408887669e+03
5.267326732673267668e-03 0.000000000000000000e+00 5.261048346550441011e+02 2.162114499515419882e-11 4.342754448573460877e+02 4.905287237350661599e+03 0.000000000000000000e+00 5.912565724259688977e+03
5.405940594059406405e-03 0.000000000000000000e+00 5.265777947081951424e+02 1.956125602786860938e-11 4.342740947085914058e+02 5.116763308485470588e+03 0.000000000000000000e+00 5.911701712076471267e+03
5.544554455445545142e-03 0.000000000000000000e+00 5.283463506724964418e+02 1.675013675775599772e-11 4.342622093502394591e+02 5.412469961097537634e+03 0.000000000000000000e+00 5.909531763367396707e+03
5.683168316831683879e-03 0.000000000000000000e+00 5.350155214257434864e+02 1.347593328787401346e-11 4.341505828134285707e+02 5.812905758640008571e+03 0.000000000000000000e+00 5.904229009395949106e+03
5.821782178217822616e-03 0.000000000000000000e+00 5.618516584284130886e+02 9.749225628181402823e-12 4.329750474941299103e+02 6.364906526871749520e+03 0.000000000000000000e+00 5.890843288764219324e+03
5.960396039603961353e-03 0.000000000000000000e+00 6.394302002344956009e+02 5.204252024183332135e-12 4.272454245021501151e+02 7.215523581764022310e+03 0.000000000000000000e+00 5.863828879583640628e+03
6.099009900990099223e-03 0.000000000000000000e+00 8.446651480667711667e+02 5.407322256191485772e-12 4.780361556788260486e+02 9.525502750961031779e+03 0.000000000000000000e+00 0.000000000000000000e+00
6.237623762376237960e-03 0.000000000000000000e+00 8.446651480667711667e+02 5.407322256191485772e-12 4.780361556788260486e+02 9.525502750961031779e+03 0.000000000000000000e+00 0.000000000000000000e+00
6.376237623762376697e-03 0.000000000000000000e+00 8.446651480667711667e+02 5.407322256191485772e-12 4.780361556788260486e+02 9.525502750961031779e+03 0.000000000000000000e+00 0.000000000000000000e+00
6.514851485148515434e-03 0.000000000000000000e+00 8.446651480667711667e+02 5.407322256191485772e-12 4.780361556788260486e+02 9.525502750961031779e+03 0.000000000000000000e+00 0.000000000000000000e+00
6.653465346534654171e-03 0.000000000000000000e+00 8.446650579714248579e+02 5.407322561142129600e-12 4.780361556794474609e+02 9.525097341846794734e+03 0.000000000000000000e+00 0.000000000000000000e+00
6.792079207920792908e-03 0.000000000000000000e+00 8.446611909459504659e+02 5.407343152810443127e-12 4.780361557204346354e+02 9.516072773623438479e+03 0.000000000000000000e+00 0.000000000000000000e+00
6.930693069306931645e-03 0.000000000000000000e+00 8.446371066351133550e+02 5.407707052199558976e-12 4.780361563033173979e+02 9.485626249875465874e+03 0.000000000000000000e+00 0.000000000000000000e+00
7.069306930693070382e-03 0.000000000000000000e+00 8.445408795652614344e+02 5.412838375515555723e-12 4.780361623015397186e+02 9.419709417726659012e+03 0.000000000000000000e+00 0.000000000000000000e+00
7.207920792079209119e-03 0.000000000000000000e+00 8.442219383350835642e+02 5.474707410414220793e-12 4.780362182554085280e+02 9.300424357855825292e+03 0.000000000000000000e+00 0.000000000000000000e+00
7.346534653465346988e-03 0.000000000000000000e+00 8.432578851635116735e+02 5.962278712577086508e-12 4.780367311317230019e+02 9.106394650348956930e+03 0.000000000000000000e+00 0.000000000000000000e+00
7.485148514851485725e-03 0.000000000000000000e+00 8.405748099442043895e+02 7.145591660176483788e-12 4.780414733660163051e+02 8.841493735862020912e+03 0.000000000000000000e+00 0.000000000000000000e+00
7.623762376237624462e-03 0.000000000000000000e+00 8.333791771553732133e+02 9.266394392326730310e-12 4.780874490276840447e+02 8.506375194915714019e+03 0.000000000000000000e+00 0.000000000000000000e+00
7.762376237623763199e-03 0.000000000000000000e+00 8.136291345354525220e+02 1.292585959453334124e-11 4.785728572347128988e+02 8.083839050924039839e+03 0.000000000000000000e+00 0.000000000000000000e+00
7.900990099009901069e-03 0.000000000000000000e+00 7.563776911151369404e+02 1.961438509452189501e-11 4.836938604574348233e+02 7.525232180382729894e+03 0.000000000000000000e+00 0.000000000000000000e+00
8.039603960396039806e-03 0.000000000000000000e+00 5.894696172618846504e+02 2.499968945605446222e-11 4.452879697006099491e+02 6.025145286781178584e+03 8.576141148100789451e+02 0.000000000000000000e+00
8.178217821782178543e-03 0.000000000000000000e+00 5.894464231071535778e+02 2.499696492468108246e-11 4.452879641088773610e+02 5.985997658584365126e+03 8.576156035518488352e+02 0.000000000000000000e+00
8.316831683168317280e-03 0.000000000000000000e+00 5.893622144205348832e+02 2.497378521932436043e-11 4.452879170795164896e+02 5.919351994470358477e+03 8.576229916461441007e+02 0.000000000000000000e+00
8.455445544554456017e-03 0.000000000000000000e+00 5.890754421337330768e+02 2.491744970017322734e-11 4.452875202932307843e+02 5.823993829381388423e+03 8.576583681282672842e+02 0.000000000000000000e+00
8.594059405940594754e-03 0.000000000000000000e+00 5.881259023038240912e+02 2.483333975040732863e-11 4.452840447771812364e+02 5.700772116522046417e+03 8.578283245085355020e+02 0.000000000000000000e+00
8.732673267326733491e-03 0.000000000000000000e+00 5.848955044950492947e+02 2.471785524621773032e-11 4.452512358235478587e+02 5.547536374420122229e+03 8.586884573317358900e+02 0.000000000000000000e+00
8.871287128712872228e-03 0.000000000000000000e+00 5.728659147819297459e+02 2.455691471387205445e-11 4.448997610269981351e+02 5.360685357189936440e+03 8.635599294418849468e+02 0.000000000000000000e+00
9.009900990099010964e-03 0.000000000000000000e+00 5.259562150950125670e+02 2.226485285635418257e-11 4.342756198843611628e+02 4.708678052772162118e+03 0.000000000000000000e+00 5.912979665466928054e+03
9.148514851485149701e-03 0.000000000000000000e+00 5.259921717549912046e+02 2.218257722913363012e-11 4.342755950444159225e+02 4.787852995859801922e+03 0.000000000000000000e+00 5.912855117198958396e+03
9.287128712871288438e-03 0.000000000000000000e+00 5.261404068523482920e+02 2.139516040725584064e-11 4.342753812724507156e+02 4.930710205273577230e+03 0.000000000000000000e+00 5.912486786900517473e+03
9.425742574257427175e-03 0.000000000000000000e+00 5.267123309562221039e+02 1.919329382000519375e-11 4.342735499345901076e+02 5.153610209935619423e+03 0.000000000000000000e+00 5.911497363946446967e+03
9.564356435643565912e-03 0.000000000000000000e+00 5.288472480836855993e+02 1.631316887294507758e-11 4.342573138128767027e+02 5.462526856973703616e+03 0.000000000000000000e+00 5.909030629993151706e+03
9.702970297029704649e-03 0.000000000000000000e+00 5.369385159064194113e+02 1.298077721002215054e-11 4.341032220809200339e+02 5.879413749257601921e+03 0.000000000000000000e+00 5.902995223042059479e+03
9.841584158415843386e-03 0.000000000000000000e+00 5.699977320968654340e+02 9.210727734209247906e-12 4.324507426605467799e+02 6.448328224899435554e+03 0.000000000000000000e+00 5.887564286665537111e+03
9.980198019801982123e-03 0.000000000000000000e+00 6.493150614870224899e+02 4.643572295445470329e-12 4.265231709737391839e+02 7.327720297596413729e+03 0.000000000000000000e+00 5.860201343495706169e+03
1.011881188118811913e-02 0.000000000000000000e+00 8.444653897505550049e+02 5.420983886110088187e-12 4.780361708982411528e+02 9.384459277882500828e+03 0.000000000000000000e+00 0.000000000000000000e+00
1.025742574257425786e-02 0.000000000000000000e+00 8.439857686711652605e+02 5.568528926373835207e-12 4.780362974976757187e+02 9.237492971612400652e+03 0.000000000000000000e+00 0.000000000000000000e+00
1.039603960396039660e-02 0.000000000000000000e+00 8.425794362590178253e+02 6.298922481882355346e-12 4.780374552641537207e+02 9.004953806052120854e+03 0.000000000000000000e+00 0.000000000000000000e+00
1.053465346534653534e-02 0.000000000000000000e+00 8.387385844540381186e+02 7.773795202734203016e-12 4.780483290652376809e+02 8.689321932940714760e+03 0.000000000000000000e+00 0.000000000000000000e+00
1.067326732673267407e-02 0.000000000000000000e+00 8.284005219393769721e+02 1.035105710337296755e-11 4.781571050900168416e+02 8.279378319258114061e+03 0.000000000000000000e+00 0.000000000000000000e+00
1.081188118811881281e-02 0.000000000000000000e+00 7.992911479743540895e+02 1.481942134648451213e-11 4.793731408717557656e+02 7.755398272255461961e+03 0.000000000000000000e+00 0.000000000000000000e+00
1.095049504950495155e-02 0.000000000000000000e+00 7.303899569987770519e+02 2.351886583536982085e-11 4.866696897594656548e+02 7.054829151622186146e+03 0.000000000000000000e+00 0.000000000000000000e+00
1.108910891089109028e-02 0.000000000000000000e+00 5.882139574760475398e+02 2.480091772458054512e-11 4.452843122238148226e+02 5.817701238822816777e+03 8.578152833017761623e+02 0.000000000000000000e+00
1.122772277227722902e-02 0.000000000000000000e+00 5.852215782403649200e+02 2.434366090039099168e-11 4.452538585864461425e+02 5.788646928811559519e+03 8.586202378782976439e+02 0.000000000000000000e+00
1.136633663366336776e-02 0.000000000000000000e+00 5.740927888639614594e+02 2.234633397058634846e-11 4.449274128186948474e+02 5.792318218872520447e+03 8.631737646493680813e+02 0.000000000000000000e+00
1.150495049504950650e-02 0.000000000000000000e+00 5.275855832168919051e+02 1.761000492874097269e-11 4.342685457507189994e+02 5.318324900522573444e+03 0.000000000000000000e+00 5.910362862908608804e+03
1.164356435643564523e-02 0.000000000000000000e+00 5.321184680211729301e+02 1.446033394130739472e-11 4.342111966839908632e+02 5.685471785290626030e+03 0.000000000000000000e+00 5.906263995918312503e+03
1.178217821782178397e-02 0.000000000000000000e+00 5.498506382223948776e+02 1.087079578298337381e-11 4.336342393449274368e+02 6.186351272897879426e+03 0.000000000000000000e+00 5.896106968392526142e+03
1.192079207920792271e-02 0.000000000000000000e+00 6.178446572831670665e+02 6.796951511238928519e-12 4.288671823670049434e+02 6.918545252622277076e+03 0.000000000000000000e+00 5.871186926022976877e+03
1.205940594059406144e-02 0.000000000000000000e+00 8.446651480667711667e+02 5.407322256191485772e-12 4.780361556788260486e+02 9.525502750961031779e+03 0.000000000000000000e+00 0.000000000000000000e+00
1.219801980198019845e-02 0.000000000000000000e+00 8.446651480667711667e+02 5.407322256191485772e-12 4.780361556788260486e+02 9.525502750961031779e+03 0.000000000000000000e+00 0.000000000000000000e+00
1.233663366336633718e-02 0.000000000000000000e+00 8.446651480667711667e+02 5.407322256191485772e-12 4.780361556788260486e+02 9.525502750961031779e+03 0.000000000000000000e+00 0.000000000000000000e+00
1.247524752475247592e-02 0.000000000000000000e+00 8.446651480667711667e+02 5.407322256191485772e-12 4.780361556788260486e+02 9.525502750961031779e+03 0.000000000000000000e+00 0.000000000000000000e+00
1.261386138613861466e-02 0.000000000000000000e+00 8.446651480667711667e+02 5.407322256191485772e-12 4.780361556788260486e+02 9.525502750961031779e+03 0.000000000000000000e+00 0.000000000000000000e+00
1.275247524752475339e-02 0.000000000000000000e+00 8.446651480667711667e+02 5.407322256191485772e-12 4.780361556788260486e+02 9.525502750961031779e+03 0.000000000000000000e+00 0.000000000000000000e+00
1.289108910891089213e-02 0.000000000000000000e+00 8.446651480667711667e+02 5.407322256191485772e-12 4.780361556788260486e+02 9.525502750961031779e+03 0.000000000000000000e+00 0.000000000000000000e+00
1.302970297029703087e-02 0.000000000000000000e+00 8.446651480667711667e+02 5.407322256191485772e-12 4.780361556788260486e+02 9.525502750961031779e+03 0.000000000000000000e+00 0.000000000000000000e+00
1.316831683168316960e-02 0.000000000000000000e+00 8.446651480667711667e+02 5.407322256191487388e-12 4.780361556788260486e+02 9.525502750961031779e+03 0.000000000000000000e+00 0.000000000000000000e+00
1.330693069306930834e-02 0.000000000000000000e+00 8.446651480667711667e+02 5.407322256191487388e-12 4.780361556788260486e+02 9.525502750961029960e+03 0.000000000000000000e+00 0.000000000000000000e+00
1.344554455445544708e-02 0.000000000000000000e+00 8.446651480667711667e+02 5.407322256191487388e-12 4.780361556788260486e+02 9.525502750961029960e+03 0.000000000000000000e+00 0.000000000000000000e+00
1.358415841584158582e-02 0.000000000000000000e+00 8.446651480667711667e+02 5.407322256191484964e-12 4.780361556788260486e+02 9.525502750961031779e+03 0.000000000000000000e+00 0.000000000000000000e+00
1.372277227722772455e-02 0.000000000000000000e+00 8.446651480667711667e+02 5.407322256191486580e-12 4.780361556788260486e+02 9.525502750961031779e+03 0.000000000000000000e+00 0.000000000000000000e+00
1.386138613861386329e-02 0.000000000000000000e+00 0.000000000000000000e+00 0.000000000000000000e+00 0.000000000000000000e+00 0.000000000000000000e+00 0.000000000000000000e+00 0.000000000000000000e+00
