0.000000000000000000e+00 1.000000000000000000e+00 6.000000000000000000e+00 7.000000000000000000e+00 8.000000000000000000e+00 1.400000000000000000e+01 2.600000000000000000e+01 2.900000000000000000e+01
0.000000000000000000e+00 0.000000000000000000e+00 8.446471695902951069e+02 5.407322256191482541e-12 4.780438357673608607e+02 9.525502750961019046e+03 0.000000000000000000e+00 0.000000000000000000e+00
1.386138613861386286e-04 0.000000000000000000e+00 8.446471695902951069e+02 5.407322256191482541e-12 4.780438357673608607e+02 9.525502750961019046e+03 0.000000000000000000e+00 0.000000000000000000e+00
2.772277227722772571e-04 0.000000000000000000e+00 8.446471695902951069e+02 5.407322256191482541e-12 4.780438357673608607e+02 9.525502750961019046e+03 0.000000000000000000e+00 0.000000000000000000e+00
4.158415841584158857e-04 0.000000000000000000e+00 8.446471695902951069e+02 5.407322256191482541e-12 4.780438357673608607e+02 9.525502750961019046e+03 0.000000000000000000e+00 0.000000000000000000e+00
5.544554455445545142e-04 0.000000000000000000e+00 8.446471695902951069e+02 5.407322256191482541e-12 4.780438357673608607e+02 9.525502750961019046e+03 0.000000000000000000e+00 0.000000000000000000e+00
6.930693069306931428e-04 0.000000000000000000e+00 8.446469741549179844e+02 5.407323728284937933e-12 4.780438357683435129e+02 9.523986591864508227e+03 0.000000000000000000e+00 0.000000000000000000e+00
8.316831683168317713e-04 0.000000000000000000e+00 8.446425326195403613e+02 5.407372529347099937e-12 4.780438358122616478e+02 9.510140949985321640e+03 0.000000000000000000e+00 0.000000000000000000e+00
9.702970297029703999e-04 0.000000000000000000e+00 8.446159700431207966e+02 5.408161327806346551e-12 4.780438364286239903e+02 9.471068462917686702e+03 0.000000000000000000e+00 0.000000000000000000e+00
1.108910891089109028e-03 0.000000000000000000e+00 8.445102002309764657e+02 5.418678650298538407e-12 4.780438428767932351e+02 9.392114810824477900e+03 0.000000000000000000e+00 0.000000000000000000e+00
1.247524752475247765e-03 0.000000000000000000e+00 8.441578394956580951e+02 5.542692525367930913e-12 4.780439040324552025e+02 9.253195330714770535e+03 0.000000000000000000e+00 0.000000000000000000e+00
1.386138613861386286e-03 0.000000000000000000e+00 8.430874309591708879e+02 6.223937397024261718e-12 4.780444740851614824e+02 9.037532429063365271e+03 0.000000000000000000e+00 0.000000000000000000e+00
1.524752475247524806e-03 0.000000000000000000e+00 8.400999588013438597e+02 7.636878728530695378e-12 4.780498682087611542e+02 8.753021966422998958e+03 0.000000000000000000e+00 0.000000000000000000e+00
1.663366336633663543e-03 0.000000000000000000e+00 8.319993763095044415e+02 1.011938518718400146e-11 4.781038208107611922e+02 8.395443416023836107e+03 0.000000000000000000e+00 0.000000000000000000e+00
1.801980198019802280e-03 0.000000000000000000e+00 8.092393746709875586e+02 1.442515137532440885e-11 4.787019348293272287e+02 7.944373131060414380e+03 0.000000000000000000e+00 0.000000000000000000e+00
1.940594059405940800e-03 0.000000000000000000e+00 7.350216696130829632e+02 2.267463652690738602e-11 4.870546632234861590e+02 7.327691466535466134e+03 0.000000000000000000e+00 0.000000000000000000e+00
2.079207920792079320e-03 0.000000000000000000e+00 5.894677220729654437e+02 2.499996147625463475e-11 4.452944684300242102e+02 6.056844417679328217e+03 8.576157230406115559e+02 0.000000000000000000e+00
2.217821782178218057e-03 0.000000000000000000e+00 5.894677220729654437e+02 2.499996147625463475e-11 4.452944684300242102e+02 6.056844417679328217e+03 8.576157230406115559e+02 0.000000000000000000e+00
2.356435643564356794e-03 0.000000000000000000e+00 5.894677220729654437e+02 2.499996147625463475e-11 4.452944684300242102e+02 6.056844417679328217e+03 8.576157230406115559e+02 0.000000000000000000e+00
2.495049504950495531e-03 0.000000000000000000e+00 5.894677220729654437e+02 2.499996147625463475e-11 4.452944684300242102e+02 6.056844417679328217e+03 8.576157230406115559e+02 0.000000000000000000e+00
2.633663366336633834e-03 0.000000000000000000e+00 5.894677216279640106e+02 2.499996146509616216e-11 4.452944684300160247e+02 6.056798818266779563e+03 8.576157230507648137e+02 0.000000000000000000e+00
2.772277227722772571e-03 0.000000000000000000e+00 5.894676311478128810e+02 2.499996000121723872e-11 4.452944684277049987e+02 6.054340336603602736e+03 8.576157254916445254e+02 0.000000000000000000e+00
2.910891089108911308e-03 0.000000000000000000e+00 5.894667473536047737e+02 2.499993619159655223e-11 4.452944683871881466e+02 6.044800721961686577e+03 8.576157557748607587e+02 0.000000000000000000e+00
3.049504950495049611e-03 0.000000000000000000e+00 5.894621149696985185e+02 2.499963992649379675e-11 4.452944679600748827e+02 6.023067286845951458e+03 8.576159637899521613e+02 0.000000000000000000e+00
3.188118811881188348e-03 0.000000000000000000e+00 5.894429580669901725e+02 2.499637740168463115e-11 4.452944641267972088e+02 5.982193749884626413e+03 8.576171155043483623e+02 0.000000000000000000e+00
3.326732673267327085e-03 0.000000000000000000e+00 5.893715725183741370e+02 2.497075341306202596e-11 4.452944311914884565e+02 5.913454826947773654e+03 8.576229747972563473e+02 0.000000000000000000e+00
3.465346534653465822e-03 0.000000000000000000e+00 5.891239680612787879e+02 2.491240666193666472e-11 4.452941489149587824e+02 5.816201498700775119e+03 8.576515149677757108e+02 0.000000000000000000e+00
3.603960396039604559e-03 0.000000000000000000e+00 5.882948022554309091e+02 2.482619860974546330e-11 4.452916414439837922e+02 5.690821088671508733e+03 8.577901538360312088e+02 0.000000000000000000e+00
3.742574257425742863e-03 0.000000000000000000e+00 5.854464651648881954e+02 2.470828751503038680e-11 4.452675511283105720e+02 5.531865816278245802e+03 8.584993988385205057e+02 0.000000000000000000e+00
3.881188118811881600e-03 0.000000000000000000e+00 5.746396346344484982e+02 2.454355401026162125e-11 4.449987756375604704e+02 5.323910139264348800e+03 8.626112911396625123e+02 0.000000000000000000e+00
4.019801980198019903e-03 0.000000000000000000e+00 5.259403145492559588e+02 2.227278316922250789e-11 4.342820661328303800e+02 4.651905044814674511e+03 0.000000000000000000e+00 5.912900033502826773e+03
4.158415841584158640e-03 0.000000000000000000e+00 5.259403145492559588e+02 2.227278316922250789e-11 4.342820661328303800e+02 4.651905044814674511e+03 0.000000000000000000e+00 5.912900033502826773e+03
4.297029702970297377e-03 0.000000000000000000e+00 5.259403145492559588e+02 2.227278316922250789e-11 4.342820661328303800e+02 4.651905044814674511e+03 0.000000000000000000e+00 5.912900033502826773e+03
4.435643564356436114e-03 0.000000000000000000e+00 5.259403145492559588e+02 2.227278316922250789e-11 4.342820661328303800e+02 4.651905044814674511e+03 0.000000000000000000e+00 5.912900033502826773e+03
4.574257425742574851e-03 0.000000000000000000e+00 5.259403145492559588e+02 2.227278316922250789e-11 4.342820661328303800e+02 4.651905044814674511e+03 0.000000000000000000e+00 5.912900033502826773e+03
4.712871287128713588e-03 0.000000000000000000e+00 5.259403426703808009e+02 2.227276646845784732e-11 4.342820661299346625e+02 4.653664541258074678e+03 0.000000000000000000e+00 5.912899771601266366e+03
4.851485148514852325e-03 0.000000000000000000e+00 5.259409249383530778e+02 2.227237756828222499e-11 4.342820660411810536e+02 4.666312567763839070e+03 0.000000000000000000e+00 5.912895542487329294e+03
4.990099009900991062e-03 0.000000000000000000e+00 5.259450750083934736e+02 2.226723526547597373e-11 4.342820649526429406e+02 4.701111775645616035e+03 0.000000000000000000e+00 5.912873001560292323e+03
5.128712871287128931e-03 0.000000000000000000e+00 5.259659292396294177e+02 2.220770801560602418e-11 4.342820545730943422e+02 4.773326172092818524e+03 0.000000000000000000e+00 5.912790026027615568e+03
5.267326732673267668e-03 0.000000000000000000e+00 5.260558879223048052e+02 2.162114499515420205e-11 4.342819630678193903e+02 4.905287237350663418e+03 0.000000000000000000e+00 5.912532387774234849e+03
5.405940594059406405e-03 0.000000000000000000e+00 5.264155596869205738e+02 1.956125602786860938e-11 4.342811667803024989e+02 5.116763308485474226e+03 0.000000000000000000e+00 5.911808139412400124e+03
5.544554455445545142e-03 0.000000000000000000e+00 5.277827764475263166e+02 1.675013675775600418e-11 4.342740939914514229e+02 5.412469961097541272e+03 0.000000000000000000e+00 5.909951299264536829e+03
5.683168316831683879e-03 0.000000000000000000e+00 5.329817180942995947e+02 1.347593328787401993e-11 4.342073220710042278e+02 5.812905758640012209e+03 0.000000000000000000e+00 5.905362490686305136e+03
5.821782178217822616e-03 0.000000000000000000e+00 5.539752763982298802e+02 9.749225628181412517e-12 4.335030349706021866e+02 6.364906526871753158e+03 0.000000000000000000e+00 5.893714782439163173e+03
5.960396039603961353e-03 0.000000000000000000e+00 6.531549691047052875e+02 5.204252024183334559e-12 4.247309147320933675e+02 7.215523581764025948e+03 0.000000000000000000e+00 5.860155587446823120e+03
6.099009900990099223e-03 0.000000000000000000e+00 8.446471695902951069e+02 5.407322256191482541e-12 4.780438357673608607e+02 9.525502750961019046e+03 0.000000000000000000e+00 0.000000000000000000e+00
6.237623762376237960e-03 0.000000000000000000e+00 8.446471695902951069e+02 5.407322256191482541e-12 4.780438357673608607e+02 9.525502750961019046e+03 0.000000000000000000e+00 0.000000000000000000e+00
6.376237623762376697e-03 0.000000000000000000e+00 8.446471695902951069e+02 5.407322256191482541e-12 4.780438357673608607e+02 9.525502750961019046e+03 0.000000000000000000e+00 0.000000000000000000e+00
6.514851485148515434e-03 0.000000000000000000e+00 8.446471695902951069e+02 5.407322256191482541e-12 4.780438357673608607e+02 9.525502750961019046e+03 0.000000000000000000e+00 0.000000000000000000e+00
6.653465346534654171e-03 0.000000000000000000e+00 8.446471323027869857e+02 5.407322561142126368e-12 4.780438357675320731e+02 9.525097341846782001e+03 0.000000000000000000e+00 0.000000000000000000e+00
6.792079207920792908e-03 0.000000000000000000e+00 8.446448620347474616e+02 5.407343152810439896e-12 4.780438357857295273e+02 9.516072773623423927e+03 0.000000000000000000e+00 0.000000000000000000e+00
6.930693069306931645e-03 0.000000000000000000e+00 8.446279820788469124e+02 5.407707052199555745e-12 4.780438360897830989e+02 9.485626249875454960e+03 0.000000000000000000e+00 0.000000000000000000e+00
7.069306930693070382e-03 0.000000000000000000e+00 8.445550026701693014e+02 5.412838375515552491e-12 4.780438394394423085e+02 9.419709417726646279e+03 0.000000000000000000e+00 0.000000000000000000e+00
7.207920792079209119e-03 0.000000000000000000e+00 8.443022742526522961e+02 5.474707410414218369e-12 4.780438717622228069e+02 9.300424357855814378e+03 0.000000000000000000e+00 0.000000000000000000e+00
7.346534653465346988e-03 0.000000000000000000e+00 8.435155013209935078e+02 5.962278712577082469e-12 4.780441736153583179e+02 9.106394650348947835e+03 0.000000000000000000e+00 0.000000000000000000e+00
7.485148514851485725e-03 0.000000000000000000e+00 8.412740280158624273e+02 7.145591660176477326e-12 4.780470043394151389e+02 8.841493735862011818e+03 0.000000000000000000e+00 0.000000000000000000e+00
7.623762376237624462e-03 0.000000000000000000e+00 8.351877277795704231e+02 9.266394392326719001e-12 4.780747584573558697e+02 8.506375194915703105e+03 0.000000000000000000e+00 0.000000000000000000e+00
7.762376237623763199e-03 0.000000000000000000e+00 8.183729828205041485e+02 1.292585959453333154e-11 4.783718732338336963e+02 8.083839050924030744e+03 0.000000000000000000e+00 0.000000000000000000e+00
7.900990099009901069e-03 0.000000000000000000e+00 7.669653045957128370e+02 1.961438509452187562e-11 4.821676775577777221e+02 7.525232180382720799e+03 0.000000000000000000e+00 0.000000000000000000e+00
8.039603960396039806e-03 0.000000000000000000e+00 5.894627252970326481e+02 2.499968945605447192e-11 4.452944680317418715e+02 6.025145286781183131e+03 8.576159336537673425e+02 0.000000000000000000e+00
8.178217821782178543e-03 0.000000000000000000e+00 5.894453258102224709e+02 2.499696492468109538e-11 4.452944647443346753e+02 5.985997658584368764e+03 8.576169573833598179e+02 0.000000000000000000e+00
8.316831683168317280e-03 0.000000000000000000e+00 5.893801615996311511e+02 2.497378521932437336e-11 4.452944364606362910e+02 5.919351994470363934e+03 8.576221851587922629e+02 0.000000000000000000e+00
8.455445544554456017e-03 0.000000000000000000e+00 5.891531661804814348e+02 2.491744970017323703e-11 4.452941944024168492e+02 5.823993829381394789e+03 8.576476962346878281e+02 0.000000000000000000e+00
8.594059405940594754e-03 0.000000000000000000e+00 5.883927054055020562e+02 2.483333975040733510e-11 4.452920534546505564e+02 5.700772116522049146e+03 8.577714013468485064e+02 0.000000000000000000e+00
8.732673267326733491e-03 0.000000000000000000e+00 5.857898730963438538e+02 2.471785524621774324e-11 4.452716271914512731e+02 5.547536374420124957e+03 8.584008727007972084e+02 0.000000000000000000e+00
8.871287128712872228e-03 0.000000000000000000e+00 5.760254445996724826e+02 2.455691471387206414e-11 4.450471036804300411e+02 5.360685357189939168e+03 8.620024030983349803e+02 0.000000000000000000e+00
9.009900990099010964e-03 0.000000000000000000e+00 5.259464721163751619e+02 2.226485285635418580e-11 4.342820644772378387e+02 4.708678052772164847e+03 0.000000000000000000e+00 5.912866397730612334e+03
9.148514851485149701e-03 0.000000000000000000e+00 5.259723352933376646e+02 2.218257722913363336e-11 4.342820502634469335e+02 4.787852995859805560e+03 0.000000000000000000e+00 5.912768127454222849e+03
9.287128712871288438e-03 0.000000000000000000e+00 5.260825268011676599e+02 2.139516040725584387e-11 4.342819252476064094e+02 4.930710205273579049e+03 0.000000000000000000e+00 5.912467470977944686e+03
9.425742574257427175e-03 0.000000000000000000e+00 5.265187307746704164e+02 1.919329382000519698e-11 4.342808381942804772e+02 5.153610209935622152e+03 0.000000000000000000e+00 5.911635124571004781e+03
9.564356435643565912e-03 0.000000000000000000e+00 5.281715389921894257e+02 1.631316887294509050e-11 4.342711189479814493e+02 5.462526856973705435e+03 0.000000000000000000e+00 5.909520304750632022e+03
9.702970297029704649e-03 0.000000000000000000e+00 5.344850220823644804e+02 1.298077721002216347e-11 4.341782418358843643e+02 5.879413749257603740e+03 0.000000000000000000e+00 5.904293464640916682e+03
9.841584158415843386e-03 0.000000000000000000e+00 5.603922739851923325e+02 9.210727734209254369e-12 4.331739130617380624e+02 6.448328224899437373e+03 0.000000000000000000e+00 5.890855873573619647e+03
9.980198019801982123e-03 0.000000000000000000e+00 6.735713436431630043e+02 4.643572295445473560e-12 4.225978856788351550e+02 7.327720297596417367e+03 0.000000000000000000e+00 5.853876022299923534e+03
1.011881188118811913e-02 0.000000000000000000e+00 8.444965067887401347e+02 5.420983886110084956e-12 4.780438441264840890e+02 9.384459277882491733e+03 0.000000000000000000e+00 0.000000000000000000e+00
1.025742574257425786e-02 0.000000000000000000e+00 8.441134242061478972e+02 5.568528926373831975e-12 4.780439159705202883e+02 9.237492971612391557e+03 0.000000000000000000e+00 0.000000000000000000e+00
1.039603960396039660e-02 0.000000000000000000e+00 8.429568108794229602e+02 6.298922481882351307e-12 4.780445843874095431e+02 9.004953806052108121e+03 0.000000000000000000e+00 0.000000000000000000e+00
1.053465346534653534e-02 0.000000000000000000e+00 8.397399462317255256e+02 7.773795202734198169e-12 4.780509216557527452e+02 8.689321932940703846e+03 0.000000000000000000e+00 0.000000000000000000e+00
1.067326732673267407e-02 0.000000000000000000e+00 8.310047900906861287e+02 1.035105710337295947e-11 4.781147151471511734e+02 8.279378319258104966e+03 0.000000000000000000e+00 0.000000000000000000e+00
1.081188118811881281e-02 0.000000000000000000e+00 8.063352184307916559e+02 1.481942134648450244e-11 4.788285506094669586e+02 7.755398272255456504e+03 0.000000000000000000e+00 0.000000000000000000e+00
1.095049504950495155e-02 0.000000000000000000e+00 7.251171666084171648e+02 2.351886583536980469e-11 4.887527026288461229e+02 7.054829151622177960e+03 0.000000000000000000e+00 0.000000000000000000e+00
1.108910891089109028e-02 0.000000000000000000e+00 5.884611908991366818e+02 2.480091772458055481e-11 4.452922266313011619e+02 5.817701238822819505e+03 8.577618219199293890e+02 0.000000000000000000e+00
1.122772277227722902e-02 0.000000000000000000e+00 5.860476852470357017e+02 2.434366090039100461e-11 4.452733456536405470e+02 5.788646928811562248e+03 8.583502353867501142e+02 0.000000000000000000e+00
1.136633663366336776e-02 0.000000000000000000e+00 5.770337987444725059e+02 2.234633397058635492e-11 4.450673239645906278e+02 5.792318218872522266e+03 8.616996937466373083e+02 0.000000000000000000e+00
1.150495049504950650e-02 0.000000000000000000e+00 5.271962467507619294e+02 1.761000492874097592e-11 4.342778000284573636e+02 5.318324900522577082e+03 0.000000000000000000e+00 5.910662611406962242e+03
1.164356435643564523e-02 0.000000000000000000e+00 5.307359466102313945e+02 1.446033394130740764e-11 4.342428587342656101e+02 5.685471785290630578e+03 0.000000000000000000e+00 5.907117552344718206e+03
1.178217821782178397e-02 0.000000000000000000e+00 5.446781102542304325e+02 1.087079578298338027e-11 4.338883743964427708e+02 6.186351272897883064e+03 0.000000000000000000e+00 5.898255157490010788e+03
1.192079207920792271e-02 0.000000000000000000e+00 6.080427918860779073e+02 6.796951511238931750e-12 4.294806013217911982e+02 6.918545252622281623e+03 0.000000000000000000e+00 5.873701165911160388e+03
1.205940594059406144e-02 0.000000000000000000e+00 8.446471695902951069e+02 5.407322256191482541e-12 4.780438357673608607e+02 9.525502750961019046e+03 0.000000000000000000e+00 0.000000000000000000e+00
1.219801980198019845e-02 0.000000000000000000e+00 8.446471695902951069e+02 5.407322256191482541e-12 4.780438357673608607e+02 9.525502750961019046e+03 0.000000000000000000e+00 0.000000000000000000e+00
1.233663366336633718e-02 0.000000000000000000e+00 8.446471695902951069e+02 5.407322256191482541e-12 4.780438357673608607e+02 9.525502750961019046e+03 0.000000000000000000e+00 0.000000000000000000e+00
1.247524752475247592e-02 0.000000000000000000e+00 8.446471695902951069e+02 5.407322256191482541e-12 4.780438357673608607e+02 9.525502750961019046e+03 0.000000000000000000e+00 0.000000000000000000e+00
1.261386138613861466e-02 0.000000000000000000e+00 8.446471695902951069e+02 5.407322256191482541e-12 4.780438357673608607e+02 9.525502750961019046e+03 0.000000000000000000e+00 0.000000000000000000e+00
1.275247524752475339e-02 0.000000000000000000e+00 8.446471695902951069e+02 5.407322256191482541e-12 4.780438357673608607e+02 9.525502750961019046e+03 0.000000000000000000e+00 0.000000000000000000e+00
1.289108910891089213e-02 0.000000000000000000e+00 8.446471695902951069e+02 5.407322256191482541e-12 4.780438357673608607e+02 9.525502750961019046e+03 0.000000000000000000e+00 0.000000000000000000e+00
1.302970297029703087e-02 0.000000000000000000e+00 8.446471695902951069e+02 5.407322256191482541e-12 4.780438357673608607e+02 9.525502750961015408e+03 0.000000000000000000e+00 0.000000000000000000e+00
1.316831683168316960e-02 0.000000000000000000e+00 8.446471695902951069e+02 5.407322256191483349e-12 4.780438357673608607e+02 9.525502750961015408e+03 0.000000000000000000e+00 0.000000000000000000e+00
1.330693069306930834e-02 0.000000000000000000e+00 8.446471695902951069e+02 5.407322256191485772e-12 4.780438357673608607e+02 9.525502750961015408e+03 0.000000000000000000e+00 0.000000000000000000e+00
1.344554455445544708e-02 0.000000000000000000e+00 8.446471695902951069e+02 5.407322256191484156e-12 4.780438357673608607e+02 9.525502750961011770e+03 0.000000000000000000e+00 0.000000000000000000e+00
1.358415841584158582e-02 0.000000000000000000e+00 8.446471695902951069e+02 5.407322256191481733e-12 4.780438357673608607e+02 9.525502750961011770e+03 0.000000000000000000e+00 0.000000000000000000e+00
1.372277227722772455e-02 0.000000000000000000e+00 8.446471695902951069e+02 5.407322256191481733e-12 4.780438357673608607e+02 9.525502750961015408e+03 0.000000000000000000e+00 0.000000000000000000e+00
1.386138613861386329e-02 0.000000000000000000e+00 0.000000000000000000e+00 0.000000000000000000e+00 0.000000000000000000e+00 0.000000000000000000e+00 0.000000000000000000e+00 0.000000000000000000e+00
