0.000000000000000000e+00 1.000000000000000000e+00 6.000000000000000000e+00 7.000000000000000000e+00 8.000000000000000000e+00 1.400000000000000000e+01 2.600000000000000000e+01 2.900000000000000000e+01
0.000000000000000000e+00 0.000000000000000000e+00 8.446471695902951069e+02 5.407322256191482541e-12 4.780438357673608607e+02 9.525502750961019046e+03 0.000000000000000000e+00 0.000000000000000000e+00
2.745098039215686215e-04 0.000000000000000000e+00 8.446471695902951069e+02 5.407322256191484156e-12 4.780438357673608607e+02 9.525502750961013589e+03 0.000000000000000000e+00 0.000000000000000000e+00
5.490196078431372429e-04 0.000000000000000000e+00 8.446471695902951069e+02 5.407322256191484964e-12 4.780438357673608607e+02 9.525502750961013589e+03 0.000000000000000000e+00 0.000000000000000000e+00
8.235294117647058102e-04 0.000000000000000000e+00 8.446471695902951069e+02 5.407322256191482541e-12 4.780438357673608607e+02 9.525502750961015408e+03 0.000000000000000000e+00 0.000000000000000000e+00
1.098039215686274486e-03 0.000000000000000000e+00 8.446471695902951069e+02 5.407322256191482541e-12 4.780438357673608607e+02 9.525502750961017227e+03 0.000000000000000000e+00 0.000000000000000000e+00
1.372549019607843162e-03 0.000000000000000000e+00 8.446471695902951069e+02 5.407322256191482541e-12 4.780438357673608607e+02 9.525502750961019046e+03 0.000000000000000000e+00 0.000000000000000000e+00
1.647058823529411620e-03 0.000000000000000000e+00 8.446471695902951069e+02 5.407322256191482541e-12 4.780438357673608607e+02 9.525502750961019046e+03 0.000000000000000000e+00 0.000000000000000000e+00
1.921568627450980296e-03 0.000000000000000000e+00 8.446471695902951069e+02 5.407322256191482541e-12 4.780438357673608607e+02 9.525502750961019046e+03 0.000000000000000000e+00 0.000000000000000000e+00
2.196078431372548972e-03 0.000000000000000000e+00 6.109991431807253548e+02 1.136666602796067389e-11 4.446149090003459605e+02 7.315187783246416075e+03 8.553084635386848049e+02 0.000000000000000000e+00
2.470588235294117647e-03 0.000000000000000000e+00 5.912572122471748344e+02 1.910469603194333760e-11 4.452866687666147527e+02 6.630175949084394233e+03 8.575263653380656024e+02 0.000000000000000000e+00
2.745098039215686323e-03 0.000000000000000000e+00 5.896022002568624885e+02 2.439190837281858567e-11 4.452943586589261713e+02 6.250131299912232862e+03 8.576120253035156793e+02 0.000000000000000000e+00
3.019607843137254999e-03 0.000000000000000000e+00 5.894741153054150118e+02 2.499465394977128354e-11 4.452944670953822879e+02 6.094771894378556681e+03 8.576156115512934548e+02 0.000000000000000000e+00
3.294117647058823241e-03 0.000000000000000000e+00 5.894677615056076547e+02 2.499994566805327203e-11 4.452944684268314859e+02 6.058115860109563982e+03 8.576157225190695499e+02 0.000000000000000000e+00
3.568627450980391917e-03 0.000000000000000000e+00 5.894677220729654437e+02 2.499996147625463475e-11 4.452944684300242102e+02 6.056844417679328217e+03 8.576157230406115559e+02 0.000000000000000000e+00
3.843137254901960592e-03 0.000000000000000000e+00 5.894677220729654437e+02 2.499996147625463475e-11 4.452944684300242102e+02 6.056844417679328217e+03 8.576157230406115559e+02 0.000000000000000000e+00
4.117647058823529702e-03 0.000000000000000000e+00 5.390424579478190026e+02 2.268946848438250832e-11 4.345710412948590147e+02 5.303346529228263535e+03 0.000000000000000000e+00 5.516187308408650097e+03
4.392156862745097944e-03 0.000000000000000000e+00 5.267931830219487210e+02 2.243193412932121543e-11 4.342848170920520943e+02 4.963872750380672187e+03 0.000000000000000000e+00 5.861580623560429558e+03
4.666666666666666186e-03 0.000000000000000000e+00 5.259999289836223397e+02 2.230079751892061734e-11 4.342821024069491500e+02 4.771310707847790582e+03 0.000000000000000000e+00 5.906540863359859941e+03
4.941176470588235295e-03 0.000000000000000000e+00 5.259433978792183098e+02 2.227312335345673550e-11 4.342820665971333369e+02 4.679974351678300081e+03 0.000000000000000000e+00 5.912365944786709406e+03
5.215686274509803537e-03 0.000000000000000000e+00 5.259403642860454511e+02 2.227278489648601997e-11 4.342820661354024878e+02 4.654180429102751987e+03 0.000000000000000000e+00 5.912886958864645749e+03
5.490196078431372646e-03 0.000000000000000000e+00 5.259403145492559588e+02 2.227278316922250789e-11 4.342820661328303800e+02 4.651905044814674511e+03 0.000000000000000000e+00 5.912900033502826773e+03
5.764705882352940888e-03 0.000000000000000000e+00 5.259403145492559588e+02 2.227278316922250789e-11 4.342820661328303800e+02 4.651905044814674511e+03 0.000000000000000000e+00 5.912900033502826773e+03
6.039215686274509998e-03 0.000000000000000000e+00 6.743119259147026696e+02 2.405458210795878842e-11 4.891110615250466935e+02 6.151284282789229110e+03 0.000000000000000000e+00 0.000000000000000000e+00
6.313725490196078240e-03 0.000000000000000000e+00 8.247263803890510871e+02 1.054513856948811998e-11 4.781224162874652279e+02 7.730690568460986469e+03 0.000000000000000000e+00 0.000000000000000000e+00
6.588235294117646482e-03 0.000000000000000000e+00 8.420702759352117255e+02 6.403156410759605024e-12 4.780446937202610229e+02 8.708511610013032623e+03 0.000000000000000000e+00 0.000000000000000000e+00
6.862745098039215591e-03 0.000000000000000000e+00 8.444009083482794722e+02 5.426196542359692220e-12 4.780438458733539733e+02 9.284198100180092297e+03 0.000000000000000000e+00 0.000000000000000000e+00
7.137254901960783833e-03 0.000000000000000000e+00 8.446365992071134770e+02 5.407417222115581631e-12 4.780438358445767335e+02 9.491999936341377179e+03 0.000000000000000000e+00 0.000000000000000000e+00
7.411764705882352942e-03 0.000000000000000000e+00 8.446471695902951069e+02 5.407322256191482541e-12 4.780438357673608607e+02 9.525502750961019046e+03 0.000000000000000000e+00 0.000000000000000000e+00
7.686274509803921184e-03 0.000000000000000000e+00 8.446471695902951069e+02 5.407322256191482541e-12 4.780438357673608607e+02 9.525502750961019046e+03 0.000000000000000000e+00 0.000000000000000000e+00
7.960784313725490294e-03 0.000000000000000000e+00 8.446471695902951069e+02 5.407322256191482541e-12 4.780438357673608607e+02 9.525502750961019046e+03 0.000000000000000000e+00 0.000000000000000000e+00
8.235294117647059403e-03 0.000000000000000000e+00 6.044185159381082713e+02 1.263466935367515049e-11 4.449441455404205499e+02 7.189201100159785710e+03 8.561944126885077821e+02 0.000000000000000000e+00
8.509803921568626778e-03 0.000000000000000000e+00 5.907227696244017352e+02 2.004830940652656275e-11 4.452902375863800444e+02 6.560449487589163255e+03 8.575586751601857713e+02 0.000000000000000000e+00
8.784313725490195887e-03 0.000000000000000000e+00 5.895582848990977709e+02 2.468042703717338360e-11 4.452944086329384277e+02 6.215865161884445115e+03 8.576134091252242797e+02 0.000000000000000000e+00
9.058823529411764996e-03 0.000000000000000000e+00 5.515404178946790807e+02 2.277498460759250443e-11 4.351709636916834825e+02 5.445328305076330253e+03 0.000000000000000000e+00 5.258723308869498396e+03
9.333333333333332371e-03 0.000000000000000000e+00 5.274387328983214047e+02 2.247385086242113400e-11 4.342892152813725488e+02 5.021237338196766359e+03 0.000000000000000000e+00 5.834281859773410361e+03
9.607843137254901481e-03 0.000000000000000000e+00 5.260472987167578367e+02 2.232057821813642725e-11 4.342821569302903981e+02 4.803742490020586956e+03 0.000000000000000000e+00 5.902713984071842788e+03
9.882352941176470590e-03 0.000000000000000000e+00 5.259463995269087491e+02 2.227373675053222096e-11 4.342820673388161481e+02 4.692072696724125308e+03 0.000000000000000000e+00 5.911944606852342076e+03
1.015686274509803970e-02 0.000000000000000000e+00 7.801554866365559064e+02 1.596216951927192628e-11 4.792779570996013945e+02 6.957533553480150658e+03 0.000000000000000000e+00 0.000000000000000000e+00
1.043137254901960707e-02 0.000000000000000000e+00 8.362147528226786335e+02 8.218697825992896700e-12 4.780548704274729062e+02 8.199743405070516019e+03 0.000000000000000000e+00 0.000000000000000000e+00
1.070588235294117618e-02 0.000000000000000000e+00 8.436555056487951560e+02 5.692239049252237858e-12 4.780439649093515300e+02 9.008579716456491951e+03 0.000000000000000000e+00 0.000000000000000000e+00
1.098039215686274529e-02 0.000000000000000000e+00 8.445718277375186744e+02 5.409426336161332791e-12 4.780438371701428082e+02 9.406018707167168031e+03 0.000000000000000000e+00 0.000000000000000000e+00
1.125490196078431267e-02 0.000000000000000000e+00 6.019494929823819120e+02 1.320538312032860110e-11 4.450427622722061756e+02 7.125204002535475411e+03 8.564974823507318433e+02 0.000000000000000000e+00
1.152941176470588178e-02 0.000000000000000000e+00 5.607350608244771593e+02 1.872224533943973718e-11 4.356245351832741903e+02 5.914698638019211103e+03 0.000000000000000000e+00 5.107853083914871604e+03
1.180392156862745089e-02 0.000000000000000000e+00 5.279870896466263730e+02 2.228578120792407913e-11 4.342936425450344586e+02 5.176916712731926964e+03 0.000000000000000000e+00 5.816501951325586560e+03
1.207843137254902000e-02 0.000000000000000000e+00 7.222076668786230584e+02 2.065651756005816477e-11 4.835531859171460951e+02 6.699416461769427769e+03 0.000000000000000000e+00 0.000000000000000000e+00
1.235294117647058737e-02 0.000000000000000000e+00 8.297044269455103631e+02 9.650395487280848409e-12 4.780844543045154751e+02 7.967832074486072997e+03 0.000000000000000000e+00 0.000000000000000000e+00
1.262745098039215648e-02 0.000000000000000000e+00 8.427593023585354786e+02 6.113876175388206614e-12 4.780442921981357358e+02 8.827342525729434783e+03 0.000000000000000000e+00 0.000000000000000000e+00
1.290196078431372559e-02 0.000000000000000000e+00 8.444783253429868637e+02 5.416567324221664122e-12 4.780438410435808692e+02 9.331438629383559601e+03 0.000000000000000000e+00 0.000000000000000000e+00
1.317647058823529296e-02 0.000000000000000000e+00 8.446414709243011885e+02 5.407363707517992363e-12 4.780438358009632225e+02 9.503582044372573364e+03 0.000000000000000000e+00 0.000000000000000000e+00
1.345098039215686207e-02 0.000000000000000000e+00 8.446471695902951069e+02 5.407322256191482541e-12 4.780438357673608607e+02 9.525502750961019046e+03 0.000000000000000000e+00 0.000000000000000000e+00
1.372549019607843118e-02 0.000000000000000000e+00 0.000000000000000000e+00 0.000000000000000000e+00 0.000000000000000000e+00 0.000000000000000000e+00 0.000000000000000000e+00 0.000000000000000000e+00
