0.000000000000000000e+00 1.000000000000000000e+00 6.000000000000000000e+00 7.000000000000000000e+00 8.000000000000000000e+00 1.400000000000000000e+01 2.600000000000000000e+01 2.900000000000000000e+01
0.000000000000000000e+00 0.000000000000000000e+00 2.961676033968919000e+03 1.003298157083065944e-44 2.064545385426732082e+03 1.854223087642028857e-41 1.649787775162205207e+03 2.102916938573768491e+00
1.372549019607843107e-04 0.000000000000000000e+00 2.961676033968919000e+03 1.003298157083068309e-44 2.064545385426732082e+03 1.854223087642033955e-41 1.649787775162204753e+03 2.102916938573768935e+00
2.745098039215686215e-04 0.000000000000000000e+00 2.961676033968919000e+03 1.003298157083068682e-44 2.064545385426732082e+03 1.854223087642032426e-41 1.649787775162204753e+03 2.102916938573769379e+00
4.117647058823529051e-04 0.000000000000000000e+00 2.961676033968919000e+03 1.003298157083068682e-44 2.064545385426732082e+03 1.854223087642031916e-41 1.649787775162205207e+03 2.102916938573768935e+00
5.490196078431372429e-04 0.000000000000000000e+00 2.961676033968919000e+03 1.003298157083070674e-44 2.064545385426732082e+03 1.854223087642031916e-41 1.649787775162205207e+03 2.102916938573768491e+00
6.862745098039215808e-04 0.000000000000000000e+00 2.961676033968919000e+03 1.003298157083067811e-44 2.064545385426732082e+03 1.854223087642030897e-41 1.649787775162205207e+03 2.102916938573768491e+00
8.235294117647058102e-04 0.000000000000000000e+00 2.961676033968919000e+03 1.003298157083070674e-44 2.064545385426732082e+03 1.854223087642034720e-41 1.649787775162205207e+03 2.102916938573768491e+00
9.607843137254901481e-04 0.000000000000000000e+00 2.961676033968919000e+03 1.003298157083067687e-44 2.064545385426732082e+03 1.854223087642030132e-41 1.649787775162205207e+03 2.102916938573768935e+00
1.098039215686274486e-03 0.000000000000000000e+00 3.448135768259995530e+03 1.393488774317310990e-44 2.170271844427581982e+03 2.575345164812476369e-41 0.000000000000000000e+00 3.176000289554224310e+00
1.235294117647058824e-03 0.000000000000000000e+00 3.555745920069992280e+03 1.354177342987560034e-44 2.160111316619163517e+03 2.823941130122957341e-41 0.000000000000000000e+00 3.665010049624182642e+00
1.372549019607843162e-03 0.000000000000000000e+00 3.585783224783699097e+03 1.336550920015939525e-44 2.159281750914338772e+03 3.198275577517343704e-41 0.000000000000000000e+00 4.099548310625697134e+00
1.509803921568627499e-03 0.000000000000000000e+00 3.594677327442314891e+03 1.284557391037138783e-44 2.159217263668538180e+03 3.696340499356085876e-41 0.000000000000000000e+00 4.474151036402060910e+00
1.647058823529411620e-03 0.000000000000000000e+00 3.597470922166671244e+03 1.251631750223711020e-44 2.159211756949301162e+03 3.962833441616798352e-41 0.000000000000000000e+00 4.791749680775973630e+00
1.784313725490195958e-03 0.000000000000000000e+00 3.598376825836481203e+03 1.211347249839752031e-44 2.159211256510173371e+03 4.452136505801104920e-41 0.000000000000000000e+00 5.050005370755308753e+00
1.921568627450980296e-03 0.000000000000000000e+00 3.598673923361433481e+03 1.177083228396276920e-44 2.159211208862224794e+03 4.741027692291130628e-41 0.000000000000000000e+00 5.234166298575200216e+00
2.058823529411764851e-03 0.000000000000000000e+00 3.117781375692724396e+03 8.180118633673878482e-45 2.050074461113491452e+03 3.751320933839176458e-41 1.640020617633077791e+03 3.740362363942825841e+00
2.196078431372548972e-03 0.000000000000000000e+00 3.006212417103092776e+03 7.905783706443770585e-45 2.062656536373086510e+03 3.961561504098155320e-41 1.647987656296303385e+03 3.332321148781459019e+00
2.333333333333333093e-03 0.000000000000000000e+00 2.972961084128859966e+03 7.973114174069083751e-45 2.064401529830455729e+03 3.895958636617353046e-41 1.649544462285842428e+03 2.982717034678193269e+00
2.470588235294117647e-03 0.000000000000000000e+00 2.964748391454997090e+03 7.834562697027233023e-45 2.064533073201077968e+03 3.907754881187078667e-41 1.649751942884121263e+03 2.705632789319113218e+00
2.607843137254901768e-03 0.000000000000000000e+00 2.962548779262270727e+03 7.724616119674692040e-45 2.064544254027417082e+03 3.972832154111685658e-41 1.649782309845594227e+03 2.492394543949004504e+00
2.745098039215686323e-03 0.000000000000000000e+00 2.961930807535748500e+03 7.584004099913629706e-45 2.064545276164872121e+03 4.074369416515379087e-41 1.649786946205388176e+03 2.334076942165357771e+00
2.882352941176470444e-03 0.000000000000000000e+00 2.961751571083279032e+03 7.293299978052766936e-45 2.064545374546958556e+03 4.233650151896137290e-41 1.649787655458315839e+03 2.226035404409910434e+00
3.019607843137254999e-03 0.000000000000000000e+00 2.961698659234594288e+03 6.995061482661027284e-45 2.064545384311547423e+03 4.402317892753335080e-41 1.649787759596239312e+03 2.163164657373538358e+00
3.156862745098039120e-03 0.000000000000000000e+00 2.961682831874477870e+03 6.734856926927351748e-45 2.064545385310914753e+03 4.614124002689373364e-41 1.649787773584092065e+03 2.130148419153155892e+00
3.294117647058823241e-03 0.000000000000000000e+00 2.961678080751685229e+03 6.673916178430349372e-45 2.064545385414550765e+03 4.794849415594771201e-41 1.649787775078409823e+03 2.114118678039024868e+00
3.431372549019607796e-03 0.000000000000000000e+00 2.961676652158186243e+03 6.706790513636004548e-45 2.064545385425444692e+03 4.929860858866670199e-41 1.649787775162205207e+03 2.107091369607601461e+00
3.568627450980391917e-03 0.000000000000000000e+00 2.961676222505072474e+03 6.865501830782262436e-45 2.064545385426593839e+03 4.931390548073911397e-41 1.649787775162205207e+03 2.104435117995804294e+00
3.705882352941176471e-03 0.000000000000000000e+00 2.961676091754498884e+03 7.188332793806502044e-45 2.064545385426717530e+03 4.626103802189054093e-41 1.649787775162205207e+03 2.103472601157506006e+00
3.843137254901960592e-03 0.000000000000000000e+00 2.961676051839732281e+03 7.585630697811014931e-45 2.064545385426730263e+03 4.116711299668471684e-41 1.649787775162205207e+03 2.103122182225720227e+00
3.980392156862745147e-03 0.000000000000000000e+00 2.961676039527448211e+03 8.076693797879513548e-45 2.064545385426732082e+03 3.410773473163981770e-41 1.649787775162205207e+03 2.102993185398073450e+00
4.117647058823529702e-03 0.000000000000000000e+00 2.961676035709429470e+03 8.584496293957378570e-45 2.064545385426732082e+03 2.816624160753108205e-41 1.649787775162205207e+03 2.102945470024208063e+00
4.254901960784313389e-03 0.000000000000000000e+00 2.961676034514585353e+03 9.062241149829964239e-45 2.064545385426732082e+03 2.396284620039487767e-41 1.649787775162205207e+03 2.102927638578868219e+00
4.392156862745097944e-03 0.000000000000000000e+00 2.961676034141087257e+03 9.491105059355819250e-45 2.064545385426732082e+03 2.114784652836979239e-41 1.649787775162205207e+03 2.102920976498372951e+00
4.529411764705882498e-03 0.000000000000000000e+00 3.382009728723743592e+03 1.366918756042744194e-44 2.177971772376446097e+03 2.696260729923820080e-41 0.000000000000000000e+00 2.944920413317850372e+00
4.666666666666666186e-03 0.000000000000000000e+00 3.517069116222521188e+03 1.389335667842415692e-44 2.162789469181936056e+03 2.599184524405970448e-41 0.000000000000000000e+00 3.425542653884725564e+00
4.803921568627450740e-03 0.000000000000000000e+00 3.575178393700995912e+03 1.336611810402627657e-44 2.159468577415700565e+03 3.200287959827244158e-41 0.000000000000000000e+00 3.890241334183665245e+00
4.941176470588235295e-03 0.000000000000000000e+00 3.591469940615762880e+03 1.305944581480289014e-44 2.159232268531560294e+03 3.358771617246583502e-41 0.000000000000000000e+00 4.294234255424012048e+00
5.078431372549019850e-03 0.000000000000000000e+00 3.596451135347835589e+03 1.272470624579557768e-44 2.159213066874018295e+03 3.843592362252905364e-41 0.000000000000000000e+00 4.640109534056485963e+00
5.215686274509803537e-03 0.000000000000000000e+00 3.598044464044879078e+03 1.235704493347965413e-44 2.159211377011115928e+03 4.154242198673790979e-41 0.000000000000000000e+00 4.928691030819239316e+00
5.352941176470588092e-03 0.000000000000000000e+00 3.598565065801853052e+03 1.195095665519912879e-44 2.159211220372380467e+03 4.583818017427632236e-41 0.000000000000000000e+00 5.152513308368845912e+00
5.490196078431372646e-03 0.000000000000000000e+00 3.598735703347727849e+03 1.153593087966263750e-44 2.159211205331122528e+03 4.997692231497099441e-41 0.000000000000000000e+00 5.297004118063780354e+00
5.627450980392156334e-03 0.000000000000000000e+00 3.598791329287191274e+03 1.114632210913775651e-44 2.159211203845270120e+03 5.375126625482698749e-41 0.000000000000000000e+00 5.378855491499268560e+00
5.764705882352940888e-03 0.000000000000000000e+00 3.598809107578737894e+03 1.070401262650139287e-44 2.159211203696137545e+03 5.851277999163319432e-41 0.000000000000000000e+00 5.421467102519096137e+00
5.901960784313725443e-03 0.000000000000000000e+00 3.598814603619390709e+03 1.026471019643324835e-44 2.159211203681133156e+03 6.253747252550351382e-41 0.000000000000000000e+00 5.441435206593554952e+00
6.039215686274509998e-03 0.000000000000000000e+00 3.598816271374502321e+03 9.775952897302523050e-45 2.159211203679592472e+03 6.745405814710376831e-41 0.000000000000000000e+00 5.449398689202483936e+00
6.176470588235293685e-03 0.000000000000000000e+00 3.598816777695184101e+03 9.228449927078131464e-45 2.159211203679430128e+03 7.283799429196819744e-41 0.000000000000000000e+00 5.452279223210613424e+00
6.313725490196078240e-03 0.000000000000000000e+00 3.598816932870952769e+03 8.609715948613067558e-45 2.159211203679412392e+03 7.819782082921590228e-41 0.000000000000000000e+00 5.453330683066006657e+00
6.450980392156862794e-03 0.000000000000000000e+00 3.598816980669706936e+03 7.775256253748386730e-45 2.159211203679410573e+03 8.506020608829275101e-41 0.000000000000000000e+00 5.453716921824008246e+00
6.588235294117646482e-03 0.000000000000000000e+00 3.598816995562683132e+03 6.993080715867409073e-45 2.159211203679410573e+03 9.250988229043290471e-41 0.000000000000000000e+00 5.453860391750264824e+00
6.725490196078431036e-03 0.000000000000000000e+00 3.598817000207185174e+03 6.391605758280303844e-45 2.159211203679410573e+03 1.000365234467493264e-40 0.000000000000000000e+00 5.453913753628432559e+00
6.862745098039215591e-03 0.000000000000000000e+00 0.000000000000000000e+00 0.000000000000000000e+00 0.000000000000000000e+00 0.000000000000000000e+00 0.000000000000000000e+00 0.000000000000000000e+00
