0.000000000000000000e+00 1.000000000000000000e+00 6.000000000000000000e+00 7.000000000000000000e+00 8.000000000000000000e+00 1.400000000000000000e+01 2.600000000000000000e+01 2.900000000000000000e+01
0.000000000000000000e+00 0.000000000000000000e+00 2.961702926096248120e+03 7.230867793517175300e-45 2.064545383892077098e+03 4.211512229804232547e-41 1.649787754126380605e+03 2.169969081895996244e+00
1.372549019607843107e-04 0.000000000000000000e+00 2.961765865667976868e+03 7.549032295074997954e-45 2.064545370394266683e+03 4.044077074233930030e-41 1.649787616678102722e+03 2.238358729458787444e+00
2.745098039215686215e-04 0.000000000000000000e+00 2.961979612916692076e+03 7.702067781585608750e-45 2.064545233622543037e+03 3.984760427337111654e-41 1.649786687340324761e+03 2.353550791515849561e+00
4.117647058823529051e-04 0.000000000000000000e+00 2.962719620921163369e+03 7.864370424384276098e-45 2.064543800191855553e+03 3.919847251890581644e-41 1.649780617754501236e+03 2.519249184691739973e+00
5.490196078431372429e-04 0.000000000000000000e+00 2.965369222959352101e+03 7.908482265125548300e-45 2.064527958133210177e+03 3.816663359530998090e-41 1.649740687921054814e+03 2.741073610913718372e+00
6.862745098039215808e-04 0.000000000000000000e+00 2.975347521389079247e+03 8.093347159377406457e-45 2.064339170570037822e+03 3.786580642176164778e-41 1.649465403871215813e+03 3.028120575604611453e+00
8.235294117647058102e-04 0.000000000000000000e+00 3.016482083503535250e+03 7.996115022682110305e-45 2.061774672574460965e+03 3.900407735586214226e-41 1.647355552182387328e+03 3.388099074520459553e+00
9.607843137254901481e-04 0.000000000000000000e+00 3.132953103250971253e+03 8.262876234448173540e-45 2.048289974816547783e+03 3.670778610676530468e-41 1.638915280019487227e+03 3.787272967629371045e+00
1.098039215686274486e-03 0.000000000000000000e+00 3.598648711845901289e+03 1.190645841420448631e-44 2.159211210989230494e+03 4.625710489565307569e-41 0.000000000000000000e+00 5.213047375974798392e+00
1.235294117647058824e-03 0.000000000000000000e+00 3.598299782319008955e+03 1.226958159733504055e-44 2.159211278606882843e+03 4.276567848323886100e-41 0.000000000000000000e+00 5.017107187586519856e+00
1.372549019607843162e-03 0.000000000000000000e+00 3.597235729677088329e+03 1.263057719762567979e-44 2.159211993209418324e+03 3.887654188282261018e-41 0.000000000000000000e+00 4.749797741304305099e+00
1.509803921568627499e-03 0.000000000000000000e+00 3.593942652482823178e+03 1.293653282350485430e-44 2.159219919250690509e+03 3.504944322500108189e-41 0.000000000000000000e+00 4.424162251419064162e+00
1.647058823529411620e-03 0.000000000000000000e+00 3.583382490783924368e+03 1.336379539411782757e-44 2.159314144320634114e+03 3.202349498786234130e-41 0.000000000000000000e+00 4.041276873032549233e+00
1.784313725490195958e-03 0.000000000000000000e+00 3.547234057504492284e+03 1.369481696399410877e-44 2.160559251278321426e+03 2.680611513466835326e-41 0.000000000000000000e+00 3.597780505182770483e+00
1.921568627450980296e-03 0.000000000000000000e+00 3.426759586333942025e+03 1.361238915799183331e-44 2.172850768027633876e+03 2.721897507845902866e-41 0.000000000000000000e+00 3.093860090325705858e+00
2.058823529411764851e-03 0.000000000000000000e+00 2.961676034082950991e+03 9.443298097736193508e-45 2.064545385426732082e+03 2.144223181053098758e-41 1.649787775162205207e+03 2.102919793260100700e+00
2.196078431372548972e-03 0.000000000000000000e+00 2.961676034329751474e+03 9.013400380812331401e-45 2.064545385426732082e+03 2.438728681310620837e-41 1.649787775162205207e+03 2.102924493187291688e+00
2.333333333333333093e-03 0.000000000000000000e+00 2.961676035117724950e+03 8.537449359764980235e-45 2.064545385426732082e+03 2.874918542510784956e-41 1.649787775162205207e+03 2.102937044620092344e+00
2.470588235294117647e-03 0.000000000000000000e+00 2.961676037627693404e+03 8.035430456646202629e-45 2.064545385426732082e+03 3.485371186032731140e-41 1.649787775162205207e+03 2.102970536538889768e+00
2.607843137254901768e-03 0.000000000000000000e+00 2.961676045708206402e+03 7.563474574927449808e-45 2.064545385426731627e+03 4.169741787502788699e-41 1.649787775162205207e+03 2.103060928016987852e+00
2.745098039215686323e-03 0.000000000000000000e+00 2.961676071816274089e+03 7.173353218872106853e-45 2.064545385426725716e+03 4.683331250337861522e-41 1.649787775162205207e+03 2.103305710478422519e+00
2.882352941176470444e-03 0.000000000000000000e+00 2.961676156956136765e+03 6.814232999361690337e-45 2.064545385426670691e+03 5.129824167517752757e-41 1.649787775162205207e+03 2.103974989523159866e+00
3.019607843137254999e-03 0.000000000000000000e+00 2.961676436399235627e+03 6.512094160654887662e-45 2.064545385426166831e+03 5.510430281060028894e-41 1.649787775162205207e+03 2.105818777501047734e+00
3.156862745098039120e-03 0.000000000000000000e+00 2.961677363541614795e+03 6.212967872385792951e-45 2.064545385421391984e+03 5.871932157590252468e-41 1.649787775146255171e+03 2.110877333512790166e+00
3.294117647058823241e-03 0.000000000000000000e+00 2.961680450032042245e+03 5.915497768728578065e-45 2.064545385376073227e+03 6.215364798058266614e-41 1.649787774565170139e+03 2.123007807670308722e+00
3.431372549019607796e-03 0.000000000000000000e+00 2.961690705618649645e+03 5.674050487375990023e-45 2.064545384944697162e+03 6.539294872084012267e-41 1.649787768199137645e+03 2.148792286177390043e+00
3.568627450980391917e-03 0.000000000000000000e+00 2.961724924282586926e+03 5.367424171016252531e-45 2.064545380775814920e+03 6.874654609018104006e-41 1.649787717702219652e+03 2.199302549514658534e+00
3.705882352941176471e-03 0.000000000000000000e+00 2.961840157062717935e+03 5.181434308614679173e-45 2.064545339265238908e+03 7.140323594070193578e-41 1.649787364850769109e+03 2.290128095385500107e+00
3.843137254901960592e-03 0.000000000000000000e+00 2.962234769096163291e+03 4.869729381119507210e-45 2.064544913420024841e+03 7.434194703209728353e-41 1.649785028409996812e+03 2.431290176882409781e+00
3.980392156862745147e-03 0.000000000000000000e+00 2.963620096366542839e+03 4.691512477265190624e-45 2.064540375034025146e+03 7.699008504264234027e-41 1.649769838174698634e+03 2.626312364779844533e+00
4.117647058823529702e-03 0.000000000000000000e+00 2.968686902756247946e+03 4.357734333866688381e-45 2.064488757270066344e+03 8.115060091482398503e-41 1.649668288001504607e+03 2.885976077244844173e+00
4.254901960784313389e-03 0.000000000000000000e+00 2.988443559207303679e+03 4.164906519282620652e-45 2.063847034840600827e+03 8.215394865361392337e-41 1.648942945118991474e+03 3.225133779972474635e+00
4.392156862745097944e-03 0.000000000000000000e+00 3.072468934282566352e+03 3.952359532879647422e-45 2.055574983715310282e+03 8.562262725089993927e-41 1.643393139830349810e+03 3.649858882200734289e+00
4.529411764705882498e-03 0.000000000000000000e+00 3.598817002347923335e+03 5.489463528116304482e-45 2.159211203679410573e+03 1.189219466410377360e-40 0.000000000000000000e+00 5.453946016262904095e+00
4.666666666666666186e-03 0.000000000000000000e+00 3.598817002347923335e+03 5.489463528116290791e-45 2.159211203679410573e+03 1.189219466410375525e-40 0.000000000000000000e+00 5.453946016262904095e+00
4.803921568627450740e-03 0.000000000000000000e+00 3.598817002347923335e+03 5.489463528116284568e-45 2.159211203679410573e+03 1.189219466410374301e-40 0.000000000000000000e+00 5.453946016262904095e+00
4.941176470588235295e-03 0.000000000000000000e+00 3.598817002347923335e+03 5.489463528116278967e-45 2.159211203679410573e+03 1.189219466410373690e-40 0.000000000000000000e+00 5.453946016262904095e+00
5.078431372549019850e-03 0.000000000000000000e+00 3.598817002347923335e+03 5.489463528116282701e-45 2.159211203679410573e+03 1.189219466410374913e-40 0.000000000000000000e+00 5.453946016262904095e+00
5.215686274509803537e-03 0.000000000000000000e+00 3.598817002347923335e+03 5.489463528116309460e-45 2.159211203679410573e+03 1.189219466410378176e-40 0.000000000000000000e+00 5.453946016262904095e+00
5.352941176470588092e-03 0.000000000000000000e+00 3.598817002347923335e+03 5.489463528116306349e-45 2.159211203679410573e+03 1.189219466410377972e-40 0.000000000000000000e+00 5.453946016262904095e+00
5.490196078431372646e-03 0.000000000000000000e+00 3.598817002347923335e+03 5.489463528116313194e-45 2.159211203679410573e+03 1.189219466410379195e-40 0.000000000000000000e+00 5.453946016262904095e+00
5.627450980392156334e-03 0.000000000000000000e+00 3.598817002347923335e+03 5.489463528116315683e-45 2.159211203679410573e+03 1.189219466410380215e-40 0.000000000000000000e+00 5.453946016262904095e+00
5.764705882352940888e-03 0.000000000000000000e+00 3.598817002347923335e+03 5.489463528116321906e-45 2.159211203679410573e+03 1.189219466410380827e-40 0.000000000000000000e+00 5.453946016262904095e+00
5.901960784313725443e-03 0.000000000000000000e+00 3.598817002347923335e+03 5.489463528116320662e-45 2.159211203679410573e+03 1.189219466410380623e-40 0.000000000000000000e+00 5.453946016262904095e+00
6.039215686274509998e-03 0.000000000000000000e+00 3.598817002347923335e+03 5.489463528116328751e-45 2.159211203679410573e+03 1.189219466410381846e-40 0.000000000000000000e+00 5.453946016262904983e+00
6.176470588235293685e-03 0.000000000000000000e+00 3.598817002347923335e+03 5.489463528116338708e-45 2.159211203679410573e+03 1.189219466410383885e-40 0.000000000000000000e+00 5.453946016262904983e+00
6.313725490196078240e-03 0.000000000000000000e+00 3.598817002347923335e+03 5.489463528116333108e-45 2.159211203679410573e+03 1.189219466410382458e-40 0.000000000000000000e+00 5.453946016262905871e+00
6.450980392156862794e-03 0.000000000000000000e+00 3.598817002347923335e+03 5.489463528116344931e-45 2.159211203679410573e+03 1.189219466410382662e-40 0.000000000000000000e+00 5.453946016262904095e+00
6.588235294117646482e-03 0.000000000000000000e+00 3.598817002347923335e+03 5.489463528116325640e-45 2.159211203679410573e+03 1.189219466410381642e-40 0.000000000000000000e+00 5.453946016262905871e+00
6.725490196078431036e-03 0.000000000000000000e+00 3.598817002347923335e+03 5.489463528116336841e-45 2.159211203679410573e+03 1.189219466410383477e-40 0.000000000000000000e+00 5.453946016262905871e+00
6.862745098039215591e-03 0.000000000000000000e+00 0.000000000000000000e+00 0.000000000000000000e+00 0.000000000000000000e+00 0.000000000000000000e+00 0.000000000000000000e+00 0.000000000000000000e+00
