0.000000000000000000e+00 1.000000000000000000e+00 6.000000000000000000e+00 7.000000000000000000e+00 8.000000000000000000e+00 1.400000000000000000e+01 2.600000000000000000e+01 2.900000000000000000e+01
0.000000000000000000e+00 0.000000000000000000e+00 8.016043284949679446e+02 1.248296649727187013e-05 4.780911210887037441e+02 1.880316701966536493e+04 0.000000000000000000e+00 0.000000000000000000e+00
1.372549019607843107e-04 0.000000000000000000e+00 8.016043284949679446e+02 1.248296649727188368e-05 4.780911210887037441e+02 1.880316701966536493e+04 0.000000000000000000e+00 0.000000000000000000e+00
2.745098039215686215e-04 0.000000000000000000e+00 8.016043284949679446e+02 1.248296649727188199e-05 4.780911210887037441e+02 1.880316701966536493e+04 0.000000000000000000e+00 0.000000000000000000e+00
4.117647058823529051e-04 0.000000000000000000e+00 8.016043284949679446e+02 1.248296649727187521e-05 4.780911210887037441e+02 1.880316701966536493e+04 0.000000000000000000e+00 0.000000000000000000e+00
5.490196078431372429e-04 0.000000000000000000e+00 8.016043284949679446e+02 1.248296649727187013e-05 4.780911210887037441e+02 1.880316701966536493e+04 0.000000000000000000e+00 0.000000000000000000e+00
6.862745098039215808e-04 0.000000000000000000e+00 8.016043284949679446e+02 1.248296649727187013e-05 4.780911210887037441e+02 1.880316701966536493e+04 0.000000000000000000e+00 0.000000000000000000e+00
8.235294117647058102e-04 0.000000000000000000e+00 8.016043284949679446e+02 1.248296649727187013e-05 4.780911210887037441e+02 1.880316701966536493e+04 0.000000000000000000e+00 0.000000000000000000e+00
9.607843137254901481e-04 0.000000000000000000e+00 8.016043284949679446e+02 1.248296649727187013e-05 4.780911210887037441e+02 1.880316701966536493e+04 0.000000000000000000e+00 0.000000000000000000e+00
1.098039215686274486e-03 0.000000000000000000e+00 6.280391851440936080e+02 1.736266336199773555e-05 4.401151436501243666e+02 1.649047264421302680e+04 8.438950383754759059e+02 0.000000000000000000e+00
1.235294117647058824e-03 0.000000000000000000e+00 5.873605544676904628e+02 2.306489370608357913e-05 4.447486799469787684e+02 1.569656903674060413e+04 8.521170611696147716e+02 0.000000000000000000e+00
1.372549019607843162e-03 0.000000000000000000e+00 5.782978207039232075e+02 2.660414230263025888e-05 4.452276167661449904e+02 1.523708698919921335e+04 8.535046059871103807e+02 0.000000000000000000e+00
1.509803921568627499e-03 0.000000000000000000e+00 5.766930869763502869e+02 2.736059914474267478e-05 4.452696618327452711e+02 1.503631491225678656e+04 8.536983455861009134e+02 0.000000000000000000e+00
1.647058823529411620e-03 0.000000000000000000e+00 5.765061590090587060e+02 2.740514827703522142e-05 4.452724498905761266e+02 1.498436998091850364e+04 8.537171229388761731e+02 0.000000000000000000e+00
1.784313725490195958e-03 0.000000000000000000e+00 5.765020982366321505e+02 2.740587020076932186e-05 4.452724982427553755e+02 1.498201838697974199e+04 8.537175155040046093e+02 0.000000000000000000e+00
1.921568627450980296e-03 0.000000000000000000e+00 5.765020982366321505e+02 2.740587020076932186e-05 4.452724982427553755e+02 1.498201838697974199e+04 8.537175155040046093e+02 0.000000000000000000e+00
2.058823529411764851e-03 0.000000000000000000e+00 5.398734820419859943e+02 2.611405491057762195e-05 4.350665079657798628e+02 1.402915889617714492e+04 0.000000000000000000e+00 5.106747796934066173e+03
2.196078431372548972e-03 0.000000000000000000e+00 5.235313216581283768e+02 2.596496626373421125e-05 4.343921900403465202e+02 1.356998322320298757e+04 0.000000000000000000e+00 5.453366328772579436e+03
2.333333333333333093e-03 0.000000000000000000e+00 5.190588697157342040e+02 2.588516113757886644e-05 4.342877970223773332e+02 1.330192355885152574e+04 0.000000000000000000e+00 5.574926643171154865e+03
2.470588235294117647e-03 0.000000000000000000e+00 5.182419444907902744e+02 2.586090788329307332e-05 4.342786507247397481e+02 1.316812870797688083e+04 0.000000000000000000e+00 5.604098361848206878e+03
2.607843137254901768e-03 0.000000000000000000e+00 5.181343928591668373e+02 2.585920440176279285e-05 4.342779840836526546e+02 1.312696712654790826e+04 0.000000000000000000e+00 5.608934029688095507e+03
2.745098039215686323e-03 0.000000000000000000e+00 5.181286483821775164e+02 2.585915284107029953e-05 4.342779598173996760e+02 1.312272709604705960e+04 0.000000000000000000e+00 5.609242033187893867e+03
2.882352941176470444e-03 0.000000000000000000e+00 5.181286483821775164e+02 2.585915284107029953e-05 4.342779598173996760e+02 1.312272709604705960e+04 0.000000000000000000e+00 5.609242033187893867e+03
3.019607843137254999e-03 0.000000000000000000e+00 6.656015346174472143e+02 2.708326684927250816e-05 4.869825539726266470e+02 1.504812958936746691e+04 0.000000000000000000e+00 0.000000000000000000e+00
3.156862745098039120e-03 0.000000000000000000e+00 7.482009178707396586e+02 1.774912773539822952e-05 4.801117394073632454e+02 1.684692318062553750e+04 0.000000000000000000e+00 0.000000000000000000e+00
3.294117647058823241e-03 0.000000000000000000e+00 7.889030662565164675e+02 1.392030024038372834e-05 4.782557630625868228e+02 1.791334963843875448e+04 0.000000000000000000e+00 0.000000000000000000e+00
3.431372549019607796e-03 0.000000000000000000e+00 7.994196656650503883e+02 1.260006506116085671e-05 4.781029747016416991e+02 1.853226649624297352e+04 0.000000000000000000e+00 0.000000000000000000e+00
3.568627450980391917e-03 0.000000000000000000e+00 8.014057670350815670e+02 1.248729099701227279e-05 4.780916565335583641e+02 1.876256346505000329e+04 0.000000000000000000e+00 0.000000000000000000e+00
3.705882352941176471e-03 0.000000000000000000e+00 8.016043284949679446e+02 1.248296649727187013e-05 4.780911210887037441e+02 1.880316701966536493e+04 0.000000000000000000e+00 0.000000000000000000e+00
3.843137254901960592e-03 0.000000000000000000e+00 8.016043284949679446e+02 1.248296649727187013e-05 4.780911210887037441e+02 1.880316701966536493e+04 0.000000000000000000e+00 0.000000000000000000e+00
3.980392156862745147e-03 0.000000000000000000e+00 8.016043284949679446e+02 1.248296649727187013e-05 4.780911210887037441e+02 1.880316701966536493e+04 0.000000000000000000e+00 0.000000000000000000e+00
4.117647058823529702e-03 0.000000000000000000e+00 6.192384029244991552e+02 1.833721696003036281e-05 4.412543248819958990e+02 1.634649287354042826e+04 8.457562267332972397e+02 0.000000000000000000e+00
4.254901960784313389e-03 0.000000000000000000e+00 5.850601412272039852e+02 2.370855191271043316e-05 4.449028626269926008e+02 1.561365301336570337e+04 8.525001029290735914e+02 0.000000000000000000e+00
4.392156862745097944e-03 0.000000000000000000e+00 5.778505951984843705e+02 2.686041175274401236e-05 4.452417382985618701e+02 1.519388791482764827e+04 8.535623003004441216e+02 0.000000000000000000e+00
4.529411764705882498e-03 0.000000000000000000e+00 5.433100546496865491e+02 2.613734371077878918e-05 4.352062338263825723e+02 1.422354145188301300e+04 0.000000000000000000e+00 5.038431488383002943e+03
4.666666666666666186e-03 0.000000000000000000e+00 5.258566479774875688e+02 2.598935518827949907e-05 4.344713365790415196e+02 1.364891365275370299e+04 0.000000000000000000e+00 5.399170770695096508e+03
4.803921568627450740e-03 0.000000000000000000e+00 5.195182164463220715e+02 2.589781056849306618e-05 4.342947651424283890e+02 1.334783830294486688e+04 0.000000000000000000e+00 5.560458422981241711e+03
4.941176470588235295e-03 0.000000000000000000e+00 5.183149476745938955e+02 2.586243618229155984e-05 4.342792211583519020e+02 1.318652141551299428e+04 0.000000000000000000e+00 5.601136578825557081e+03
5.078431372549019850e-03 0.000000000000000000e+00 6.980452676841792936e+02 2.183473517317996055e-05 4.842673702153277304e+02 1.598071995132756820e+04 0.000000000000000000e+00 0.000000000000000000e+00
5.215686274509803537e-03 0.000000000000000000e+00 7.721939870651763158e+02 1.572736738105592590e-05 4.787705614193255883e+02 1.736305486925140940e+04 0.000000000000000000e+00 0.000000000000000000e+00
5.352941176470588092e-03 0.000000000000000000e+00 7.953570915358684488e+02 1.307924562403516243e-05 4.781454791739394068e+02 1.823464517158610033e+04 0.000000000000000000e+00 0.000000000000000000e+00
5.490196078431372646e-03 0.000000000000000000e+00 8.007363338134150581e+02 1.251441392505428083e-05 4.780945224603324277e+02 1.866593988992200320e+04 0.000000000000000000e+00 0.000000000000000000e+00
5.627450980392156334e-03 0.000000000000000000e+00 6.150153392329639246e+02 1.879009105514794039e-05 4.417884900624910642e+02 1.627099994451711609e+04 8.466412801422904977e+02 0.000000000000000000e+00
5.764705882352940888e-03 0.000000000000000000e+00 5.518662310158300670e+02 2.295067508814618070e-05 4.349796396285703963e+02 1.483694600556459591e+04 0.000000000000000000e+00 5.058755940160642240e+03
5.901960784313725443e-03 0.000000000000000000e+00 5.283778089122805568e+02 2.557634193771217112e-05 4.345029938147789608e+02 1.387002363370968123e+04 0.000000000000000000e+00 5.375646971937631861e+03
6.039215686274509998e-03 0.000000000000000000e+00 6.784637976565496729e+02 2.494563716949041356e-05 4.861708277811216021e+02 1.571803509736359592e+04 0.000000000000000000e+00 0.000000000000000000e+00
6.176470588235293685e-03 0.000000000000000000e+00 7.579932524035717734e+02 1.700264165347076806e-05 4.795146695086406794e+02 1.712208576746375547e+04 0.000000000000000000e+00 0.000000000000000000e+00
6.313725490196078240e-03 0.000000000000000000e+00 7.915213015372130485e+02 1.359581745857442464e-05 4.782066492309396040e+02 1.804365669627093666e+04 0.000000000000000000e+00 0.000000000000000000e+00
6.450980392156862794e-03 0.000000000000000000e+00 7.999680711408063871e+02 1.255946700298153769e-05 4.780991379307616853e+02 1.858390243157317673e+04 0.000000000000000000e+00 0.000000000000000000e+00
6.588235294117646482e-03 0.000000000000000000e+00 8.014783887130508901e+02 1.248539332240337917e-05 4.780914427939499092e+02 1.877611737428803099e+04 0.000000000000000000e+00 0.000000000000000000e+00
6.725490196078431036e-03 0.000000000000000000e+00 8.016043284949679446e+02 1.248296649727187013e-05 4.780911210887037441e+02 1.880316701966536493e+04 0.000000000000000000e+00 0.000000000000000000e+00
6.862745098039215591e-03 0.000000000000000000e+00 0.000000000000000000e+00 0.000000000000000000e+00 0.000000000000000000e+00 0.000000000000000000e+00 0.000000000000000000e+00 0.000000000000000000e+00
