0.000000000000000000e+00 1.000000000000000000e+00 6.000000000000000000e+00 7.000000000000000000e+00 8.000000000000000000e+00 1.400000000000000000e+01 2.600000000000000000e+01 2.900000000000000000e+01
0.000000000000000000e+00 0.000000000000000000e+00 8.015911880509730736e+02 1.248296649727186166e-05 4.780987855166957274e+02 1.880316701966536129e+04 0.000000000000000000e+00 0.000000000000000000e+00
6.930693069306931428e-05 0.000000000000000000e+00 8.015911880509729599e+02 1.248296649727187013e-05 4.780987855166957274e+02 1.880316701966536129e+04 0.000000000000000000e+00 0.000000000000000000e+00
1.386138613861386286e-04 0.000000000000000000e+00 8.015911880509729599e+02 1.248296649727187182e-05 4.780987855166957274e+02 1.880316701966536129e+04 0.000000000000000000e+00 0.000000000000000000e+00
2.079207920792079428e-04 0.000000000000000000e+00 8.015911880509729599e+02 1.248296649727187013e-05 4.780987855166957274e+02 1.880316701966536129e+04 0.000000000000000000e+00 0.000000000000000000e+00
2.772277227722772571e-04 0.000000000000000000e+00 8.015911880509730736e+02 1.248296649727186674e-05 4.780987855166957274e+02 1.880316701966536129e+04 0.000000000000000000e+00 0.000000000000000000e+00
3.465346534653465714e-04 0.000000000000000000e+00 8.015911880509730736e+02 1.248296649727186335e-05 4.780987855166957274e+02 1.880316701966536129e+04 0.000000000000000000e+00 0.000000000000000000e+00
4.158415841584158857e-04 0.000000000000000000e+00 8.015911880509730736e+02 1.248296649727186335e-05 4.780987855166957274e+02 1.880316701966536129e+04 0.000000000000000000e+00 0.000000000000000000e+00
4.851485148514851999e-04 0.000000000000000000e+00 8.015911880509730736e+02 1.248296649727186166e-05 4.780987855166957274e+02 1.880316701966536129e+04 0.000000000000000000e+00 0.000000000000000000e+00
5.544554455445545142e-04 0.000000000000000000e+00 8.015911880509730736e+02 1.248296649727186166e-05 4.780987855166957274e+02 1.880316701966536129e+04 0.000000000000000000e+00 0.000000000000000000e+00
6.237623762376238827e-04 0.000000000000000000e+00 8.015911880509730736e+02 1.248296649727186166e-05 4.780987855166957274e+02 1.880316701966536129e+04 0.000000000000000000e+00 0.000000000000000000e+00
6.930693069306931428e-04 0.000000000000000000e+00 8.015911880509730736e+02 1.248296649727186166e-05 4.780987855166957274e+02 1.880316701966536129e+04 0.000000000000000000e+00 0.000000000000000000e+00
7.623762376237624028e-04 0.000000000000000000e+00 8.015911880509730736e+02 1.248296649727186166e-05 4.780987855166957274e+02 1.880316701966536129e+04 0.000000000000000000e+00 0.000000000000000000e+00
8.316831683168317713e-04 0.000000000000000000e+00 8.015911880509730736e+02 1.248296649727186166e-05 4.780987855166957274e+02 1.880316701966536129e+04 0.000000000000000000e+00 0.000000000000000000e+00
9.009900990099011398e-04 0.000000000000000000e+00 8.015911880509730736e+02 1.248296649727186166e-05 4.780987855166957274e+02 1.880316701966536129e+04 0.000000000000000000e+00 0.000000000000000000e+00
9.702970297029703999e-04 0.000000000000000000e+00 8.015911880509730736e+02 1.248296649727186166e-05 4.780987855166957274e+02 1.880316701966536129e+04 0.000000000000000000e+00 0.000000000000000000e+00
1.039603960396039660e-03 0.000000000000000000e+00 6.608960628032189106e+02 1.408769134400787716e-05 4.342599454926965450e+02 1.701729854292335949e+04 8.359014326259552945e+02 0.000000000000000000e+00
1.108910891089109028e-03 0.000000000000000000e+00 6.136368288287004589e+02 1.790815469915414053e-05 4.421514649762598310e+02 1.640910010102585147e+04 8.470613331827107686e+02 0.000000000000000000e+00
1.178217821782178397e-03 0.000000000000000000e+00 5.926782413428061318e+02 2.096635467526175068e-05 4.443945994117884197e+02 1.597505313839697737e+04 8.512237775632055445e+02 0.000000000000000000e+00
1.247524752475247765e-03 0.000000000000000000e+00 5.833569838556750256e+02 2.347178686351791892e-05 4.450226565907134386e+02 1.564410766559767762e+04 8.527880725495004981e+02 0.000000000000000000e+00
1.316831683168316917e-03 0.000000000000000000e+00 5.792125139349790288e+02 2.545994929201147522e-05 4.452066180208573201e+02 1.539088281352498598e+04 8.533901871959450318e+02 0.000000000000000000e+00
1.386138613861386286e-03 0.000000000000000000e+00 5.774684688540604611e+02 2.679228347158912156e-05 4.452599282218839676e+02 1.520648566037105775e+04 8.536135256832864115e+02 0.000000000000000000e+00
1.455445544554455654e-03 0.000000000000000000e+00 5.768021724677832935e+02 2.725595196663195693e-05 4.452744297817434358e+02 1.509077435478473853e+04 8.536893926350651327e+02 0.000000000000000000e+00
1.524752475247524806e-03 0.000000000000000000e+00 5.765730488539431917e+02 2.737390767630588231e-05 4.452780836475092201e+02 1.502560776365626771e+04 8.537128740738867236e+02 0.000000000000000000e+00
1.594059405940594174e-03 0.000000000000000000e+00 5.765076422757655337e+02 2.740074442712530877e-05 4.452788744874072790e+02 1.499398506799852112e+04 8.537190068393869069e+02 0.000000000000000000e+00
1.663366336633663543e-03 0.000000000000000000e+00 5.764953854036799612e+02 2.740556678455987398e-05 4.452789918862424656e+02 1.498309839078923324e+04 8.537200787548539438e+02 0.000000000000000000e+00
1.732673267326732911e-03 0.000000000000000000e+00 5.764948532868431812e+02 2.740587020076932525e-05 4.452789964779636307e+02 1.498201838697974199e+04 8.537201245732951520e+02 0.000000000000000000e+00
1.801980198019802280e-03 0.000000000000000000e+00 5.764948532868431812e+02 2.740587020076932525e-05 4.452789964779636307e+02 1.498201838697974199e+04 8.537201245732951520e+02 0.000000000000000000e+00
1.871287128712871431e-03 0.000000000000000000e+00 5.764948532868431812e+02 2.740587020076932525e-05 4.452789964779636307e+02 1.498201838697974199e+04 8.537201245732951520e+02 0.000000000000000000e+00
1.940594059405940800e-03 0.000000000000000000e+00 5.764948532868431812e+02 2.740587020076932525e-05 4.452789964779636307e+02 1.498201838697974199e+04 8.537201245732951520e+02 0.000000000000000000e+00
2.009900990099009951e-03 0.000000000000000000e+00 5.524431014860974756e+02 2.620425185192122364e-05 4.358691637796547411e+02 1.429831738078424132e+04 0.000000000000000000e+00 4.873142979068355999e+03
2.079207920792079320e-03 0.000000000000000000e+00 5.352328140056438315e+02 2.608459169107919221e-05 4.348791716522994761e+02 1.394248115124877768e+04 0.000000000000000000e+00 5.198090758212227229e+03
2.148514851485148688e-03 0.000000000000000000e+00 5.253114359264818631e+02 2.600629911006821398e-05 4.344449572784110956e+02 1.370063398111634524e+04 0.000000000000000000e+00 5.407847433416780405e+03
2.217821782178218057e-03 0.000000000000000000e+00 5.211465308017002371e+02 2.594863290031003053e-05 4.343301089067929297e+02 1.351786933000735735e+04 0.000000000000000000e+00 5.512036498594986369e+03
2.287128712871287425e-03 0.000000000000000000e+00 5.193359306266116846e+02 2.590608687371323917e-05 4.342973594874391097e+02 1.337671528257628415e+04 0.000000000000000000e+00 5.565000453460417702e+03
2.356435643564356794e-03 0.000000000000000000e+00 5.185697638512499452e+02 2.587702082116743194e-05 4.342878904976888634e+02 1.327016717244353094e+04 0.000000000000000000e+00 5.590903926243903697e+03
2.425742574257426162e-03 0.000000000000000000e+00 5.182703891082589962e+02 2.586367563808227840e-05 4.342852640569464597e+02 1.319810618232541310e+04 0.000000000000000000e+00 5.602447547600368125e+03
2.495049504950495531e-03 0.000000000000000000e+00 5.181644318842696748e+02 2.586016992710580292e-05 4.342845868403998111e+02 1.315593140417371251e+04 0.000000000000000000e+00 5.607068415529850427e+03
2.564356435643564466e-03 0.000000000000000000e+00 5.181316284006277328e+02 2.585934112968997389e-05 4.342844296566892694e+02 1.313388256401717990e+04 0.000000000000000000e+00 5.608678789403140399e+03
2.633663366336633834e-03 0.000000000000000000e+00 5.181240034715868887e+02 2.585917277508906692e-05 4.342844013294930505e+02 1.312467751567222331e+04 0.000000000000000000e+00 5.609097419146732136e+03
2.702970297029703203e-03 0.000000000000000000e+00 5.181231536229631729e+02 2.585915284107030969e-05 4.342843987164439454e+02 1.312272709604706142e+04 0.000000000000000000e+00 5.609148744859492581e+03
2.772277227722772571e-03 0.000000000000000000e+00 5.181231536229631729e+02 2.585915284107030969e-05 4.342843987164439454e+02 1.312272709604706142e+04 0.000000000000000000e+00 5.609148744859492581e+03
2.841584158415841940e-03 0.000000000000000000e+00 5.181231536229631729e+02 2.585915284107030969e-05 4.342843987164439454e+02 1.312272709604706142e+04 0.000000000000000000e+00 5.609148744859492581e+03
2.910891089108911308e-03 0.000000000000000000e+00 5.181231536229631729e+02 2.585915284107030969e-05 4.342843987164439454e+02 1.312272709604706142e+04 0.000000000000000000e+00 5.609148744859492581e+03
2.980198019801980677e-03 0.000000000000000000e+00 5.181231536229631729e+02 2.585915284107030969e-05 4.342843987164439454e+02 1.312272709604706142e+04 0.000000000000000000e+00 5.609148744859492581e+03
3.049504950495049611e-03 0.000000000000000000e+00 6.738272383353547639e+02 2.401172773903060154e-05 4.875401733332855088e+02 1.556709827257275538e+04 0.000000000000000000e+00 0.000000000000000000e+00
3.118811881188118980e-03 0.000000000000000000e+00 7.387587449860874358e+02 1.947892270193288402e-05 4.805383063073326184e+02 1.645635221428586374e+04 0.000000000000000000e+00 0.000000000000000000e+00
3.188118811881188348e-03 0.000000000000000000e+00 7.707411830328564974e+02 1.658998051847257094e-05 4.787608074637877280e+02 1.713438896900529653e+04 0.000000000000000000e+00 0.000000000000000000e+00
3.257425742574257717e-03 0.000000000000000000e+00 7.870740429962262397e+02 1.465926437188740679e-05 4.782819340868064160e+02 1.767421758589847741e+04 0.000000000000000000e+00 0.000000000000000000e+00
3.326732673267327085e-03 0.000000000000000000e+00 7.953023100226131419e+02 1.340520425138016391e-05 4.781479019357868196e+02 1.810127710093769201e+04 0.000000000000000000e+00 0.000000000000000000e+00
3.396039603960396454e-03 0.000000000000000000e+00 7.991528477374181421e+02 1.273272294350868985e-05 4.781110542869239453e+02 1.841755639427326605e+04 0.000000000000000000e+00 0.000000000000000000e+00
3.465346534653465822e-03 0.000000000000000000e+00 8.007671507302263763e+02 1.253831572686486337e-05 4.781015544002203228e+02 1.861705270500422557e+04 0.000000000000000000e+00 0.000000000000000000e+00
3.534653465346535191e-03 0.000000000000000000e+00 8.013720193788810775e+02 1.249365817112153854e-05 4.780992961163117343e+02 1.873007471939261814e+04 0.000000000000000000e+00 0.000000000000000000e+00
3.603960396039604559e-03 0.000000000000000000e+00 8.015556437805154246e+02 1.248443664288080415e-05 4.780988453887129026e+02 1.878446093449376349e+04 0.000000000000000000e+00 0.000000000000000000e+00
3.673267326732673494e-03 0.000000000000000000e+00 8.015903285767267334e+02 1.248301964140261355e-05 4.780987867002453413e+02 1.880205026990719125e+04 0.000000000000000000e+00 0.000000000000000000e+00
3.742574257425742863e-03 0.000000000000000000e+00 8.015911880509730736e+02 1.248296649727186166e-05 4.780987855166957274e+02 1.880316701966536129e+04 0.000000000000000000e+00 0.000000000000000000e+00
3.811881188118812231e-03 0.000000000000000000e+00 8.015911880509730736e+02 1.248296649727186166e-05 4.780987855166957274e+02 1.880316701966536129e+04 0.000000000000000000e+00 0.000000000000000000e+00
3.881188118811881600e-03 0.000000000000000000e+00 8.015911880509730736e+02 1.248296649727186166e-05 4.780987855166957274e+02 1.880316701966536129e+04 0.000000000000000000e+00 0.000000000000000000e+00
3.950495049504950534e-03 0.000000000000000000e+00 8.015911880509730736e+02 1.248296649727186166e-05 4.780987855166957274e+02 1.880316701966536129e+04 0.000000000000000000e+00 0.000000000000000000e+00
4.019801980198019903e-03 0.000000000000000000e+00 6.749737176762902209e+02 1.259902016953011789e-05 4.317977394547594940e+02 1.725393256194104470e+04 8.325199172150413460e+02 0.000000000000000000e+00
4.089108910891089271e-03 0.000000000000000000e+00 6.237716659670372792e+02 1.691640376157692253e-05 4.407017689930041229e+02 1.655993414735885744e+04 8.448069145692080610e+02 0.000000000000000000e+00
4.158415841584158640e-03 0.000000000000000000e+00 5.970427231469922162e+02 2.015530055789285338e-05 4.440122224783931983e+02 1.608718958075482806e+04 8.504174805852765076e+02 0.000000000000000000e+00
4.227722772277228008e-03 0.000000000000000000e+00 5.853138839521465115e+02 2.280625571948963890e-05 4.449127717624709817e+02 1.573023370638172310e+04 8.524795635842893944e+02 0.000000000000000000e+00
4.297029702970297377e-03 0.000000000000000000e+00 5.800696585574680739e+02 2.494981631817859571e-05 4.451743221865859255e+02 1.545617362803968354e+04 8.532722306481274472e+02 0.000000000000000000e+00
4.366336633663366745e-03 0.000000000000000000e+00 5.778158167984539659e+02 2.650389567074732723e-05 4.452507788958355945e+02 1.525206982888117273e+04 8.535712247238519694e+02 0.000000000000000000e+00
4.435643564356436114e-03 0.000000000000000000e+00 5.769297564485724479e+02 2.717933804654098059e-05 4.452720100178838152e+02 1.511774966977828262e+04 8.536755196147186098e+02 0.000000000000000000e+00
4.504950495049505482e-03 0.000000000000000000e+00 5.533806834352908481e+02 2.616445480947709283e-05 4.359237195845545330e+02 1.437704987474802329e+04 0.000000000000000000e+00 4.859913277005370219e+03
4.574257425742574851e-03 0.000000000000000000e+00 5.363802321868737408e+02 2.608285102715593377e-05 4.349394998975717499e+02 1.398010466724431717e+04 0.000000000000000000e+00 5.176334487526092744e+03
4.643564356435644219e-03 0.000000000000000000e+00 5.257665391264926029e+02 2.601037304056756592e-05 4.344601466192012253e+02 1.371811413386235108e+04 0.000000000000000000e+00 5.397359232447768591e+03
4.712871287128713588e-03 0.000000000000000000e+00 5.213427377499206159e+02 2.595218297744275924e-05 4.343343535403259352e+02 1.352934351275404697e+04 0.000000000000000000e+00 5.506694683315057773e+03
4.782178217821782956e-03 0.000000000000000000e+00 5.194207478428045306e+02 2.590867193573413463e-05 4.342985885431349402e+02 1.338560176878341008e+04 0.000000000000000000e+00 5.562314004324899543e+03
4.851485148514852325e-03 0.000000000000000000e+00 5.186042483498559932e+02 2.587862072735263441e-05 4.342882387846306642e+02 1.327666432895138132e+04 0.000000000000000000e+00 5.589649349058575353e+03
4.920792079207921693e-03 0.000000000000000000e+00 5.182832888050559177e+02 2.586417224615675866e-05 4.342853583663444397e+02 1.320218326729285218e+04 0.000000000000000000e+00 5.601915144078205230e+03
4.990099009900991062e-03 0.000000000000000000e+00 5.181686669614279026e+02 2.586029316033068689e-05 4.342846095241402509e+02 1.315819350569246126e+04 0.000000000000000000e+00 5.606870934959023543e+03
5.059405940594059563e-03 0.000000000000000000e+00 6.855185497698626023e+02 2.322691594277374251e-05 4.860337537479997536e+02 1.572993439026332817e+04 0.000000000000000000e+00 0.000000000000000000e+00
5.128712871287128931e-03 0.000000000000000000e+00 7.447572549412876697e+02 1.899266802076356368e-05 4.801192863240578390e+02 1.656656652085447786e+04 0.000000000000000000e+00 0.000000000000000000e+00
5.198019801980198300e-03 0.000000000000000000e+00 7.737787152031705773e+02 1.626562826766218993e-05 4.786503443129961397e+02 1.721915580823988785e+04 0.000000000000000000e+00 0.000000000000000000e+00
5.267326732673267668e-03 0.000000000000000000e+00 7.886295803367507915e+02 1.444215495577190256e-05 4.782510676280379016e+02 1.774185307865180948e+04 0.000000000000000000e+00 0.000000000000000000e+00
5.336633663366337037e-03 0.000000000000000000e+00 7.960583272772389591e+02 1.327216825534084891e-05 4.781392845554036626e+02 1.815351410983132155e+04 0.000000000000000000e+00 0.000000000000000000e+00
5.405940594059406405e-03 0.000000000000000000e+00 7.994818541576704547e+02 1.268612860140389269e-05 4.781087827892717428e+02 1.845247739195680697e+04 0.000000000000000000e+00 0.000000000000000000e+00
5.475247524752475774e-03 0.000000000000000000e+00 8.008959800820052806e+02 1.252727935478843073e-05 4.781009982858116132e+02 1.863777656292703614e+04 0.000000000000000000e+00 0.000000000000000000e+00
5.544554455445545142e-03 0.000000000000000000e+00 6.567964686708314730e+02 1.442194185392513958e-05 4.349773238313593993e+02 1.690477243673738849e+04 8.368735351233995061e+02 0.000000000000000000e+00
5.613861386138614511e-03 0.000000000000000000e+00 6.114633286767541449e+02 1.815620176870030267e-05 4.424316453206787969e+02 1.636023104191538914e+04 8.475238370509088099e+02 0.000000000000000000e+00
5.683168316831683879e-03 0.000000000000000000e+00 5.917341709382162662e+02 2.116432275603238961e-05 4.444705583940699967e+02 1.594783584547922874e+04 8.513929540004121463e+02 0.000000000000000000e+00
5.752475247524753248e-03 0.000000000000000000e+00 5.593691362246648850e+02 2.260531590536867512e-05 4.357059553544144705e+02 1.494304676565362934e+04 0.000000000000000000e+00 4.903773433847165506e+03
5.821782178217822616e-03 0.000000000000000000e+00 5.392891936080227424e+02 2.435263669128934455e-05 4.349097330779826507e+02 1.434501729443033219e+04 0.000000000000000000e+00 5.183623742933869835e+03
5.891089108910891985e-03 0.000000000000000000e+00 5.267932214312667156e+02 2.548269079653437620e-05 4.344520008828162076e+02 1.392321822604615591e+04 0.000000000000000000e+00 5.399371686332756326e+03
5.960396039603961353e-03 0.000000000000000000e+00 5.216816466912806618e+02 2.582606267922856060e-05 4.343327869193408333e+02 1.363013718878797408e+04 0.000000000000000000e+00 5.506496881055003541e+03
6.029702970297030722e-03 0.000000000000000000e+00 6.536646702197296008e+02 2.595097064942786255e-05 4.903722084311423828e+02 1.557165256414549549e+04 0.000000000000000000e+00 0.000000000000000000e+00
6.099009900990099223e-03 0.000000000000000000e+00 7.253561092398389292e+02 2.057760195567755407e-05 4.817089467345468279e+02 1.642283221173301717e+04 0.000000000000000000e+00 0.000000000000000000e+00
6.168316831683168591e-03 0.000000000000000000e+00 7.639485080801183585e+02 1.730617333775872781e-05 4.790606186989222692e+02 1.705516953917863793e+04 0.000000000000000000e+00 0.000000000000000000e+00
6.237623762376237960e-03 0.000000000000000000e+00 7.835456261576455290e+02 1.513444998528667899e-05 4.783644776872529292e+02 1.757741051900111779e+04 0.000000000000000000e+00 0.000000000000000000e+00
6.306930693069307328e-03 0.000000000000000000e+00 7.935386369077616564e+02 1.370302907364035673e-05 4.781709692318574412e+02 1.800648420956741757e+04 0.000000000000000000e+00 0.000000000000000000e+00
6.376237623762376697e-03 0.000000000000000000e+00 7.983586697885201602e+02 1.286022118858701195e-05 4.781172241431485190e+02 1.834310206527098853e+04 0.000000000000000000e+00 0.000000000000000000e+00
6.445544554455446065e-03 0.000000000000000000e+00 8.004448832333860082e+02 1.256908076071563797e-05 4.781031060307066127e+02 1.857046184491641543e+04 0.000000000000000000e+00 0.000000000000000000e+00
6.514851485148515434e-03 0.000000000000000000e+00 8.012592154967190936e+02 1.250040504205981754e-05 4.780996434245239470e+02 1.870486111243224877e+04 0.000000000000000000e+00 0.000000000000000000e+00
6.584158415841584802e-03 0.000000000000000000e+00 8.015257784397814476e+02 1.248571494915950781e-05 4.780989066982925237e+02 1.877357074079172526e+04 0.000000000000000000e+00 0.000000000000000000e+00
6.653465346534654171e-03 0.000000000000000000e+00 8.015867364691641797e+02 1.248315825943058885e-05 4.780987919402398347e+02 1.879962317814402923e+04 0.000000000000000000e+00 0.000000000000000000e+00
6.722772277227723539e-03 0.000000000000000000e+00 8.015911880509730736e+02 1.248296649727186166e-05 4.780987855166957274e+02 1.880316701966536129e+04 0.000000000000000000e+00 0.000000000000000000e+00
6.792079207920792908e-03 0.000000000000000000e+00 8.015911880509730736e+02 1.248296649727186166e-05 4.780987855166957274e+02 1.880316701966536129e+04 0.000000000000000000e+00 0.000000000000000000e+00
6.861386138613862276e-03 0.000000000000000000e+00 8.015911880509730736e+02 1.248296649727186166e-05 4.780987855166957274e+02 1.880316701966536129e+04 0.000000000000000000e+00 0.000000000000000000e+00
6.930693069306931645e-03 0.000000000000000000e+00 0.000000000000000000e+00 0.000000000000000000e+00 0.000000000000000000e+00 0.000000000000000000e+00 0.000000000000000000e+00 0.000000000000000000e+00
