0.000000000000000000e+00 1.000000000000000000e+00 6.000000000000000000e+00 7.000000000000000000e+00 8.000000000000000000e+00 1.400000000000000000e+01 2.600000000000000000e+01 2.900000000000000000e+01
0.000000000000000000e+00 0.000000000000000000e+00 8.016043284949679446e+02 1.248296649727187013e-05 4.780911210887037441e+02 1.880316701966536493e+04 0.000000000000000000e+00 0.000000000000000000e+00
6.930693069306931428e-05 0.000000000000000000e+00 8.016043284949679446e+02 1.248296649727187013e-05 4.780911210887037441e+02 1.880316701966536493e+04 0.000000000000000000e+00 0.000000000000000000e+00
1.386138613861386286e-04 0.000000000000000000e+00 8.016043284949679446e+02 1.248296649727187013e-05 4.780911210887037441e+02 1.880316701966536493e+04 0.000000000000000000e+00 0.000000000000000000e+00
2.079207920792079428e-04 0.000000000000000000e+00 8.016043284949679446e+02 1.248296649727187013e-05 4.780911210887037441e+02 1.880316701966536493e+04 0.000000000000000000e+00 0.000000000000000000e+00
2.772277227722772571e-04 0.000000000000000000e+00 8.016043284949679446e+02 1.248296649727187013e-05 4.780911210887037441e+02 1.880316701966536493e+04 0.000000000000000000e+00 0.000000000000000000e+00
3.465346534653465714e-04 0.000000000000000000e+00 8.015968431665180560e+02 1.248316144145815373e-05 4.780911471205615726e+02 1.880091886140370116e+04 0.000000000000000000e+00 0.000000000000000000e+00
4.158415841584158857e-04 0.000000000000000000e+00 8.015061650645735654e+02 1.248576166192202131e-05 4.780915249638085811e+02 1.878433618925705377e+04 0.000000000000000000e+00 0.000000000000000000e+00
4.851485148514851999e-04 0.000000000000000000e+00 8.012051030625798376e+02 1.250070683952545895e-05 4.780932477707015096e+02 1.874043454345585269e+04 0.000000000000000000e+00 0.000000000000000000e+00
5.544554455445545142e-04 0.000000000000000000e+00 8.003312656728091952e+02 1.257059171845173982e-05 4.781011999517514823e+02 1.865420513396400565e+04 0.000000000000000000e+00 0.000000000000000000e+00
6.237623762376238827e-04 0.000000000000000000e+00 7.982827368176043592e+02 1.286690612853848827e-05 4.781293759046300238e+02 1.850571188624568822e+04 0.000000000000000000e+00 0.000000000000000000e+00
6.930693069306931428e-04 0.000000000000000000e+00 7.936493634242940516e+02 1.372518577590225533e-05 4.782382932502150652e+02 1.827941083007167617e+04 0.000000000000000000e+00 0.000000000000000000e+00
7.623762376237624028e-04 0.000000000000000000e+00 7.845440430736845201e+02 1.518446977066979499e-05 4.785932799847438446e+02 1.798064754916684251e+04 0.000000000000000000e+00 0.000000000000000000e+00
8.316831683168317713e-04 0.000000000000000000e+00 7.665209442336959000e+02 1.739993786024373094e-05 4.799448889189997089e+02 1.760201385864744225e+04 0.000000000000000000e+00 0.000000000000000000e+00
9.009900990099011398e-04 0.000000000000000000e+00 7.349621942064172799e+02 2.073749803870785776e-05 4.836789395312715669e+02 1.711877382924674021e+04 0.000000000000000000e+00 0.000000000000000000e+00
9.702970297029703999e-04 0.000000000000000000e+00 7.044208022241939489e+02 2.623850944276676192e-05 4.876249704321831473e+02 1.644843176416974893e+04 0.000000000000000000e+00 0.000000000000000000e+00
1.039603960396039660e-03 0.000000000000000000e+00 5.765020982366321505e+02 2.740587020076932186e-05 4.452724982427553755e+02 1.498201838697974199e+04 8.537175155040046093e+02 0.000000000000000000e+00
1.108910891089109028e-03 0.000000000000000000e+00 5.765020982366321505e+02 2.740587020076932186e-05 4.452724982427553755e+02 1.498201838697974199e+04 8.537175155040046093e+02 0.000000000000000000e+00
1.178217821782178397e-03 0.000000000000000000e+00 5.765020982366321505e+02 2.740587020076932186e-05 4.452724982427553755e+02 1.498201838697974199e+04 8.537175155040046093e+02 0.000000000000000000e+00
1.247524752475247765e-03 0.000000000000000000e+00 5.765020982366321505e+02 2.740587020076932186e-05 4.452724982427553755e+02 1.498201838697974199e+04 8.537175155040046093e+02 0.000000000000000000e+00
1.316831683168316917e-03 0.000000000000000000e+00 5.765020466666123866e+02 2.740586918701667192e-05 4.452724980967611828e+02 1.498187481351539827e+04 8.537175231572718985e+02 0.000000000000000000e+00
1.386138613861386286e-03 0.000000000000000000e+00 5.764950543323134298e+02 2.740582521321779263e-05 4.452724764431044946e+02 1.497786421838913338e+04 8.537186309578355576e+02 0.000000000000000000e+00
1.455445544554455654e-03 0.000000000000000000e+00 5.764628651651901237e+02 2.740553731481640515e-05 4.452723605802430598e+02 1.496398838849067761e+04 8.537242116506029106e+02 0.000000000000000000e+00
1.524752475247524806e-03 0.000000000000000000e+00 5.763571708046017648e+02 2.740419476185438019e-05 4.452718189118760392e+02 1.493360634909709188e+04 8.537453478981419721e+02 0.000000000000000000e+00
1.594059405940594174e-03 0.000000000000000000e+00 5.760729071277622779e+02 2.739868071654657413e-05 4.452698749094342361e+02 1.487842258013861283e+04 8.538101393569831998e+02 0.000000000000000000e+00
1.663366336633663543e-03 0.000000000000000000e+00 5.753604792368553262e+02 2.737971892761190373e-05 4.452626001198118502e+02 1.478828870993275450e+04 8.539999609180061952e+02 0.000000000000000000e+00
1.732673267326732911e-03 0.000000000000000000e+00 5.737646588734670559e+02 2.734500458431606064e-05 4.452392341294763014e+02 1.466251525245563425e+04 8.544966266543456186e+02 0.000000000000000000e+00
1.801980198019802280e-03 0.000000000000000000e+00 5.703086534390905626e+02 2.729603899000201364e-05 4.451566120568253950e+02 1.450050986353153530e+04 8.557929197766973175e+02 0.000000000000000000e+00
1.871287128712871431e-03 0.000000000000000000e+00 5.630384482876422680e+02 2.723026871430097516e-05 4.448913958547238963e+02 1.429427949704779894e+04 8.590606079615502040e+02 0.000000000000000000e+00
1.940594059405940800e-03 0.000000000000000000e+00 5.531100744144014243e+02 2.713955747442759478e-05 4.444592167408882801e+02 1.402277166373413820e+04 8.639818497269474165e+02 0.000000000000000000e+00
2.009900990099009951e-03 0.000000000000000000e+00 5.181286483821775164e+02 2.585915284107029953e-05 4.342779598173996760e+02 1.312272709604705960e+04 0.000000000000000000e+00 5.609242033187893867e+03
2.079207920792079320e-03 0.000000000000000000e+00 5.181286483821775164e+02 2.585915284107029953e-05 4.342779598173996760e+02 1.312272709604705960e+04 0.000000000000000000e+00 5.609242033187893867e+03
2.148514851485148688e-03 0.000000000000000000e+00 5.181286483821775164e+02 2.585915284107029953e-05 4.342779598173996760e+02 1.312272709604705960e+04 0.000000000000000000e+00 5.609242033187893867e+03
2.217821782178218057e-03 0.000000000000000000e+00 5.181286483821775164e+02 2.585915284107029953e-05 4.342779598173996760e+02 1.312272709604705960e+04 0.000000000000000000e+00 5.609242033187893867e+03
2.287128712871287425e-03 0.000000000000000000e+00 5.181286483821775164e+02 2.585915284107029953e-05 4.342779598173996760e+02 1.312272709604705960e+04 0.000000000000000000e+00 5.609242033187893867e+03
2.356435643564356794e-03 0.000000000000000000e+00 5.181332438994543281e+02 2.585836984091844493e-05 4.342779130313923019e+02 1.312643122502156257e+04 0.000000000000000000e+00 5.609235702980298811e+03
2.425742574257426162e-03 0.000000000000000000e+00 5.181772925905389684e+02 2.585075416111569957e-05 4.342774414962831884e+02 1.314796163761213757e+04 0.000000000000000000e+00 5.609181280046514985e+03
2.495049504950495531e-03 0.000000000000000000e+00 5.183370195047592688e+02 2.581208527390471081e-05 4.342753665316680554e+02 1.320303837834827573e+04 0.000000000000000000e+00 5.609010475566166861e+03
2.564356435643564466e-03 0.000000000000000000e+00 5.188488445160832043e+02 2.564890290355886071e-05 4.342665848395702142e+02 1.331124947207474906e+04 0.000000000000000000e+00 5.608544299482658062e+03
2.633663366336633834e-03 0.000000000000000000e+00 5.202085970609995229e+02 2.502114319079275952e-05 4.342360608244520677e+02 1.349989622333043735e+04 0.000000000000000000e+00 5.607489397268459470e+03
2.702970297029703203e-03 0.000000000000000000e+00 5.236990651960427385e+02 2.357508417935196265e-05 4.341255264688120405e+02 1.378873032779110872e+04 0.000000000000000000e+00 5.605231343885273418e+03
2.772277227722772571e-03 0.000000000000000000e+00 5.316982448788103284e+02 2.157775743073022060e-05 4.337712995706661445e+02 1.417981490999026028e+04 0.000000000000000000e+00 5.600989230249258981e+03
2.841584158415841940e-03 0.000000000000000000e+00 5.504468134244062867e+02 1.910408783306052219e-05 4.324947039810843421e+02 1.469376592355789398e+04 0.000000000000000000e+00 5.593029200507863607e+03
2.910891089108911308e-03 0.000000000000000000e+00 5.868668840756264444e+02 1.607722506500690307e-05 4.294076844874492735e+02 1.538107477556738922e+04 0.000000000000000000e+00 5.580310007148584191e+03
2.980198019801980677e-03 0.000000000000000000e+00 6.200201596565511863e+02 1.203541048596805428e-05 4.265822449345172345e+02 1.640231699397628836e+04 0.000000000000000000e+00 5.568989576660447710e+03
3.049504950495049611e-03 0.000000000000000000e+00 8.016043284949679446e+02 1.248296649727187013e-05 4.780911210887037441e+02 1.880316701966536493e+04 0.000000000000000000e+00 0.000000000000000000e+00
3.118811881188118980e-03 0.000000000000000000e+00 8.016043284949679446e+02 1.248296649727187013e-05 4.780911210887037441e+02 1.880316701966536493e+04 0.000000000000000000e+00 0.000000000000000000e+00
3.188118811881188348e-03 0.000000000000000000e+00 8.016043284949679446e+02 1.248296649727187013e-05 4.780911210887037441e+02 1.880316701966536493e+04 0.000000000000000000e+00 0.000000000000000000e+00
3.257425742574257717e-03 0.000000000000000000e+00 8.016043284949679446e+02 1.248296649727187013e-05 4.780911210887037441e+02 1.880316701966536493e+04 0.000000000000000000e+00 0.000000000000000000e+00
3.326732673267327085e-03 0.000000000000000000e+00 8.016028854249678943e+02 1.248302051639762781e-05 4.780911259050180888e+02 1.880245915633785626e+04 0.000000000000000000e+00 0.000000000000000000e+00
3.396039603960396454e-03 0.000000000000000000e+00 8.015466096555834383e+02 1.248446147518096242e-05 4.780913469726029916e+02 1.879127517830776196e+04 0.000000000000000000e+00 0.000000000000000000e+00
3.465346534653465822e-03 0.000000000000000000e+00 8.013289456000278506e+02 1.249384232333850743e-05 4.780924413135355735e+02 1.875656370737295583e+04 0.000000000000000000e+00 0.000000000000000000e+00
3.534653465346535191e-03 0.000000000000000000e+00 8.006687084299277331e+02 1.253928347110720666e-05 4.780977818545990772e+02 1.868414891624140728e+04 0.000000000000000000e+00 0.000000000000000000e+00
3.603960396039604559e-03 0.000000000000000000e+00 7.990542552042322768e+02 1.273714401685153831e-05 4.781170212479846100e+02 1.855583025270711732e+04 0.000000000000000000e+00 0.000000000000000000e+00
3.673267326732673494e-03 0.000000000000000000e+00 7.953313949460851973e+02 1.342187825784407044e-05 4.781928812199552681e+02 1.835150433896122195e+04 0.000000000000000000e+00 0.000000000000000000e+00
3.742574257425742863e-03 0.000000000000000000e+00 7.877929904840671043e+02 1.470045364166649124e-05 4.784404816085641414e+02 1.807377014939770015e+04 0.000000000000000000e+00 0.000000000000000000e+00
3.811881188118812231e-03 0.000000000000000000e+00 7.729043674189992998e+02 1.667210875203047158e-05 4.793816803143182597e+02 1.771983927721855434e+04 0.000000000000000000e+00 0.000000000000000000e+00
3.881188118811881600e-03 0.000000000000000000e+00 7.450363483161893328e+02 1.962754368848457716e-05 4.823743653246220902e+02 1.726768788415962626e+04 0.000000000000000000e+00 0.000000000000000000e+00
3.950495049504950534e-03 0.000000000000000000e+00 7.123171482498621572e+02 2.427388173420582713e-05 4.866472192779194188e+02 1.665984152673109566e+04 0.000000000000000000e+00 0.000000000000000000e+00
4.019801980198019903e-03 0.000000000000000000e+00 5.763691256099990596e+02 2.740437035045590697e-05 4.452718879227554112e+02 1.493649486731146499e+04 8.537428298973668461e+02 0.000000000000000000e+00
4.089108910891089271e-03 0.000000000000000000e+00 5.761020961406881042e+02 2.739937867216335826e-05 4.452700982596387007e+02 1.488341685580488593e+04 8.538031318978321451e+02 0.000000000000000000e+00
4.158415841584158640e-03 0.000000000000000000e+00 5.754344012274353872e+02 2.738162972931157797e-05 4.452634781786367171e+02 1.479591068716056907e+04 8.539789880367304704e+02 0.000000000000000000e+00
4.227722772277228008e-03 0.000000000000000000e+00 5.739204621932925647e+02 2.734796311385025258e-05 4.452418630979317982e+02 1.467262591644444910e+04 8.544449800537315696e+02 0.000000000000000000e+00
4.297029702970297377e-03 0.000000000000000000e+00 5.706558185832446952e+02 2.730002591001991766e-05 4.451666460266849299e+02 1.451335231342855514e+04 8.556522870974724810e+02 0.000000000000000000e+00
4.366336633663366745e-03 0.000000000000000000e+00 5.637334853176414526e+02 2.723434374964263930e-05 4.449197099961586446e+02 1.431640850351062363e+04 8.587300418054273905e+02 0.000000000000000000e+00
4.435643564356436114e-03 0.000000000000000000e+00 5.537900414888575824e+02 2.713556415824797702e-05 4.444849362428798827e+02 1.407756407304848835e+04 8.636673383560108732e+02 0.000000000000000000e+00
4.504950495049505482e-03 0.000000000000000000e+00 5.183812616815148431e+02 2.580055945512211497e-05 4.342746917701765597e+02 1.321463012963219990e+04 0.000000000000000000e+00 5.608966810255634300e+03
4.574257425742574851e-03 0.000000000000000000e+00 5.189718338294604791e+02 2.560178579865887027e-05 4.342642759058022079e+02 1.333247967423593218e+04 0.000000000000000000e+00 5.608440489762692778e+03
4.643564356435644219e-03 0.000000000000000000e+00 5.205396029104874742e+02 2.485525018691170666e-05 4.342270633727006839e+02 1.353527757679045862e+04 0.000000000000000000e+00 5.607254304383474846e+03
4.712871287128713588e-03 0.000000000000000000e+00 5.244810257437851533e+02 2.331788433353314689e-05 4.340973906176096762e+02 1.383818025235543428e+04 0.000000000000000000e+00 5.604771558094115790e+03
4.782178217821782956e-03 0.000000000000000000e+00 5.335270410761287394e+02 2.125544902864612626e-05 4.336678625187593070e+02 1.424486405297322199e+04 0.000000000000000000e+00 5.600123550474265357e+03
4.851485148514852325e-03 0.000000000000000000e+00 5.545636036961931268e+02 1.871115305497229541e-05 4.321665349513403953e+02 1.477696012229901135e+04 0.000000000000000000e+00 5.591416085037325502e+03
4.920792079207921693e-03 0.000000000000000000e+00 5.923654226782489332e+02 1.559605158575047001e-05 4.289220366619471179e+02 1.548034895318513736e+04 0.000000000000000000e+00 5.577873930067808942e+03
4.990099009900991062e-03 0.000000000000000000e+00 6.238691810565971991e+02 1.145409977281372991e-05 4.261946738068757554e+02 1.652147912557913514e+04 0.000000000000000000e+00 5.565373500573432466e+03
5.059405940594059563e-03 0.000000000000000000e+00 8.002354288440121763e+02 1.258092526376981569e-05 4.781022295799184576e+02 1.864582610840475536e+04 0.000000000000000000e+00 0.000000000000000000e+00
5.128712871287128931e-03 0.000000000000000000e+00 7.980454701157444788e+02 1.290840985458784034e-05 4.781333998341294773e+02 1.848807475257585611e+04 0.000000000000000000e+00 0.000000000000000000e+00
5.198019801980198300e-03 0.000000000000000000e+00 7.931226130434625929e+02 1.380888486320700456e-05 4.782518732524817437e+02 1.824172342908955761e+04 0.000000000000000000e+00 0.000000000000000000e+00
5.267326732673267668e-03 0.000000000000000000e+00 7.834309096066104985e+02 1.531378280678653904e-05 4.786418358790540992e+02 1.790563892730910447e+04 0.000000000000000000e+00 0.000000000000000000e+00
5.336633663366337037e-03 0.000000000000000000e+00 7.642152344886839046e+02 1.758895888208945112e-05 4.801141414125685287e+02 1.746471238526629168e+04 0.000000000000000000e+00 0.000000000000000000e+00
5.405940594059406405e-03 0.000000000000000000e+00 7.311677722556759136e+02 2.100880811333388220e-05 4.840052288923085939e+02 1.689693836165057292e+04 0.000000000000000000e+00 0.000000000000000000e+00
5.475247524752475774e-03 0.000000000000000000e+00 6.995002597654297460e+02 2.671775315703105015e-05 4.878264536218488843e+02 1.613048005443916009e+04 0.000000000000000000e+00 0.000000000000000000e+00
5.544554455445545142e-03 0.000000000000000000e+00 5.714219234316454958e+02 2.715576015979174467e-05 4.451631747852947569e+02 1.468266583823845758e+04 8.554831905109845138e+02 0.000000000000000000e+00
5.613861386138614511e-03 0.000000000000000000e+00 5.657706132990050492e+02 2.664008267092556829e-05 4.449035253855776091e+02 1.465339273325530485e+04 8.582491141418303187e+02 0.000000000000000000e+00
5.683168316831683879e-03 0.000000000000000000e+00 5.586480587024616398e+02 2.525587317613799690e-05 4.443867257415523682e+02 1.466188914554931034e+04 8.625689580509115331e+02 0.000000000000000000e+00
5.752475247524753248e-03 0.000000000000000000e+00 5.286752280699130324e+02 2.219818397579240474e-05 4.339249674054378261e+02 1.405656482982037960e+04 0.000000000000000000e+00 5.602489988060993710e+03
5.821782178217822616e-03 0.000000000000000000e+00 5.434824663218846581e+02 1.986128229356303883e-05 4.330154071624185121e+02 1.453182621278546685e+04 0.000000000000000000e+00 5.595790029692451753e+03
5.891089108910891985e-03 0.000000000000000000e+00 5.753012453846856715e+02 1.700459712467272113e-05 4.304130113487373137e+02 1.516105782492030266e+04 0.000000000000000000e+00 5.584175603876608875e+03
5.960396039603961353e-03 0.000000000000000000e+00 6.113048823777784264e+02 1.342971846125407376e-05 4.273029922206151241e+02 1.605217812247556503e+04 0.000000000000000000e+00 5.572047502259401881e+03
6.029702970297030722e-03 0.000000000000000000e+00 8.016043284949679446e+02 1.248296649727187013e-05 4.780911210887037441e+02 1.880316701966536493e+04 0.000000000000000000e+00 0.000000000000000000e+00
6.099009900990099223e-03 0.000000000000000000e+00 8.016043284949679446e+02 1.248296649727187013e-05 4.780911210887037441e+02 1.880316701966536493e+04 0.000000000000000000e+00 0.000000000000000000e+00
6.168316831683168591e-03 0.000000000000000000e+00 8.016043284949679446e+02 1.248296649727187013e-05 4.780911210887037441e+02 1.880316701966536493e+04 0.000000000000000000e+00 0.000000000000000000e+00
6.237623762376237960e-03 0.000000000000000000e+00 8.016043284949679446e+02 1.248296649727187013e-05 4.780911210887037441e+02 1.880316701966536493e+04 0.000000000000000000e+00 0.000000000000000000e+00
6.306930693069307328e-03 0.000000000000000000e+00 8.016043284949679446e+02 1.248296649727187013e-05 4.780911210887037441e+02 1.880316701966536493e+04 0.000000000000000000e+00 0.000000000000000000e+00
6.376237623762376697e-03 0.000000000000000000e+00 8.016043284949679446e+02 1.248296649727187013e-05 4.780911210887037441e+02 1.880316701966536493e+04 0.000000000000000000e+00 0.000000000000000000e+00
6.445544554455446065e-03 0.000000000000000000e+00 8.016043284949679446e+02 1.248296649727187013e-05 4.780911210887037441e+02 1.880316701966536493e+04 0.000000000000000000e+00 0.000000000000000000e+00
6.514851485148515434e-03 0.000000000000000000e+00 8.016043284949679446e+02 1.248296649727187013e-05 4.780911210887037441e+02 1.880316701966536493e+04 0.000000000000000000e+00 0.000000000000000000e+00
6.584158415841584802e-03 0.000000000000000000e+00 8.016043284949679446e+02 1.248296649727187690e-05 4.780911210887037441e+02 1.880316701966536493e+04 0.000000000000000000e+00 0.000000000000000000e+00
6.653465346534654171e-03 0.000000000000000000e+00 8.016043284949679446e+02 1.248296649727187521e-05 4.780911210887037441e+02 1.880316701966536493e+04 0.000000000000000000e+00 0.000000000000000000e+00
6.722772277227723539e-03 0.000000000000000000e+00 8.016043284949679446e+02 1.248296649727188029e-05 4.780911210887037441e+02 1.880316701966536493e+04 0.000000000000000000e+00 0.000000000000000000e+00
6.792079207920792908e-03 0.000000000000000000e+00 8.016043284949679446e+02 1.248296649727188368e-05 4.780911210887037441e+02 1.880316701966536493e+04 0.000000000000000000e+00 0.000000000000000000e+00
6.861386138613862276e-03 0.000000000000000000e+00 8.016043284949679446e+02 1.248296649727188029e-05 4.780911210887037441e+02 1.880316701966536493e+04 0.000000000000000000e+00 0.000000000000000000e+00
6.930693069306931645e-03 0.000000000000000000e+00 0.000000000000000000e+00 0.000000000000000000e+00 0.000000000000000000e+00 0.000000000000000000e+00 0.000000000000000000e+00 0.000000000000000000e+00
