0.000000000000000000e+00 1.000000000000000000e+00 6.000000000000000000e+00 7.000000000000000000e+00 8.000000000000000000e+00 1.400000000000000000e+01 2.600000000000000000e+01 2.900000000000000000e+01
0.000000000000000000e+00 0.000000000000000000e+00 8.015911880509730736e+02 1.248296649727186166e-05 4.780987855166957274e+02 1.880316701966536129e+04 0.000000000000000000e+00 0.000000000000000000e+00
1.372549019607843107e-04 0.000000000000000000e+00 8.015911880509730736e+02 1.248296649727186166e-05 4.780987855166957274e+02 1.880316701966536129e+04 0.000000000000000000e+00 0.000000000000000000e+00
2.745098039215686215e-04 0.000000000000000000e+00 8.015911880509730736e+02 1.248302784392607388e-05 4.780987855166957274e+02 1.880236698825520944e+04 0.000000000000000000e+00 0.000000000000000000e+00
4.117647058823529051e-04 0.000000000000000000e+00 8.015503672049794659e+02 1.249185925855875461e-05 4.780989036610714606e+02 1.876111114829261351e+04 0.000000000000000000e+00 0.000000000000000000e+00
5.490196078431372429e-04 0.000000000000000000e+00 8.008429761896073842e+02 1.265550909742062774e-05 4.781030782665500283e+02 1.858897189312783667e+04 0.000000000000000000e+00 0.000000000000000000e+00
6.862745098039215808e-04 0.000000000000000000e+00 7.962266866020830776e+02 1.414416893130597635e-05 4.781698872398231401e+02 1.817223066755413311e+04 0.000000000000000000e+00 0.000000000000000000e+00
8.235294117647058102e-04 0.000000000000000000e+00 7.760468762254572539e+02 1.809713032195687629e-05 4.790257305346503358e+02 1.748143562105951787e+04 0.000000000000000000e+00 0.000000000000000000e+00
9.607843137254901481e-04 0.000000000000000000e+00 6.978712762473406883e+02 2.695039154038951460e-05 4.904749030373035907e+02 1.638314065177485463e+04 0.000000000000000000e+00 0.000000000000000000e+00
1.098039215686274486e-03 0.000000000000000000e+00 5.764948532868431812e+02 2.740587020076932525e-05 4.452789964779636307e+02 1.498201838697974199e+04 8.537201245732951520e+02 0.000000000000000000e+00
1.235294117647058824e-03 0.000000000000000000e+00 5.764948532868431812e+02 2.740587020076932525e-05 4.452789964779636307e+02 1.498201838697974199e+04 8.537201245732951520e+02 0.000000000000000000e+00
1.372549019607843162e-03 0.000000000000000000e+00 5.764931659286787635e+02 2.740573754255827270e-05 4.452789927249917241e+02 1.497232974575666412e+04 8.537203598918484886e+02 0.000000000000000000e+00
1.509803921568627499e-03 0.000000000000000000e+00 5.764296564741082420e+02 2.740303849145419348e-05 4.452787661203743141e+02 1.491535785625501740e+04 8.537313428974690623e+02 0.000000000000000000e+00
1.647058823529411620e-03 0.000000000000000000e+00 5.758693249074350433e+02 2.737346606511162432e-05 4.452749639294669350e+02 1.475723219916125709e+04 8.538584302535646202e+02 0.000000000000000000e+00
1.784313725490195958e-03 0.000000000000000000e+00 5.727122825816702516e+02 2.728917665180719156e-05 4.452286040981333599e+02 1.446931354804931834e+04 8.548389551026323261e+02 0.000000000000000000e+00
1.921568627450980296e-03 0.000000000000000000e+00 5.575399832566534997e+02 2.714064338079867080e-05 4.446526328036595714e+02 1.401321498144797442e+04 8.617105002279345172e+02 0.000000000000000000e+00
2.058823529411764851e-03 0.000000000000000000e+00 5.181231536229631729e+02 2.585915284107030969e-05 4.342843987164439454e+02 1.312272709604706142e+04 0.000000000000000000e+00 5.609148744859492581e+03
2.196078431372548972e-03 0.000000000000000000e+00 5.181231536229631729e+02 2.585915284107030969e-05 4.342843987164439454e+02 1.312272709604706142e+04 0.000000000000000000e+00 5.609148744859492581e+03
2.333333333333333093e-03 0.000000000000000000e+00 5.181235306317310005e+02 2.585683828307447748e-05 4.342843958665944228e+02 1.313215636451006321e+04 0.000000000000000000e+00 5.609148144091883296e+03
2.470588235294117647e-03 0.000000000000000000e+00 5.181909468693860390e+02 2.579003361275027716e-05 4.342837434881463423e+02 1.322770856633266158e+04 0.000000000000000000e+00 5.609062629484162244e+03
2.607843137254901768e-03 0.000000000000000000e+00 5.190304987565922374e+02 2.491386703874700565e-05 4.342705304846026593e+02 1.354104526831468320e+04 0.000000000000000000e+00 5.608270731211700877e+03
2.745098039215686323e-03 0.000000000000000000e+00 5.249845006664811535e+02 2.159155989908327053e-05 4.340974755930054130e+02 1.420882132978256413e+04 0.000000000000000000e+00 5.604277889677218809e+03
2.882352941176470444e-03 0.000000000000000000e+00 5.581534327528232780e+02 1.650709962099816374e-05 4.320271509725085366e+02 1.533463437926286497e+04 0.000000000000000000e+00 5.589637070778100679e+03
3.019607843137254999e-03 0.000000000000000000e+00 8.015911880509730736e+02 1.248296649727186166e-05 4.780987855166957274e+02 1.880316701966536129e+04 0.000000000000000000e+00 0.000000000000000000e+00
3.156862745098039120e-03 0.000000000000000000e+00 8.015911880509730736e+02 1.248296649727186166e-05 4.780987855166957274e+02 1.880316701966536129e+04 0.000000000000000000e+00 0.000000000000000000e+00
3.294117647058823241e-03 0.000000000000000000e+00 8.015911880509730736e+02 1.248316524040983804e-05 4.780987855166957274e+02 1.880086295060552584e+04 0.000000000000000000e+00 0.000000000000000000e+00
3.431372549019607796e-03 0.000000000000000000e+00 8.015210830249351375e+02 1.249712383411952230e-05 4.780990076471874772e+02 1.874691512434740071e+04 0.000000000000000000e+00 0.000000000000000000e+00
3.568627450980391917e-03 0.000000000000000000e+00 8.005640170004311358e+02 1.273644229992867163e-05 4.781053906643787741e+02 1.854689349777737152e+04 0.000000000000000000e+00 0.000000000000000000e+00
3.705882352941176471e-03 0.000000000000000000e+00 7.947467072469513596e+02 1.453614428677625696e-05 4.782024763418616544e+02 1.809122672010671158e+04 0.000000000000000000e+00 0.000000000000000000e+00
3.843137254901960592e-03 0.000000000000000000e+00 7.702478435928929912e+02 1.894745317350919272e-05 4.794399320798296458e+02 1.735090486508976028e+04 0.000000000000000000e+00 0.000000000000000000e+00
3.980392156862745147e-03 0.000000000000000000e+00 6.827309241246873626e+02 2.865169528078238091e-05 4.932705221271987739e+02 1.616781276209879252e+04 0.000000000000000000e+00 0.000000000000000000e+00
4.117647058823529702e-03 0.000000000000000000e+00 5.760912215444266167e+02 2.738483341449808950e-05 4.452767345762289892e+02 1.480231335779332949e+04 8.538044147149798846e+02 0.000000000000000000e+00
4.254901960784313389e-03 0.000000000000000000e+00 5.738545013839582225e+02 2.731166874500653844e-05 4.452493321959498189e+02 1.454231274431362908e+04 8.544504663146668690e+02 0.000000000000000000e+00
4.392156862745097944e-03 0.000000000000000000e+00 5.631433933171081208e+02 2.716753247470552528e-05 4.449236206564356735e+02 1.416623460281251209e+04 8.588966687583554176e+02 0.000000000000000000e+00
4.529411764705882498e-03 0.000000000000000000e+00 5.183534820671916350e+02 2.563694523697648278e-05 4.342817339902302365e+02 1.332495254562191440e+04 0.000000000000000000e+00 5.608887410228409863e+03
4.666666666666666186e-03 0.000000000000000000e+00 5.203896736698196719e+02 2.373156762665586355e-05 4.342406126124634511e+02 1.378166649417603003e+04 0.000000000000000000e+00 5.607215778604969273e+03
4.803921568627450740e-03 0.000000000000000000e+00 5.329500780458986355e+02 1.963465780219791036e-05 4.337450400572754461e+02 1.461772054252476846e+04 0.000000000000000000e+00 5.600103871543566129e+03
4.941176470588235295e-03 0.000000000000000000e+00 6.038476384780069566e+02 1.366613311828841511e-05 4.272615118873652023e+02 1.599659573481143889e+04 0.000000000000000000e+00 5.574107997031890591e+03
5.078431372549019850e-03 0.000000000000000000e+00 8.003949873742946011e+02 1.279085618872540124e-05 4.781069164664722848e+02 1.851961936795317524e+04 0.000000000000000000e+00 0.000000000000000000e+00
5.215686274509803537e-03 0.000000000000000000e+00 7.938392209972224691e+02 1.475102823823414874e-05 4.782235530316232257e+02 1.800237089077360724e+04 0.000000000000000000e+00 0.000000000000000000e+00
5.352941176470588092e-03 0.000000000000000000e+00 7.664502478744797145e+02 1.939467349283328134e-05 4.797100177726157995e+02 1.713327749731177755e+04 0.000000000000000000e+00 0.000000000000000000e+00
5.490196078431372646e-03 0.000000000000000000e+00 6.736635617155064892e+02 2.908994139584751519e-05 4.945315152746368881e+02 1.588280872269368047e+04 0.000000000000000000e+00 0.000000000000000000e+00
5.627450980392156334e-03 0.000000000000000000e+00 5.666409453526007383e+02 2.584483991551988122e-05 4.449876504999965050e+02 1.470596527717737990e+04 8.576566844232229414e+02 0.000000000000000000e+00
5.764705882352940888e-03 0.000000000000000000e+00 5.270376808082404523e+02 2.097303719005371057e-05 4.340172676031929768e+02 1.433658896095443743e+04 0.000000000000000000e+00 5.603124647722598638e+03
5.901960784313725443e-03 0.000000000000000000e+00 5.695843150895153713e+02 1.561930961135092144e-05 4.309941792919210570e+02 1.555406547174824664e+04 0.000000000000000000e+00 5.585558725700188006e+03
6.039215686274509998e-03 0.000000000000000000e+00 8.015911880509730736e+02 1.248296649727186166e-05 4.780987855166957274e+02 1.880316701966536129e+04 0.000000000000000000e+00 0.000000000000000000e+00
6.176470588235293685e-03 0.000000000000000000e+00 8.015911880509730736e+02 1.248296649727186166e-05 4.780987855166957274e+02 1.880316701966536129e+04 0.000000000000000000e+00 0.000000000000000000e+00
6.313725490196078240e-03 0.000000000000000000e+00 8.015911880509730736e+02 1.248296649727186166e-05 4.780987855166957274e+02 1.880316701966536129e+04 0.000000000000000000e+00 0.000000000000000000e+00
6.450980392156862794e-03 0.000000000000000000e+00 8.015911880509730736e+02 1.248296649727186166e-05 4.780987855166957274e+02 1.880316701966536129e+04 0.000000000000000000e+00 0.000000000000000000e+00
6.588235294117646482e-03 0.000000000000000000e+00 8.015911880509730736e+02 1.248296649727186505e-05 4.780987855166957274e+02 1.880316701966536129e+04 0.000000000000000000e+00 0.000000000000000000e+00
6.725490196078431036e-03 0.000000000000000000e+00 8.015911880509730736e+02 1.248296649727186843e-05 4.780987855166957274e+02 1.880316701966536129e+04 0.000000000000000000e+00 0.000000000000000000e+00
6.862745098039215591e-03 0.000000000000000000e+00 0.000000000000000000e+00 0.000000000000000000e+00 0.000000000000000000e+00 0.000000000000000000e+00 0.000000000000000000e+00 0.000000000000000000e+00
