0.000000000000000000e+00 1.000000000000000000e+00 6.000000000000000000e+00 7.000000000000000000e+00 8.000000000000000000e+00 1.400000000000000000e+01 2.600000000000000000e+01 2.900000000000000000e+01
0.000000000000000000e+00 0.000000000000000000e+00 8.015911880509730736e+02 1.248296649727186166e-05 4.780987855166957274e+02 1.880316701966536129e+04 0.000000000000000000e+00 0.000000000000000000e+00
1.372549019607843107e-04 0.000000000000000000e+00 8.015911880509729599e+02 1.248296649727187690e-05 4.780987855166957274e+02 1.880316701966536129e+04 0.000000000000000000e+00 0.000000000000000000e+00
2.745098039215686215e-04 0.000000000000000000e+00 8.015911880509730736e+02 1.248296649727186674e-05 4.780987855166957274e+02 1.880316701966536129e+04 0.000000000000000000e+00 0.000000000000000000e+00
4.117647058823529051e-04 0.000000000000000000e+00 8.015911880509730736e+02 1.248296649727186335e-05 4.780987855166957274e+02 1.880316701966536129e+04 0.000000000000000000e+00 0.000000000000000000e+00
5.490196078431372429e-04 0.000000000000000000e+00 8.015911880509730736e+02 1.248296649727186166e-05 4.780987855166957274e+02 1.880316701966536129e+04 0.000000000000000000e+00 0.000000000000000000e+00
6.862745098039215808e-04 0.000000000000000000e+00 8.015911880509730736e+02 1.248296649727186166e-05 4.780987855166957274e+02 1.880316701966536129e+04 0.000000000000000000e+00 0.000000000000000000e+00
8.235294117647058102e-04 0.000000000000000000e+00 8.015911880509730736e+02 1.248296649727186166e-05 4.780987855166957274e+02 1.880316701966536129e+04 0.000000000000000000e+00 0.000000000000000000e+00
9.607843137254901481e-04 0.000000000000000000e+00 8.015911880509730736e+02 1.248296649727186166e-05 4.780987855166957274e+02 1.880316701966536129e+04 0.000000000000000000e+00 0.000000000000000000e+00
1.098039215686274486e-03 0.000000000000000000e+00 6.188807619676512104e+02 1.736266336199774232e-05 4.414260693103349809e+02 1.649047264421303407e+04 8.459097300129251380e+02 0.000000000000000000e+00
1.235294117647058824e-03 0.000000000000000000e+00 5.845118248653858473e+02 2.306489370608357913e-05 4.449594190166891394e+02 1.569656903674060413e+04 8.526075966194316607e+02 0.000000000000000000e+00
1.372549019607843162e-03 0.000000000000000000e+00 5.776966033192152281e+02 2.660414230263025888e-05 4.452540155421766030e+02 1.523708698919921881e+04 8.535858954746688596e+02 0.000000000000000000e+00
1.509803921568627499e-03 0.000000000000000000e+00 5.766028257914772439e+02 2.736059914474267817e-05 4.452776698466450966e+02 1.503631491225678656e+04 8.537099536578581365e+02 0.000000000000000000e+00
1.647058823529411620e-03 0.000000000000000000e+00 5.764964359045548008e+02 2.740514827703522481e-05 4.452789826680659075e+02 1.498436998091850364e+04 8.537199885289032864e+02 0.000000000000000000e+00
1.784313725490195958e-03 0.000000000000000000e+00 5.764948532868431812e+02 2.740587020076932525e-05 4.452789964779636307e+02 1.498201838697974199e+04 8.537201245732951520e+02 0.000000000000000000e+00
1.921568627450980296e-03 0.000000000000000000e+00 5.764948532868431812e+02 2.740587020076932525e-05 4.452789964779636307e+02 1.498201838697974199e+04 8.537201245732951520e+02 0.000000000000000000e+00
2.058823529411764851e-03 0.000000000000000000e+00 5.403367533368776776e+02 2.611405491057764227e-05 4.351650542805251689e+02 1.402915889617715038e+04 0.000000000000000000e+00 5.100459801319715552e+03
2.196078431372548972e-03 0.000000000000000000e+00 5.220985161304629401e+02 2.596496626373422819e-05 4.343517677454935324e+02 1.356998322320299121e+04 0.000000000000000000e+00 5.486618413691610840e+03
2.333333333333333093e-03 0.000000000000000000e+00 5.187525458074715061e+02 2.588516113757887999e-05 4.342898282573079314e+02 1.330192355885152938e+04 0.000000000000000000e+00 5.584374705754370552e+03
2.470588235294117647e-03 0.000000000000000000e+00 5.181892784191471719e+02 2.586090788329308349e-05 4.342847260227786137e+02 1.316812870797688447e+04 0.000000000000000000e+00 5.605929911247510063e+03
2.607843137254901768e-03 0.000000000000000000e+00 5.181254021977622415e+02 2.585920440176280301e-05 4.342844059551564442e+02 1.312696712654790826e+04 0.000000000000000000e+00 5.609016689372730070e+03
2.745098039215686323e-03 0.000000000000000000e+00 5.181231536229631729e+02 2.585915284107030969e-05 4.342843987164439454e+02 1.312272709604706142e+04 0.000000000000000000e+00 5.609148744859492581e+03
2.882352941176470444e-03 0.000000000000000000e+00 5.181231536229631729e+02 2.585915284107030969e-05 4.342843987164439454e+02 1.312272709604706142e+04 0.000000000000000000e+00 5.609148744859492581e+03
3.019607843137254999e-03 0.000000000000000000e+00 6.417816263578031339e+02 2.708326684927250138e-05 4.915758451429537104e+02 1.504812958936746145e+04 0.000000000000000000e+00 0.000000000000000000e+00
3.156862745098039120e-03 0.000000000000000000e+00 7.589152242190800735e+02 1.774912773539821936e-05 4.792907830401096589e+02 1.684692318062553022e+04 0.000000000000000000e+00 0.000000000000000000e+00
3.294117647058823241e-03 0.000000000000000000e+00 7.921436282606249506e+02 1.392030024038371479e-05 4.781910105013899965e+02 1.791334963843874721e+04 0.000000000000000000e+00 0.000000000000000000e+00
3.431372549019607796e-03 0.000000000000000000e+00 8.001552898340517004e+02 1.260006506116084485e-05 4.781046660431987902e+02 1.853226649624296988e+04 0.000000000000000000e+00 0.000000000000000000e+00
3.568627450980391917e-03 0.000000000000000000e+00 8.014917262403546374e+02 1.248729099701226432e-05 4.780989835670962975e+02 1.876256346504999965e+04 0.000000000000000000e+00 0.000000000000000000e+00
3.705882352941176471e-03 0.000000000000000000e+00 8.015911880509730736e+02 1.248296649727186166e-05 4.780987855166957274e+02 1.880316701966536129e+04 0.000000000000000000e+00 0.000000000000000000e+00
3.843137254901960592e-03 0.000000000000000000e+00 8.015911880509730736e+02 1.248296649727186166e-05 4.780987855166957274e+02 1.880316701966536129e+04 0.000000000000000000e+00 0.000000000000000000e+00
3.980392156862745147e-03 0.000000000000000000e+00 8.015911880509730736e+02 1.248296649727186166e-05 4.780987855166957274e+02 1.880316701966536129e+04 0.000000000000000000e+00 0.000000000000000000e+00
4.117647058823529702e-03 0.000000000000000000e+00 6.099267039106732682e+02 1.833721696003036620e-05 4.426264984409966132e+02 1.634649287354042826e+04 8.478515331906867232e+02 0.000000000000000000e+00
4.254901960784313389e-03 0.000000000000000000e+00 5.827350837081095278e+02 2.370855191271043316e-05 4.450547636194961001e+02 1.561365301336570701e+04 8.528833646190370246e+02 0.000000000000000000e+00
4.392156862745097944e-03 0.000000000000000000e+00 5.773804152549436139e+02 2.686041175274401913e-05 4.452620981041232540e+02 1.519388791482764827e+04 8.536240106310832516e+02 0.000000000000000000e+00
4.529411764705882498e-03 0.000000000000000000e+00 5.481840531858797476e+02 2.613734371077879596e-05 4.356204033265295266e+02 1.422354145188301845e+04 0.000000000000000000e+00 4.954869544901896916e+03
4.666666666666666186e-03 0.000000000000000000e+00 5.238632677780914264e+02 2.598935518827951601e-05 4.343995267961766444e+02 1.364891365275370663e+04 0.000000000000000000e+00 5.442298461244549799e+03
4.803921568627450740e-03 0.000000000000000000e+00 5.190832327918744795e+02 2.589781056849307635e-05 4.342938769016811307e+02 1.334783830294487416e+04 0.000000000000000000e+00 5.573175114224731260e+03
4.941176470588235295e-03 0.000000000000000000e+00 5.182359742233957149e+02 2.586243618229157001e-05 4.342850234456605563e+02 1.318652141551299610e+04 0.000000000000000000e+00 5.603892975605464926e+03
5.078431372549019850e-03 0.000000000000000000e+00 7.063362444963300959e+02 2.183473517317994700e-05 4.835430429793069038e+02 1.598071995132756092e+04 0.000000000000000000e+00 0.000000000000000000e+00
5.215686274509803537e-03 0.000000000000000000e+00 7.785387498107392048e+02 1.572736738105591912e-05 4.784979814143414956e+02 1.736305486925139849e+04 0.000000000000000000e+00 0.000000000000000000e+00
5.352941176470588092e-03 0.000000000000000000e+00 7.971298649319114702e+02 1.307924562403515057e-05 4.781282537598518729e+02 1.823464517158609669e+04 0.000000000000000000e+00 0.000000000000000000e+00
5.490196078431372646e-03 0.000000000000000000e+00 8.010585594036057273e+02 1.251441392505427236e-05 4.781003535885664633e+02 1.866593988992199229e+04 0.000000000000000000e+00 0.000000000000000000e+00
5.627450980392156334e-03 0.000000000000000000e+00 6.062202224141582292e+02 1.879009105514794378e-05 4.430639836464509358e+02 1.627099994451711791e+04 8.486151590872020734e+02 0.000000000000000000e+00
5.764705882352940888e-03 0.000000000000000000e+00 5.565952952131098073e+02 2.295067508814619764e-05 4.356300672917449788e+02 1.483694600556459955e+04 0.000000000000000000e+00 4.930480523720266319e+03
5.901960784313725443e-03 0.000000000000000000e+00 5.256725598081386579e+02 2.557634193771218806e-05 4.344220460685669423e+02 1.387002363370968305e+04 0.000000000000000000e+00 5.421265460811966477e+03
6.039215686274509998e-03 0.000000000000000000e+00 6.635397250178325521e+02 2.494563716949040679e-05 4.891077018137646064e+02 1.571803509736359047e+04 0.000000000000000000e+00 0.000000000000000000e+00
6.176470588235293685e-03 0.000000000000000000e+00 7.669943363507419463e+02 1.700264165347075790e-05 4.789236583953672834e+02 1.712208576746375184e+04 0.000000000000000000e+00 0.000000000000000000e+00
6.313725490196078240e-03 0.000000000000000000e+00 7.941923043041932715e+02 1.359581745857441109e-05 4.781620655472829640e+02 1.804365669627092939e+04 0.000000000000000000e+00 0.000000000000000000e+00
6.450980392156862794e-03 0.000000000000000000e+00 8.005432943028406498e+02 1.255946700298152922e-05 4.781026079223390184e+02 1.858390243157316945e+04 0.000000000000000000e+00 0.000000000000000000e+00
6.588235294117646482e-03 0.000000000000000000e+00 8.015331363907088189e+02 1.248539332240337070e-05 4.780988908807203188e+02 1.877611737428802735e+04 0.000000000000000000e+00 0.000000000000000000e+00
6.725490196078431036e-03 0.000000000000000000e+00 8.015911880509730736e+02 1.248296649727186166e-05 4.780987855166957274e+02 1.880316701966536129e+04 0.000000000000000000e+00 0.000000000000000000e+00
6.862745098039215591e-03 0.000000000000000000e+00 0.000000000000000000e+00 0.000000000000000000e+00 0.000000000000000000e+00 0.000000000000000000e+00 0.000000000000000000e+00 0.000000000000000000e+00
