0.000000000000000000e+00 1.000000000000000000e+00 6.000000000000000000e+00 7.000000000000000000e+00 8.000000000000000000e+00 1.400000000000000000e+01 2.600000000000000000e+01 2.900000000000000000e+01
0.000000000000000000e+00 0.000000000000000000e+00 8.016043284949679446e+02 1.248296649727187013e-05 4.780911210887037441e+02 1.880316701966536493e+04 0.000000000000000000e+00 0.000000000000000000e+00
1.372549019607843107e-04 0.000000000000000000e+00 8.016043284949679446e+02 1.248296649727187013e-05 4.780911210887037441e+02 1.880316701966536493e+04 0.000000000000000000e+00 0.000000000000000000e+00
2.745098039215686215e-04 0.000000000000000000e+00 8.016043284949679446e+02 1.248410222370125069e-05 4.780911210887037441e+02 1.879322845786590551e+04 0.000000000000000000e+00 0.000000000000000000e+00
4.117647058823529051e-04 0.000000000000000000e+00 8.015156683288037129e+02 1.251317686437456288e-05 4.780914818945076945e+02 1.871278452435504732e+04 0.000000000000000000e+00 0.000000000000000000e+00
5.490196078431372429e-04 0.000000000000000000e+00 8.004332210226118605e+02 1.287874560764630561e-05 4.781001264167504132e+02 1.847680246757087298e+04 0.000000000000000000e+00 0.000000000000000000e+00
6.862745098039215808e-04 0.000000000000000000e+00 7.942665388293872866e+02 1.491641166472721165e-05 4.782209189071681976e+02 1.799849321748364673e+04 0.000000000000000000e+00 0.000000000000000000e+00
8.235294117647058102e-04 0.000000000000000000e+00 7.692855366794595966e+02 1.948058661590313758e-05 4.796905416406904692e+02 1.726714389623322859e+04 0.000000000000000000e+00 0.000000000000000000e+00
9.607843137254901481e-04 0.000000000000000000e+00 7.082362733487105970e+02 2.794031968110055774e-05 4.871665132403196594e+02 1.629255452116419110e+04 0.000000000000000000e+00 0.000000000000000000e+00
1.098039215686274486e-03 0.000000000000000000e+00 5.765020982366321505e+02 2.740587020076932186e-05 4.452724982427553755e+02 1.498201838697974199e+04 8.537175155040046093e+02 0.000000000000000000e+00
1.235294117647058824e-03 0.000000000000000000e+00 5.765020982366321505e+02 2.740585833908885398e-05 4.452724982427553755e+02 1.498062859689372453e+04 8.537175155040046093e+02 0.000000000000000000e+00
1.372549019607843162e-03 0.000000000000000000e+00 5.764977757523168975e+02 2.740535206650123999e-05 4.452724851542109263e+02 1.495656150241893738e+04 8.537181904634660441e+02 0.000000000000000000e+00
1.509803921568627499e-03 0.000000000000000000e+00 5.763910197247348606e+02 2.739910394947837519e-05 4.452720110604044521e+02 1.487289784303259148e+04 8.537382790249571372e+02 0.000000000000000000e+00
1.647058823529411620e-03 0.000000000000000000e+00 5.755891131510747982e+02 2.735556293451900153e-05 4.452652413639424367e+02 1.468180351857507230e+04 8.539358845031375722e+02 0.000000000000000000e+00
1.784313725490195958e-03 0.000000000000000000e+00 5.714692202603758915e+02 2.726223752957752710e-05 4.451888835451979389e+02 1.437167337644305735e+04 8.553304325620262034e+02 0.000000000000000000e+00
1.921568627450980296e-03 0.000000000000000000e+00 5.555843907033254254e+02 2.710741646176600595e-05 4.445668662491628993e+02 1.391846127537611028e+04 8.627539233009836153e+02 0.000000000000000000e+00
2.058823529411764851e-03 0.000000000000000000e+00 5.181286483821775164e+02 2.585915284107029953e-05 4.342779598173996760e+02 1.312272709604705960e+04 0.000000000000000000e+00 5.609242033187893867e+03
2.196078431372548972e-03 0.000000000000000000e+00 5.181286483821775164e+02 2.585908599505938507e-05 4.342779598173996760e+02 1.312311790626257425e+04 0.000000000000000000e+00 5.609242033187893867e+03
2.333333333333333093e-03 0.000000000000000000e+00 5.181296465916212810e+02 2.584707562984634753e-05 4.342779497249437668e+02 1.315740524307258420e+04 0.000000000000000000e+00 5.609240613573892915e+03
2.470588235294117647e-03 0.000000000000000000e+00 5.182561603907137169e+02 2.567860592027514633e-05 4.342765070746872311e+02 1.331258251281149023e+04 0.000000000000000000e+00 5.609093541721910697e+03
2.607843137254901768e-03 0.000000000000000000e+00 5.195382010353509941e+02 2.418539259114979147e-05 4.342525950481669383e+02 1.371868354372638714e+04 0.000000000000000000e+00 5.607987261035834308e+03
2.745098039215686323e-03 0.000000000000000000e+00 5.277296221149454141e+02 2.056040205190127232e-05 4.339681936766177728e+02 1.446781043134382708e+04 0.000000000000000000e+00 5.602980995789521330e+03
2.882352941176470444e-03 0.000000000000000000e+00 5.703101009806036927e+02 1.543764940788700484e-05 4.308427781034656618e+02 1.567291760094493657e+04 0.000000000000000000e+00 5.585874068702575642e+03
3.019607843137254999e-03 0.000000000000000000e+00 8.016043284949679446e+02 1.248296649727187013e-05 4.780911210887037441e+02 1.880316701966536493e+04 0.000000000000000000e+00 0.000000000000000000e+00
3.156862745098039120e-03 0.000000000000000000e+00 8.016043284949679446e+02 1.248296649727187013e-05 4.780911210887037441e+02 1.880316701966536493e+04 0.000000000000000000e+00 0.000000000000000000e+00
3.294117647058823241e-03 0.000000000000000000e+00 8.016043284949679446e+02 1.248498506871671560e-05 4.780911210887037441e+02 1.878772777959318773e+04 0.000000000000000000e+00 0.000000000000000000e+00
3.431372549019607796e-03 0.000000000000000000e+00 8.014641024398548552e+02 1.252761285386169092e-05 4.780917218465215797e+02 1.869093872942165763e+04 0.000000000000000000e+00 0.000000000000000000e+00
3.568627450980391917e-03 0.000000000000000000e+00 8.000375550202040813e+02 1.304179347617884832e-05 4.781044391479707087e+02 1.842337807157480711e+04 0.000000000000000000e+00 0.000000000000000000e+00
3.705882352941176471e-03 0.000000000000000000e+00 7.923780993514575357e+02 1.538547914270978762e-05 4.782762694887384782e+02 1.791029091899762352e+04 0.000000000000000000e+00 0.000000000000000000e+00
3.843137254901960592e-03 0.000000000000000000e+00 7.622883891537042018e+02 2.044642700072893805e-05 4.803647563589554466e+02 1.711999244243294379e+04 0.000000000000000000e+00 0.000000000000000000e+00
3.980392156862745147e-03 0.000000000000000000e+00 7.003309888291956895e+02 2.907283705844847694e-05 4.881086463555056980e+02 1.609200755481867418e+04 0.000000000000000000e+00 0.000000000000000000e+00
4.117647058823529702e-03 0.000000000000000000e+00 5.759002183424147461e+02 2.736938241868433022e-05 4.452684044456768788e+02 1.473283528041651516e+04 8.538531443690376364e+02 0.000000000000000000e+00
4.254901960784313389e-03 0.000000000000000000e+00 5.729471727970128541e+02 2.728494351779213638e-05 4.452237561425714034e+02 1.445576482085381576e+04 8.547786789779285073e+02 0.000000000000000000e+00
4.392156862745097944e-03 0.000000000000000000e+00 5.599922377268923128e+02 2.710390320869632928e-05 4.447603733897454390e+02 1.410552396515646433e+04 8.605556326461993422e+02 0.000000000000000000e+00
4.529411764705882498e-03 0.000000000000000000e+00 5.185257490309152217e+02 2.535824072538665273e-05 4.342723452487192617e+02 1.344642701241671239e+04 0.000000000000000000e+00 5.608830000373726762e+03
4.666666666666666186e-03 0.000000000000000000e+00 5.215019903907364096e+02 2.282040944398167786e-05 4.341987321597683831e+02 1.399562465717170380e+04 0.000000000000000000e+00 5.606601959451189032e+03
4.803921568627450740e-03 0.000000000000000000e+00 5.384159514363287826e+02 1.856135726028693012e-05 4.333634579149663182e+02 1.489812872055617481e+04 0.000000000000000000e+00 5.597927556417603228e+03
4.941176470588235295e-03 0.000000000000000000e+00 6.025271389619476849e+02 1.291834282765308027e-05 4.280426136080603214e+02 1.616844243222039404e+04 0.000000000000000000e+00 5.574100315323688847e+03
5.078431372549019850e-03 0.000000000000000000e+00 7.998037671004406093e+02 1.314165600437578698e-05 4.781071628543099905e+02 1.837906682567136158e+04 0.000000000000000000e+00 0.000000000000000000e+00
5.215686274509803537e-03 0.000000000000000000e+00 7.912149648694753523e+02 1.563587578843832042e-05 4.783108454426348430e+02 1.778387061910852935e+04 0.000000000000000000e+00 0.000000000000000000e+00
5.352941176470588092e-03 0.000000000000000000e+00 7.576472296061689349e+02 2.091527793973424205e-05 4.807889295191615702e+02 1.687916132216365804e+04 0.000000000000000000e+00 0.000000000000000000e+00
5.490196078431372646e-03 0.000000000000000000e+00 6.935932843564104360e+02 2.907773917025255290e-05 4.885760412019030241e+02 1.588002396496703477e+04 0.000000000000000000e+00 0.000000000000000000e+00
5.627450980392156334e-03 0.000000000000000000e+00 5.642372873422447128e+02 2.497447528142996063e-05 4.448153465622086742e+02 1.479085053208220597e+04 8.590851303000893040e+02 0.000000000000000000e+00
5.764705882352940888e-03 0.000000000000000000e+00 5.304492678086106707e+02 1.992019846113158796e-05 4.338376336652758596e+02 1.460620715506142005e+04 0.000000000000000000e+00 5.601597738355309957e+03
5.901960784313725443e-03 0.000000000000000000e+00 5.816550992229690564e+02 1.458612916976744089e-05 4.298621466753219238e+02 1.588560886323393606e+04 0.000000000000000000e+00 5.582042877329118710e+03
6.039215686274509998e-03 0.000000000000000000e+00 8.016043284949679446e+02 1.248296649727187013e-05 4.780911210887037441e+02 1.880316701966536493e+04 0.000000000000000000e+00 0.000000000000000000e+00
6.176470588235293685e-03 0.000000000000000000e+00 8.016043284949679446e+02 1.248296649727187013e-05 4.780911210887037441e+02 1.880316701966536493e+04 0.000000000000000000e+00 0.000000000000000000e+00
6.313725490196078240e-03 0.000000000000000000e+00 8.016043284949679446e+02 1.248296649727187013e-05 4.780911210887037441e+02 1.880316701966536493e+04 0.000000000000000000e+00 0.000000000000000000e+00
6.450980392156862794e-03 0.000000000000000000e+00 8.016043284949679446e+02 1.248296649727187013e-05 4.780911210887037441e+02 1.880316701966536493e+04 0.000000000000000000e+00 0.000000000000000000e+00
6.588235294117646482e-03 0.000000000000000000e+00 8.016043284949679446e+02 1.248296649727187521e-05 4.780911210887037441e+02 1.880316701966536493e+04 0.000000000000000000e+00 0.000000000000000000e+00
6.725490196078431036e-03 0.000000000000000000e+00 8.016043284949679446e+02 1.248296649727187860e-05 4.780911210887037441e+02 1.880316701966536493e+04 0.000000000000000000e+00 0.000000000000000000e+00
6.862745098039215591e-03 0.000000000000000000e+00 0.000000000000000000e+00 0.000000000000000000e+00 0.000000000000000000e+00 0.000000000000000000e+00 0.000000000000000000e+00 0.000000000000000000e+00
