0.000000000000000000e+00 1.000000000000000000e+00 6.000000000000000000e+00 7.000000000000000000e+00 8.000000000000000000e+00 1.400000000000000000e+01 2.600000000000000000e+01 2.900000000000000000e+01
0.000000000000000000e+00 0.000000000000000000e+00 8.016043284949679446e+02 1.248296649727187013e-05 4.780911210887037441e+02 1.880316701966536493e+04 0.000000000000000000e+00 0.000000000000000000e+00
6.930693069306931428e-05 0.000000000000000000e+00 8.016043284949679446e+02 1.248296649727188368e-05 4.780911210887037441e+02 1.880316701966536493e+04 0.000000000000000000e+00 0.000000000000000000e+00
1.386138613861386286e-04 0.000000000000000000e+00 8.016043284949679446e+02 1.248296649727188029e-05 4.780911210887037441e+02 1.880316701966536493e+04 0.000000000000000000e+00 0.000000000000000000e+00
2.079207920792079428e-04 0.000000000000000000e+00 8.016043284949679446e+02 1.248296649727188199e-05 4.780911210887037441e+02 1.880316701966536493e+04 0.000000000000000000e+00 0.000000000000000000e+00
2.772277227722772571e-04 0.000000000000000000e+00 8.016043284949679446e+02 1.248296649727187690e-05 4.780911210887037441e+02 1.880316701966536493e+04 0.000000000000000000e+00 0.000000000000000000e+00
3.465346534653465714e-04 0.000000000000000000e+00 8.016043284949679446e+02 1.248296649727187521e-05 4.780911210887037441e+02 1.880316701966536493e+04 0.000000000000000000e+00 0.000000000000000000e+00
4.158415841584158857e-04 0.000000000000000000e+00 8.016043284949679446e+02 1.248296649727187182e-05 4.780911210887037441e+02 1.880316701966536493e+04 0.000000000000000000e+00 0.000000000000000000e+00
4.851485148514851999e-04 0.000000000000000000e+00 8.016043284949679446e+02 1.248296649727187013e-05 4.780911210887037441e+02 1.880316701966536493e+04 0.000000000000000000e+00 0.000000000000000000e+00
5.544554455445545142e-04 0.000000000000000000e+00 8.016043284949679446e+02 1.248296649727187013e-05 4.780911210887037441e+02 1.880316701966536493e+04 0.000000000000000000e+00 0.000000000000000000e+00
6.237623762376238827e-04 0.000000000000000000e+00 8.016043284949679446e+02 1.248296649727187013e-05 4.780911210887037441e+02 1.880316701966536493e+04 0.000000000000000000e+00 0.000000000000000000e+00
6.930693069306931428e-04 0.000000000000000000e+00 8.016043284949679446e+02 1.248296649727187013e-05 4.780911210887037441e+02 1.880316701966536493e+04 0.000000000000000000e+00 0.000000000000000000e+00
7.623762376237624028e-04 0.000000000000000000e+00 8.016043284949679446e+02 1.248296649727187013e-05 4.780911210887037441e+02 1.880316701966536493e+04 0.000000000000000000e+00 0.000000000000000000e+00
8.316831683168317713e-04 0.000000000000000000e+00 8.016043284949679446e+02 1.248296649727187013e-05 4.780911210887037441e+02 1.880316701966536493e+04 0.000000000000000000e+00 0.000000000000000000e+00
9.009900990099011398e-04 0.000000000000000000e+00 8.016043284949679446e+02 1.248296649727187013e-05 4.780911210887037441e+02 1.880316701966536493e+04 0.000000000000000000e+00 0.000000000000000000e+00
9.702970297029703999e-04 0.000000000000000000e+00 8.016043284949679446e+02 1.248296649727187013e-05 4.780911210887037441e+02 1.880316701966536493e+04 0.000000000000000000e+00 0.000000000000000000e+00
1.039603960396039660e-03 0.000000000000000000e+00 6.510253445498696010e+02 1.408769134400787547e-05 4.371427276072856785e+02 1.701729854292335949e+04 8.390434379037835697e+02 0.000000000000000000e+00
1.108910891089109028e-03 0.000000000000000000e+00 6.231160621203038090e+02 1.790815469915414053e-05 4.407549643653855469e+02 1.640910010102584783e+04 8.449371128374503996e+02 0.000000000000000000e+00
1.178217821782178397e-03 0.000000000000000000e+00 5.980602080957050930e+02 2.096635467526174730e-05 4.437845005291908365e+02 1.597505313839697192e+04 8.501260337126553850e+02 0.000000000000000000e+00
1.247524752475247765e-03 0.000000000000000000e+00 5.858637900635583264e+02 2.347178686351791553e-05 4.448517456503992094e+02 1.564410766559767580e+04 8.523687163109527773e+02 0.000000000000000000e+00
1.316831683168316917e-03 0.000000000000000000e+00 5.804187086322966707e+02 2.545994929201147184e-05 4.451435068986513102e+02 1.539088281352498416e+04 8.532083316268140152e+02 0.000000000000000000e+00
1.386138613861386286e-03 0.000000000000000000e+00 5.779749695830812470e+02 2.679228347158912156e-05 4.452380028750293377e+02 1.520648566037105411e+04 8.535465321861644270e+02 0.000000000000000000e+00
1.455445544554455654e-03 0.000000000000000000e+00 5.770113048047310258e+02 2.725595196663195354e-05 4.452631127679740644e+02 1.509077435478473853e+04 8.536627664093896328e+02 0.000000000000000000e+00
1.524752475247524806e-03 0.000000000000000000e+00 5.766445759426811719e+02 2.737390767630587892e-05 4.452705024619634173e+02 1.502560776365626771e+04 8.537034604961640980e+02 0.000000000000000000e+00
1.594059405940594174e-03 0.000000000000000000e+00 5.765323332539568355e+02 2.740074442712530538e-05 4.452721217384762440e+02 1.499398506799852112e+04 8.537145959924595218e+02 0.000000000000000000e+00
1.663366336633663543e-03 0.000000000000000000e+00 5.765034657017836253e+02 2.740556678455987059e-05 4.452724821128475696e+02 1.498309839078923324e+04 8.537173830086953785e+02 0.000000000000000000e+00
1.732673267326732911e-03 0.000000000000000000e+00 5.765020982366321505e+02 2.740587020076932186e-05 4.452724982427553755e+02 1.498201838697974199e+04 8.537175155040046093e+02 0.000000000000000000e+00
1.801980198019802280e-03 0.000000000000000000e+00 5.765020982366321505e+02 2.740587020076932186e-05 4.452724982427553755e+02 1.498201838697974199e+04 8.537175155040046093e+02 0.000000000000000000e+00
1.871287128712871431e-03 0.000000000000000000e+00 5.765020982366321505e+02 2.740587020076932186e-05 4.452724982427553755e+02 1.498201838697974199e+04 8.537175155040046093e+02 0.000000000000000000e+00
1.940594059405940800e-03 0.000000000000000000e+00 5.765020982366321505e+02 2.740587020076932186e-05 4.452724982427553755e+02 1.498201838697974199e+04 8.537175155040046093e+02 0.000000000000000000e+00
2.009900990099009951e-03 0.000000000000000000e+00 5.453055635014276277e+02 2.620425185192119992e-05 4.353019434606361528e+02 1.429831738078423587e+04 0.000000000000000000e+00 4.995028300332978688e+03
2.079207920792079320e-03 0.000000000000000000e+00 5.373023989894254555e+02 2.608459169107917865e-05 4.349543623455404031e+02 1.394248115124877222e+04 0.000000000000000000e+00 5.159413917140254853e+03
2.148514851485148688e-03 0.000000000000000000e+00 5.277163854867482087e+02 2.600629911006820043e-05 4.345423520367512538e+02 1.370063398111634160e+04 0.000000000000000000e+00 5.357937125135495990e+03
2.217821782178218057e-03 0.000000000000000000e+00 5.222491297641324763e+02 2.594863290031001359e-05 4.343541652949566014e+02 1.351786933000735007e+04 0.000000000000000000e+00 5.485020840384862822e+03
2.287128712871287425e-03 0.000000000000000000e+00 5.198600217927455560e+02 2.590608687371323240e-05 4.343004523768018998e+02 1.337671528257628052e+04 0.000000000000000000e+00 5.550131706581842082e+03
2.356435643564356794e-03 0.000000000000000000e+00 5.187968383688743188e+02 2.587702082116742177e-05 4.342842743211987795e+02 1.327016717244353094e+04 0.000000000000000000e+00 5.583616828776622242e+03
2.425742574257426162e-03 0.000000000000000000e+00 5.183663630996217080e+02 2.586367563808226485e-05 4.342796509392283610e+02 1.319810618232541128e+04 0.000000000000000000e+00 5.599119233937684839e+03
2.495049504950495531e-03 0.000000000000000000e+00 5.182011488531543364e+02 2.586016992710579276e-05 4.342783613127302260e+02 1.315593140417370887e+04 0.000000000000000000e+00 5.605828195468865488e+03
2.564356435643564466e-03 0.000000000000000000e+00 5.181465610664057522e+02 2.585934112968996373e-05 4.342780398846848016e+02 1.313388256401717990e+04 0.000000000000000000e+00 5.608320571936292254e+03
2.633663366336633834e-03 0.000000000000000000e+00 5.181308902305236188e+02 2.585917277508905675e-05 4.342779690049343344e+02 1.312467751567222331e+04 0.000000000000000000e+00 5.609118853365552241e+03
2.702970297029703203e-03 0.000000000000000000e+00 5.181286483821775164e+02 2.585915284107029953e-05 4.342779598173996760e+02 1.312272709604705960e+04 0.000000000000000000e+00 5.609242033187893867e+03
2.772277227722772571e-03 0.000000000000000000e+00 5.181286483821775164e+02 2.585915284107029953e-05 4.342779598173996760e+02 1.312272709604705960e+04 0.000000000000000000e+00 5.609242033187893867e+03
2.841584158415841940e-03 0.000000000000000000e+00 5.181286483821775164e+02 2.585915284107029953e-05 4.342779598173996760e+02 1.312272709604705960e+04 0.000000000000000000e+00 5.609242033187893867e+03
2.910891089108911308e-03 0.000000000000000000e+00 5.181286483821775164e+02 2.585915284107029953e-05 4.342779598173996760e+02 1.312272709604705960e+04 0.000000000000000000e+00 5.609242033187893867e+03
2.980198019801980677e-03 0.000000000000000000e+00 5.181286483821775164e+02 2.585915284107029953e-05 4.342779598173996760e+02 1.312272709604705960e+04 0.000000000000000000e+00 5.609242033187893867e+03
3.049504950495049611e-03 0.000000000000000000e+00 6.815564807431140935e+02 2.401172773903060493e-05 4.856860080861366100e+02 1.556709827257275538e+04 0.000000000000000000e+00 0.000000000000000000e+00
3.118811881188118980e-03 0.000000000000000000e+00 7.250924733990453888e+02 1.947892270193289080e-05 4.818960489721345084e+02 1.645635221428587465e+04 0.000000000000000000e+00 0.000000000000000000e+00
3.188118811881188348e-03 0.000000000000000000e+00 7.625013118229211386e+02 1.658998051847257772e-05 4.792382758681329733e+02 1.713438896900530381e+04 0.000000000000000000e+00 0.000000000000000000e+00
3.257425742574257717e-03 0.000000000000000000e+00 7.826658729210990941e+02 1.465926437188741865e-05 4.784016779493560989e+02 1.767421758589848105e+04 0.000000000000000000e+00 0.000000000000000000e+00
3.326732673267327085e-03 0.000000000000000000e+00 7.929416711605523460e+02 1.340520425138017407e-05 4.781816337156031409e+02 1.810127710093769929e+04 0.000000000000000000e+00 0.000000000000000000e+00
3.396039603960396454e-03 0.000000000000000000e+00 7.980618139927489665e+02 1.273272294350870002e-05 4.781141643498628468e+02 1.841755639427327333e+04 0.000000000000000000e+00 0.000000000000000000e+00
3.465346534653465822e-03 0.000000000000000000e+00 8.002952212148450144e+02 1.253831572686487184e-05 4.780970515621067989e+02 1.861705270500423285e+04 0.000000000000000000e+00 0.000000000000000000e+00
3.534653465346535191e-03 0.000000000000000000e+00 8.012163445304648803e+02 1.249365817112154701e-05 4.780922971203016232e+02 1.873007471939262177e+04 0.000000000000000000e+00 0.000000000000000000e+00
3.603960396039604559e-03 0.000000000000000000e+00 8.015221316588294940e+02 1.248443664288081262e-05 4.780913225575336583e+02 1.878446093449376713e+04 0.000000000000000000e+00 0.000000000000000000e+00
3.673267326732673494e-03 0.000000000000000000e+00 8.016022488360185889e+02 1.248301964140262202e-05 4.780911253908577692e+02 1.880205026990719489e+04 0.000000000000000000e+00 0.000000000000000000e+00
3.742574257425742863e-03 0.000000000000000000e+00 8.016043284949679446e+02 1.248296649727187013e-05 4.780911210887037441e+02 1.880316701966536493e+04 0.000000000000000000e+00 0.000000000000000000e+00
3.811881188118812231e-03 0.000000000000000000e+00 8.016043284949679446e+02 1.248296649727187013e-05 4.780911210887037441e+02 1.880316701966536493e+04 0.000000000000000000e+00 0.000000000000000000e+00
3.881188118811881600e-03 0.000000000000000000e+00 8.016043284949679446e+02 1.248296649727187013e-05 4.780911210887037441e+02 1.880316701966536493e+04 0.000000000000000000e+00 0.000000000000000000e+00
3.950495049504950534e-03 0.000000000000000000e+00 8.016043284949679446e+02 1.248296649727187013e-05 4.780911210887037441e+02 1.880316701966536493e+04 0.000000000000000000e+00 0.000000000000000000e+00
4.019801980198019903e-03 0.000000000000000000e+00 6.578361176411640372e+02 1.259902016953011789e-05 4.363046983833953050e+02 1.725393256194104106e+04 8.376334702987130640e+02 0.000000000000000000e+00
4.089108910891089271e-03 0.000000000000000000e+00 6.320698571156588059e+02 1.691640376157691915e-05 4.395874401938035021e+02 1.655993414735885381e+04 8.430401470453065258e+02 0.000000000000000000e+00
4.158415841584158640e-03 0.000000000000000000e+00 6.036378191231370920e+02 2.015530055789284999e-05 4.431766796821060552e+02 1.608718958075482442e+04 8.490122499857038747e+02 0.000000000000000000e+00
4.227722772277228008e-03 0.000000000000000000e+00 5.884066368295347047e+02 2.280625571948963890e-05 4.446705400343781207e+02 1.573023370638172310e+04 8.519355662313795392e+02 0.000000000000000000e+00
4.297029702970297377e-03 0.000000000000000000e+00 5.815785685002222181e+02 2.494981631817859571e-05 4.450897532961073466e+02 1.545617362803968172e+04 8.530374315038556006e+02 0.000000000000000000e+00
4.366336633663366745e-03 0.000000000000000000e+00 5.784670761398865579e+02 2.650389567074732384e-05 4.452218452074931179e+02 1.525206982888116909e+04 8.534821498019833825e+02 0.000000000000000000e+00
4.435643564356436114e-03 0.000000000000000000e+00 5.772042025722311109e+02 2.717933804654097720e-05 4.452586553298745002e+02 1.511774966977828262e+04 8.536403588111572844e+02 0.000000000000000000e+00
4.504950495049505482e-03 0.000000000000000000e+00 5.455851953971222201e+02 2.616445480947708605e-05 4.353036253784458722e+02 1.437704987474801237e+04 0.000000000000000000e+00 4.995151753672660561e+03
4.574257425742574851e-03 0.000000000000000000e+00 5.380107027315862069e+02 2.608285102715591683e-05 4.349829032986182824e+02 1.398010466724431171e+04 0.000000000000000000e+00 5.146340853294458611e+03
4.643564356435644219e-03 0.000000000000000000e+00 5.282983940569245078e+02 2.601037304056754898e-05 4.345654956105576048e+02 1.371811413386234381e+04 0.000000000000000000e+00 5.345470646151556139e+03
4.712871287128713588e-03 0.000000000000000000e+00 5.225125836320423787e+02 2.595218297744274907e-05 4.343615702757298322e+02 1.352934351275403969e+04 0.000000000000000000e+00 5.478383722621095330e+03
4.782178217821782956e-03 0.000000000000000000e+00 5.199733116475127872e+02 2.590867193573412786e-05 4.343024104321411869e+02 1.338560176878340462e+04 0.000000000000000000e+00 5.546774339641862753e+03
4.851485148514852325e-03 0.000000000000000000e+00 5.188465746128421188e+02 2.587862072735262764e-05 4.342849112576705011e+02 1.327666432895137768e+04 0.000000000000000000e+00 5.581935463190400696e+03
4.920792079207921693e-03 0.000000000000000000e+00 5.183852516773648631e+02 2.586417224615674510e-05 4.342798144034975962e+02 1.320218326729285036e+04 0.000000000000000000e+00 5.598389542678959515e+03
4.990099009900991062e-03 0.000000000000000000e+00 5.182080690083298578e+02 2.586029316033067673e-05 4.342784081234718769e+02 1.315819350569245944e+04 0.000000000000000000e+00 5.605529643957599546e+03
5.059405940594059563e-03 0.000000000000000000e+00 6.869072624631677400e+02 2.322691594277374928e-05 4.852333324247626933e+02 1.572993439026333363e+04 0.000000000000000000e+00 0.000000000000000000e+00
5.128712871287128931e-03 0.000000000000000000e+00 7.315971673122120364e+02 1.899266802076357045e-05 4.813606034020323818e+02 1.656656652085448877e+04 0.000000000000000000e+00 0.000000000000000000e+00
5.198019801980198300e-03 0.000000000000000000e+00 7.662636119278090518e+02 1.626562826766220348e-05 4.790442268309299152e+02 1.721915580823989512e+04 0.000000000000000000e+00 0.000000000000000000e+00
5.267326732673267668e-03 0.000000000000000000e+00 7.845561979839014839e+02 1.444215495577191441e-05 4.783523817441833899e+02 1.774185307865182040e+04 0.000000000000000000e+00 0.000000000000000000e+00
5.336633663366337037e-03 0.000000000000000000e+00 7.939312774439367786e+02 1.327216825534086077e-05 4.781659781666951403e+02 1.815351410983132882e+04 0.000000000000000000e+00 0.000000000000000000e+00
5.405940594059406405e-03 0.000000000000000000e+00 7.985038652996631754e+02 1.268612860140390455e-05 4.781101895239934834e+02 1.845247739195681424e+04 0.000000000000000000e+00 0.000000000000000000e+00
5.475247524752475774e-03 0.000000000000000000e+00 8.004882318303582451e+02 1.252727935478843920e-05 4.780959009478847292e+02 1.863777656292704341e+04 0.000000000000000000e+00 0.000000000000000000e+00
5.544554455445545142e-03 0.000000000000000000e+00 6.490481777158508976e+02 1.442194185392513958e-05 4.373640520530541380e+02 1.690477243673738485e+04 8.394200963977524452e+02 0.000000000000000000e+00
5.613861386138614511e-03 0.000000000000000000e+00 6.208601510039899267e+02 1.815620176870030267e-05 4.410399487710199651e+02 1.636023104191538732e+04 8.454060217741398446e+02 0.000000000000000000e+00
5.683168316831683879e-03 0.000000000000000000e+00 5.968392624195072358e+02 2.116432275603238622e-05 4.439093676178686678e+02 1.594783584547922874e+04 8.503642852791358564e+02 0.000000000000000000e+00
5.752475247524753248e-03 0.000000000000000000e+00 5.535456166952877766e+02 2.260531590536866834e-05 4.349376868160429694e+02 1.494304676565362388e+04 0.000000000000000000e+00 5.057296216216805988e+03
5.821782178217822616e-03 0.000000000000000000e+00 5.416653856242285201e+02 2.435263669128932083e-05 4.348850357758744281e+02 1.434501729443032491e+04 0.000000000000000000e+00 5.166547371931344060e+03
5.891089108910891985e-03 0.000000000000000000e+00 5.298284554192638325e+02 2.548269079653436603e-05 4.345480645333356620e+02 1.392321822604615045e+04 0.000000000000000000e+00 5.349749101265660101e+03
5.960396039603961353e-03 0.000000000000000000e+00 5.230552887850258230e+02 2.582606267922854027e-05 4.343576006571717585e+02 1.363013718878797408e+04 0.000000000000000000e+00 5.478983629241170092e+03
6.029702970297030722e-03 0.000000000000000000e+00 6.736871172852751215e+02 2.595097064942787610e-05 4.865815817690964309e+02 1.557165256414549913e+04 0.000000000000000000e+00 0.000000000000000000e+00
6.099009900990099223e-03 0.000000000000000000e+00 7.127100667666280742e+02 2.057760195567755746e-05 4.830617533435585074e+02 1.642283221173302809e+04 0.000000000000000000e+00 0.000000000000000000e+00
6.168316831683168591e-03 0.000000000000000000e+00 7.543117900192254410e+02 1.730617333775873458e-05 4.797409767944920418e+02 1.705516953917864521e+04 0.000000000000000000e+00 0.000000000000000000e+00
6.237623762376237960e-03 0.000000000000000000e+00 7.784073544449126985e+02 1.513444998528668746e-05 4.785380133944857448e+02 1.757741051900112507e+04 0.000000000000000000e+00 0.000000000000000000e+00
6.306930693069307328e-03 0.000000000000000000e+00 7.906825387825588223e+02 1.370302907364036520e-05 4.782221108575973858e+02 1.800648420956741757e+04 0.000000000000000000e+00 0.000000000000000000e+00
6.376237623762376697e-03 0.000000000000000000e+00 7.970053628850574796e+02 1.286022118858702212e-05 4.781251663415281428e+02 1.834310206527099581e+04 0.000000000000000000e+00 0.000000000000000000e+00
6.445544554455446065e-03 0.000000000000000000e+00 7.998265363775425385e+02 1.256908076071564644e-05 4.781000931743893148e+02 1.857046184491642271e+04 0.000000000000000000e+00 0.000000000000000000e+00
6.514851485148515434e-03 0.000000000000000000e+00 8.010430757999339448e+02 1.250040504205982601e-05 4.780930152292872322e+02 1.870486111243225241e+04 0.000000000000000000e+00 0.000000000000000000e+00
6.584158415841584802e-03 0.000000000000000000e+00 8.014649809582750777e+02 1.248571494915951628e-05 4.780914811668791913e+02 1.877357074079173253e+04 0.000000000000000000e+00 0.000000000000000000e+00
6.653465346534654171e-03 0.000000000000000000e+00 8.015935792803335289e+02 1.248315825943059732e-05 4.780911443311902644e+02 1.879962317814403286e+04 0.000000000000000000e+00 0.000000000000000000e+00
6.722772277227723539e-03 0.000000000000000000e+00 8.016043284949679446e+02 1.248296649727187013e-05 4.780911210887037441e+02 1.880316701966536493e+04 0.000000000000000000e+00 0.000000000000000000e+00
6.792079207920792908e-03 0.000000000000000000e+00 8.016043284949679446e+02 1.248296649727187013e-05 4.780911210887037441e+02 1.880316701966536493e+04 0.000000000000000000e+00 0.000000000000000000e+00
6.861386138613862276e-03 0.000000000000000000e+00 8.016043284949679446e+02 1.248296649727187013e-05 4.780911210887037441e+02 1.880316701966536493e+04 0.000000000000000000e+00 0.000000000000000000e+00
6.930693069306931645e-03 0.000000000000000000e+00 0.000000000000000000e+00 0.000000000000000000e+00 0.000000000000000000e+00 0.000000000000000000e+00 0.000000000000000000e+00 0.000000000000000000e+00
