0.000000000000000000e+00 1.000000000000000000e+00 6.000000000000000000e+00 7.000000000000000000e+00 8.000000000000000000e+00 1.400000000000000000e+01 2.600000000000000000e+01 2.900000000000000000e+01
0.000000000000000000e+00 0.000000000000000000e+00 8.015911880509730736e+02 1.248296649727186166e-05 4.780987855166957274e+02 1.880316701966536129e+04 0.000000000000000000e+00 0.000000000000000000e+00
6.930693069306931428e-05 0.000000000000000000e+00 8.015911880509730736e+02 1.248296649727186166e-05 4.780987855166957274e+02 1.880316701966536129e+04 0.000000000000000000e+00 0.000000000000000000e+00
1.386138613861386286e-04 0.000000000000000000e+00 8.015911880509730736e+02 1.248296649727186166e-05 4.780987855166957274e+02 1.880316701966536129e+04 0.000000000000000000e+00 0.000000000000000000e+00
2.079207920792079428e-04 0.000000000000000000e+00 8.015911880509730736e+02 1.248296649727186166e-05 4.780987855166957274e+02 1.880316701966536129e+04 0.000000000000000000e+00 0.000000000000000000e+00
2.772277227722772571e-04 0.000000000000000000e+00 8.015911880509730736e+02 1.248304192798312309e-05 4.780987855166957274e+02 1.880219566590113027e+04 0.000000000000000000e+00 0.000000000000000000e+00
3.465346534653465714e-04 0.000000000000000000e+00 8.015880881638868232e+02 1.248447812111751926e-05 4.780987927111284534e+02 1.879099234237438577e+04 0.000000000000000000e+00 0.000000000000000000e+00
4.158415841584158857e-04 0.000000000000000000e+00 8.015451714284067748e+02 1.249277086741228179e-05 4.780989214038573891e+02 1.875838834919293731e+04 0.000000000000000000e+00 0.000000000000000000e+00
4.851485148514851999e-04 0.000000000000000000e+00 8.013557307473713536e+02 1.252951285225433487e-05 4.780997483702504383e+02 1.869227107482881547e+04 0.000000000000000000e+00 0.000000000000000000e+00
5.544554455445545142e-04 0.000000000000000000e+00 8.007723046475243791e+02 1.267493050530717098e-05 4.781036378470145110e+02 1.857788361369504491e+04 0.000000000000000000e+00 0.000000000000000000e+00
6.237623762376238827e-04 0.000000000000000000e+00 7.992647155556574035e+02 1.319353411357289788e-05 4.781195011635729770e+02 1.839624457458938559e+04 0.000000000000000000e+00 0.000000000000000000e+00
6.930693069306931428e-04 0.000000000000000000e+00 7.957478084106686538e+02 1.427465335439364912e-05 4.781798916737778882e+02 1.814473197803616495e+04 0.000000000000000000e+00 0.000000000000000000e+00
7.623762376237624028e-04 0.000000000000000000e+00 7.883765452254576758e+02 1.595926241283023231e-05 4.783973393693295293e+02 1.782602885095953388e+04 0.000000000000000000e+00 0.000000000000000000e+00
8.316831683168317713e-04 0.000000000000000000e+00 7.737684570734637646e+02 1.843822176308037431e-05 4.791796422282496906e+02 1.743037692688292373e+04 0.000000000000000000e+00 0.000000000000000000e+00
9.009900990099011398e-04 0.000000000000000000e+00 7.447407979153227870e+02 2.211151653875172187e-05 4.821561300672818220e+02 1.693227215985082876e+04 0.000000000000000000e+00 0.000000000000000000e+00
9.702970297029703999e-04 0.000000000000000000e+00 6.903104956077911538e+02 2.783643033387288843e-05 4.918959501315380294e+02 1.629596776835330093e+04 0.000000000000000000e+00 0.000000000000000000e+00
1.039603960396039660e-03 0.000000000000000000e+00 5.764948532868431812e+02 2.740587020076932525e-05 4.452789964779636307e+02 1.498201838697974199e+04 8.537201245732951520e+02 0.000000000000000000e+00
1.108910891089109028e-03 0.000000000000000000e+00 5.764948532868431812e+02 2.740587020076932525e-05 4.452789964779636307e+02 1.498201838697974199e+04 8.537201245732951520e+02 0.000000000000000000e+00
1.178217821782178397e-03 0.000000000000000000e+00 5.764948532868431812e+02 2.740587020076932525e-05 4.452789964779636307e+02 1.498201838697974199e+04 8.537201245732951520e+02 0.000000000000000000e+00
1.247524752475247765e-03 0.000000000000000000e+00 5.764948532868431812e+02 2.740587007521358065e-05 4.452789964779636307e+02 1.498200039077638576e+04 8.537201245732951520e+02 0.000000000000000000e+00
1.316831683168316917e-03 0.000000000000000000e+00 5.764948333293041287e+02 2.740584717763177707e-05 4.452789964366788240e+02 1.497958230502745209e+04 8.537201272137535852e+02 0.000000000000000000e+00
1.386138613861386286e-03 0.000000000000000000e+00 5.764920631582155011e+02 2.740568098172044173e-05 4.452789900853768472e+02 1.496950438892022612e+04 8.537205200544005947e+02 0.000000000000000000e+00
1.455445544554455654e-03 0.000000000000000000e+00 5.764743108640190030e+02 2.740493827531421535e-05 4.452789374744112365e+02 1.494653517171637577e+04 8.537233550380791485e+02 0.000000000000000000e+00
1.524752475247524806e-03 0.000000000000000000e+00 5.764085751073216670e+02 2.740208024276482489e-05 4.452786737263227224e+02 1.490425847659169267e+04 8.537353451479224304e+02 0.000000000000000000e+00
1.594059405940594174e-03 0.000000000000000000e+00 5.762147822227597089e+02 2.739192677806157061e-05 4.452775888793948980e+02 1.483422225895476731e+04 8.537760582004108301e+02 0.000000000000000000e+00
1.663366336633663543e-03 0.000000000000000000e+00 5.757057292828498021e+02 2.736614966325647721e-05 4.452735028984724863e+02 1.472971562432399151e+04 8.539002328426383883e+02 0.000000000000000000e+00
1.732673267326732911e-03 0.000000000000000000e+00 5.744974617247092965e+02 2.732704490462437222e-05 4.452591481595810023e+02 1.459320313521124808e+04 8.542463530692642735e+02 0.000000000000000000e+00
1.801980198019802280e-03 0.000000000000000000e+00 5.718284874514916964e+02 2.727442750329731581e-05 4.452101329876839486e+02 1.442196334489165019e+04 8.551578188321060452e+02 0.000000000000000000e+00
1.871287128712871431e-03 0.000000000000000000e+00 5.660171313243523628e+02 2.720537559569184138e-05 4.450380688570087955e+02 1.420748849701474319e+04 8.575586499114926937e+02 0.000000000000000000e+00
1.940594059405940800e-03 0.000000000000000000e+00 5.526875400031902927e+02 2.711166163986231199e-05 4.443779708035161207e+02 1.392908761604850588e+04 8.643209665426625179e+02 0.000000000000000000e+00
2.009900990099009951e-03 0.000000000000000000e+00 5.181231536229631729e+02 2.585915284107030969e-05 4.342843987164439454e+02 1.312272709604706142e+04 0.000000000000000000e+00 5.609148744859492581e+03
2.079207920792079320e-03 0.000000000000000000e+00 5.181231536229631729e+02 2.585915284107030969e-05 4.342843987164439454e+02 1.312272709604706142e+04 0.000000000000000000e+00 5.609148744859492581e+03
2.148514851485148688e-03 0.000000000000000000e+00 5.181231536229631729e+02 2.585915284107030969e-05 4.342843987164439454e+02 1.312272709604706142e+04 0.000000000000000000e+00 5.609148744859492581e+03
2.217821782178218057e-03 0.000000000000000000e+00 5.181231536229631729e+02 2.585915284107030969e-05 4.342843987164439454e+02 1.312272709604706142e+04 0.000000000000000000e+00 5.609148744859492581e+03
2.287128712871287425e-03 0.000000000000000000e+00 5.181231536229631729e+02 2.585880737849002121e-05 4.342843987164439454e+02 1.312452491534689398e+04 0.000000000000000000e+00 5.609148744859492581e+03
2.356435643564356794e-03 0.000000000000000000e+00 5.181248936578016355e+02 2.585443818964791043e-05 4.342843854412773794e+02 1.313939502063276268e+04 0.000000000000000000e+00 5.609146060591237074e+03
2.425742574257426162e-03 0.000000000000000000e+00 5.181450554010843916e+02 2.583275686126915269e-05 4.342842095637805073e+02 1.318024339702374346e+04 0.000000000000000000e+00 5.609118583237613166e+03
2.495049504950495531e-03 0.000000000000000000e+00 5.182394324481506374e+02 2.574568139001065344e-05 4.342831861797356510e+02 1.326277968980809965e+04 0.000000000000000000e+00 5.609007806006535247e+03
2.564356435643564466e-03 0.000000000000000000e+00 5.185598319425644149e+02 2.542995055078793294e-05 4.342786883584801103e+02 1.340696741444003965e+04 0.000000000000000000e+00 5.608686849953229284e+03
2.633663366336633834e-03 0.000000000000000000e+00 5.194936794486707186e+02 2.444818328774582100e-05 4.342611788245924913e+02 1.363864669807131577e+04 0.000000000000000000e+00 5.607893295615783245e+03
2.702970297029703203e-03 0.000000000000000000e+00 5.219647517665198393e+02 2.281220956785712828e-05 4.341975972557960404e+02 1.396353982068314508e+04 0.000000000000000000e+00 5.606132498086082705e+03
2.772277227722772571e-03 0.000000000000000000e+00 5.279730017491143599e+02 2.072492823721106730e-05 4.339779465854889509e+02 1.438821208756457600e+04 0.000000000000000000e+00 5.602620567187312190e+03
2.841584158415841940e-03 0.000000000000000000e+00 5.420702376506072824e+02 1.821477468652414689e-05 4.332133591422626182e+02 1.493625780791155194e+04 0.000000000000000000e+00 5.595989992819128929e+03
2.910891089108911308e-03 0.000000000000000000e+00 5.758961016939604178e+02 1.520639375832721668e-05 4.303694342578225474e+02 1.565982847558686990e+04 0.000000000000000000e+00 5.583416270418032582e+03
2.980198019801980677e-03 0.000000000000000000e+00 6.433330755134346646e+02 1.150142707378892306e-05 4.226583616165631838e+02 1.657590033588031292e+04 0.000000000000000000e+00 5.562638735958226789e+03
3.049504950495049611e-03 0.000000000000000000e+00 8.015911880509730736e+02 1.248296649727186166e-05 4.780987855166957274e+02 1.880316701966536129e+04 0.000000000000000000e+00 0.000000000000000000e+00
3.118811881188118980e-03 0.000000000000000000e+00 8.015911880509730736e+02 1.248296649727186166e-05 4.780987855166957274e+02 1.880316701966536129e+04 0.000000000000000000e+00 0.000000000000000000e+00
3.188118811881188348e-03 0.000000000000000000e+00 8.015911880509730736e+02 1.248296649727186166e-05 4.780987855166957274e+02 1.880316701966536129e+04 0.000000000000000000e+00 0.000000000000000000e+00
3.257425742574257717e-03 0.000000000000000000e+00 8.015911880509730736e+02 1.248297977629133536e-05 4.780987855166957274e+02 1.880297779164024178e+04 0.000000000000000000e+00 0.000000000000000000e+00
3.326732673267327085e-03 0.000000000000000000e+00 8.015905916672480771e+02 1.248374280026023885e-05 4.780987868416931406e+02 1.879592440601272756e+04 0.000000000000000000e+00 0.000000000000000000e+00
3.396039603960396454e-03 0.000000000000000000e+00 8.015662405745664501e+02 1.248898684820035879e-05 4.780988526379346126e+02 1.877051276961583790e+04 0.000000000000000000e+00 0.000000000000000000e+00
3.465346534653465822e-03 0.000000000000000000e+00 8.014360662147513494e+02 1.251332178989478471e-05 4.780993584595994434e+02 1.871540299205848351e+04 0.000000000000000000e+00 0.000000000000000000e+00
3.534653465346535191e-03 0.000000000000000000e+00 8.010036472283001103e+02 1.261195832663691661e-05 4.781018947264942085e+02 1.861662376378642875e+04 0.000000000000000000e+00 0.000000000000000000e+00
3.603960396039604559e-03 0.000000000000000000e+00 7.998409847580884389e+02 1.298434836850005060e-05 4.781125702838106690e+02 1.845593478999660874e+04 0.000000000000000000e+00 0.000000000000000000e+00
3.673267326732673494e-03 0.000000000000000000e+00 7.970488927379927873e+02 1.390960773658689207e-05 4.781539973784807103e+02 1.822328107703289061e+04 0.000000000000000000e+00 0.000000000000000000e+00
3.742574257425742863e-03 0.000000000000000000e+00 7.910356611622254377e+02 1.540828276397186334e-05 4.783047551192134392e+02 1.792439544467308224e+04 0.000000000000000000e+00 0.000000000000000000e+00
3.811881188118812231e-03 0.000000000000000000e+00 7.790028378772354927e+02 1.763330145387212406e-05 4.788435709300281360e+02 1.755019152829662198e+04 0.000000000000000000e+00 0.000000000000000000e+00
3.881188118811881600e-03 0.000000000000000000e+00 7.552671446978091581e+02 2.090071064961404176e-05 4.808439685503794294e+02 1.707606278928815300e+04 0.000000000000000000e+00 0.000000000000000000e+00
3.950495049504950534e-03 0.000000000000000000e+00 7.067554226011149012e+02 2.595463898822476871e-05 4.887256815246389579e+02 1.645140710266246242e+04 0.000000000000000000e+00 0.000000000000000000e+00
4.019801980198019903e-03 0.000000000000000000e+00 5.764161635346061985e+02 2.740243724060531091e-05 4.452787077575443391e+02 1.490810496372323723e+04 8.537338912154056061e+02 0.000000000000000000e+00
4.089108910891089271e-03 0.000000000000000000e+00 5.762356262288284370e+02 2.739315050841560284e-05 4.452777209207690703e+02 1.484039107384039016e+04 8.537714329292116417e+02 0.000000000000000000e+00
4.158415841584158640e-03 0.000000000000000000e+00 5.757589187399248658e+02 2.736846664377236277e-05 4.452739921662264919e+02 1.473831229114261077e+04 8.538864742688300566e+02 0.000000000000000000e+00
4.227722772277228008e-03 0.000000000000000000e+00 5.746192831713092346e+02 2.733027297933702531e-05 4.452608371379844812e+02 1.460410461476889577e+04 8.542090883596622461e+02 0.000000000000000000e+00
4.297029702970297377e-03 0.000000000000000000e+00 5.720935699009859263e+02 2.727809271076080987e-05 4.452159063342404579e+02 1.443852743975253543e+04 8.550605797879625243e+02 0.000000000000000000e+00
4.366336633663366745e-03 0.000000000000000000e+00 5.666003718736654946e+02 2.720443550829966628e-05 4.450586262514410123e+02 1.424635487525755889e+04 8.572995358011869484e+02 0.000000000000000000e+00
4.435643564356436114e-03 0.000000000000000000e+00 5.540633241076209288e+02 2.708475318038224252e-05 4.444562973744651799e+02 1.402141023327033326e+04 8.635802958907372613e+02 0.000000000000000000e+00
4.504950495049505482e-03 0.000000000000000000e+00 5.182659824353099793e+02 2.572139492685034351e-05 4.342828634383550934e+02 1.327897251937807596e+04 0.000000000000000000e+00 5.608978888052506591e+03
4.574257425742574851e-03 0.000000000000000000e+00 5.186417841657350891e+02 2.534396133702688459e-05 4.342773776865132049e+02 1.343409296454363721e+04 0.000000000000000000e+00 5.608611039202857683e+03
4.643564356435644219e-03 0.000000000000000000e+00 5.197224765467518637e+02 2.424568474198332503e-05 4.342561958481642819e+02 1.367928255828785223e+04 0.000000000000000000e+00 5.607714526752202801e+03
4.712871287128713588e-03 0.000000000000000000e+00 5.225398846698332136e+02 2.253942883869435138e-05 4.341801446817145234e+02 1.401757215159371299e+04 0.000000000000000000e+00 5.605760548535504313e+03
4.782178217821782956e-03 0.000000000000000000e+00 5.293335459803690810e+02 2.038959152422127862e-05 4.339180249154140938e+02 1.445680376710904602e+04 0.000000000000000000e+00 5.601907017354358686e+03
4.851485148514852325e-03 0.000000000000000000e+00 5.452602335102835696e+02 1.781183513862317279e-05 4.330007899584740585e+02 1.501469091222640054e+04 0.000000000000000000e+00 5.594631719253434312e+03
4.920792079207921693e-03 0.000000000000000000e+00 5.838140234809012554e+02 1.471311511456599100e-05 4.295368544881517323e+02 1.573953394516883600e+04 0.000000000000000000e+00 5.580527695406443854e+03
4.990099009900991062e-03 0.000000000000000000e+00 6.515282087773055082e+02 1.122752294588427125e-05 4.216774099766580548e+02 1.655659367811616175e+04 0.000000000000000000e+00 5.558786236214533346e+03
5.059405940594059563e-03 0.000000000000000000e+00 8.007049202477195422e+02 1.269523241337770699e-05 4.781041860328416533e+02 1.856497562593081966e+04 0.000000000000000000e+00 0.000000000000000000e+00
5.128712871287128931e-03 0.000000000000000000e+00 7.990909786747839689e+02 1.325310369894660747e-05 4.781217147188691570e+02 1.836768944774725605e+04 0.000000000000000000e+00 0.000000000000000000e+00
5.198019801980198300e-03 0.000000000000000000e+00 7.953468323489051954e+02 1.437313357103532677e-05 4.781879586148014596e+02 1.808707205038335087e+04 0.000000000000000000e+00 0.000000000000000000e+00
5.267326732673267668e-03 0.000000000000000000e+00 7.875069817466186350e+02 1.610399069001620649e-05 4.784259568909341738e+02 1.771944853919308298e+04 0.000000000000000000e+00 0.000000000000000000e+00
5.336633663366337037e-03 0.000000000000000000e+00 7.719339716283557209e+02 1.864066381937139370e-05 4.792840443257657057e+02 1.725682671041967114e+04 0.000000000000000000e+00 0.000000000000000000e+00
5.405940594059406405e-03 0.000000000000000000e+00 7.408247628794407547e+02 2.238205976041738237e-05 4.825722365237452323e+02 1.668021848290234993e+04 0.000000000000000000e+00 0.000000000000000000e+00
5.475247524752475774e-03 0.000000000000000000e+00 6.844778471368601913e+02 2.808602698412454831e-05 4.925545684321267572e+02 1.598451235979005469e+04 0.000000000000000000e+00 0.000000000000000000e+00
5.544554455445545142e-03 0.000000000000000000e+00 5.725830940742686153e+02 2.696913744984106524e-05 4.452146032571970977e+02 1.469475087124076890e+04 8.549574306788648528e+02 0.000000000000000000e+00
5.613861386138614511e-03 0.000000000000000000e+00 5.680102110454188278e+02 2.611726602163423296e-05 4.450516501671282867e+02 1.470020168699680107e+04 8.569771884274721288e+02 0.000000000000000000e+00
5.683168316831683879e-03 0.000000000000000000e+00 5.578117191513778153e+02 2.447640490494486015e-05 4.444313942419175305e+02 1.473793300291142077e+04 8.626048611035248541e+02 0.000000000000000000e+00
5.752475247524753248e-03 0.000000000000000000e+00 5.256999968916352373e+02 2.136209996509712310e-05 4.340704938527586023e+02 1.425589923581382391e+04 0.000000000000000000e+00 5.603867895692090315e+03
5.821782178217822616e-03 0.000000000000000000e+00 5.367462585641031865e+02 1.897297242335683792e-05 4.335390108983137338e+02 1.476519436489100372e+04 0.000000000000000000e+00 5.598328548176457844e+03
5.891089108910891985e-03 0.000000000000000000e+00 5.628683656219084241e+02 1.610926439886614783e-05 4.316188278910026952e+02 1.543038884082145159e+04 0.000000000000000000e+00 5.587920366177711912e+03
5.960396039603961353e-03 0.000000000000000000e+00 6.247803078085588595e+02 1.257878878807827108e-05 4.247913696559501204e+02 1.633151653890947637e+04 0.000000000000000000e+00 5.568347242834244753e+03
6.029702970297030722e-03 0.000000000000000000e+00 8.015911880509730736e+02 1.248296649727186166e-05 4.780987855166957274e+02 1.880316701966536129e+04 0.000000000000000000e+00 0.000000000000000000e+00
6.099009900990099223e-03 0.000000000000000000e+00 8.015911880509730736e+02 1.248296649727186166e-05 4.780987855166957274e+02 1.880316701966536129e+04 0.000000000000000000e+00 0.000000000000000000e+00
6.168316831683168591e-03 0.000000000000000000e+00 8.015911880509730736e+02 1.248296649727186166e-05 4.780987855166957274e+02 1.880316701966536129e+04 0.000000000000000000e+00 0.000000000000000000e+00
6.237623762376237960e-03 0.000000000000000000e+00 8.015911880509730736e+02 1.248296649727186166e-05 4.780987855166957274e+02 1.880316701966536129e+04 0.000000000000000000e+00 0.000000000000000000e+00
6.306930693069307328e-03 0.000000000000000000e+00 8.015911880509730736e+02 1.248296649727186166e-05 4.780987855166957274e+02 1.880316701966536129e+04 0.000000000000000000e+00 0.000000000000000000e+00
6.376237623762376697e-03 0.000000000000000000e+00 8.015911880509730736e+02 1.248296649727186166e-05 4.780987855166957274e+02 1.880316701966536129e+04 0.000000000000000000e+00 0.000000000000000000e+00
6.445544554455446065e-03 0.000000000000000000e+00 8.015911880509730736e+02 1.248296649727186166e-05 4.780987855166957274e+02 1.880316701966536129e+04 0.000000000000000000e+00 0.000000000000000000e+00
6.514851485148515434e-03 0.000000000000000000e+00 8.015911880509730736e+02 1.248296649727186166e-05 4.780987855166957274e+02 1.880316701966536129e+04 0.000000000000000000e+00 0.000000000000000000e+00
6.584158415841584802e-03 0.000000000000000000e+00 8.015911880509730736e+02 1.248296649727186505e-05 4.780987855166957274e+02 1.880316701966536129e+04 0.000000000000000000e+00 0.000000000000000000e+00
6.653465346534654171e-03 0.000000000000000000e+00 8.015911880509730736e+02 1.248296649727186843e-05 4.780987855166957274e+02 1.880316701966536129e+04 0.000000000000000000e+00 0.000000000000000000e+00
6.722772277227723539e-03 0.000000000000000000e+00 8.015911880509730736e+02 1.248296649727186843e-05 4.780987855166957274e+02 1.880316701966536129e+04 0.000000000000000000e+00 0.000000000000000000e+00
6.792079207920792908e-03 0.000000000000000000e+00 8.015911880509729599e+02 1.248296649727186674e-05 4.780987855166957274e+02 1.880316701966536129e+04 0.000000000000000000e+00 0.000000000000000000e+00
6.861386138613862276e-03 0.000000000000000000e+00 8.015911880509729599e+02 1.248296649727186674e-05 4.780987855166957274e+02 1.880316701966536129e+04 0.000000000000000000e+00 0.000000000000000000e+00
6.930693069306931645e-03 0.000000000000000000e+00 0.000000000000000000e+00 0.000000000000000000e+00 0.000000000000000000e+00 0.000000000000000000e+00 0.000000000000000000e+00 0.000000000000000000e+00
