0.000000000000000000e+00 1.000000000000000000e+00 6.000000000000000000e+00 7.000000000000000000e+00 8.000000000000000000e+00 1.400000000000000000e+01 2.600000000000000000e+01 2.900000000000000000e+01
0.000000000000000000e+00 0.000000000000000000e+00 8.015911880509730736e+02 1.248296649727186166e-05 4.780987855166957274e+02 1.880316701966536129e+04 0.000000000000000000e+00 0.000000000000000000e+00
6.930693069306931428e-05 0.000000000000000000e+00 8.015911880509730736e+02 1.248296649727186166e-05 4.780987855166957274e+02 1.880316701966536129e+04 0.000000000000000000e+00 0.000000000000000000e+00
1.386138613861386286e-04 0.000000000000000000e+00 8.015911880509730736e+02 1.248296649727186166e-05 4.780987855166957274e+02 1.880316701966536129e+04 0.000000000000000000e+00 0.000000000000000000e+00
2.079207920792079428e-04 0.000000000000000000e+00 8.015911880509730736e+02 1.248296649727186166e-05 4.780987855166957274e+02 1.880316701966536129e+04 0.000000000000000000e+00 0.000000000000000000e+00
2.772277227722772571e-04 0.000000000000000000e+00 8.015911880509730736e+02 1.248296649727186166e-05 4.780987855166957274e+02 1.880316701966536129e+04 0.000000000000000000e+00 0.000000000000000000e+00
3.465346534653465714e-04 0.000000000000000000e+00 8.015880881638868232e+02 1.248316144145814526e-05 4.780987927111284534e+02 1.880091886140369752e+04 0.000000000000000000e+00 0.000000000000000000e+00
4.158415841584158857e-04 0.000000000000000000e+00 8.015451714284067748e+02 1.248576166192201284e-05 4.780989214038573891e+02 1.878433618925705014e+04 0.000000000000000000e+00 0.000000000000000000e+00
4.851485148514851999e-04 0.000000000000000000e+00 8.013557307473713536e+02 1.250070683952545048e-05 4.780997483702504383e+02 1.874043454345585269e+04 0.000000000000000000e+00 0.000000000000000000e+00
5.544554455445545142e-04 0.000000000000000000e+00 8.007723046475243791e+02 1.257059171845173135e-05 4.781036378470145110e+02 1.865420513396399838e+04 0.000000000000000000e+00 0.000000000000000000e+00
6.237623762376238827e-04 0.000000000000000000e+00 7.992647155556574035e+02 1.286690612853847642e-05 4.781195011635729770e+02 1.850571188624567731e+04 0.000000000000000000e+00 0.000000000000000000e+00
6.930693069306931428e-04 0.000000000000000000e+00 7.957478084106686538e+02 1.372518577590224517e-05 4.781798916737778882e+02 1.827941083007166890e+04 0.000000000000000000e+00 0.000000000000000000e+00
7.623762376237624028e-04 0.000000000000000000e+00 7.883765452254576758e+02 1.518446977066977974e-05 4.783973393693295293e+02 1.798064754916683523e+04 0.000000000000000000e+00 0.000000000000000000e+00
8.316831683168317713e-04 0.000000000000000000e+00 7.737684570734637646e+02 1.739993786024371400e-05 4.791796422282496906e+02 1.760201385864743497e+04 0.000000000000000000e+00 0.000000000000000000e+00
9.009900990099011398e-04 0.000000000000000000e+00 7.447407979153227870e+02 2.073749803870785099e-05 4.821561300672818220e+02 1.711877382924673657e+04 0.000000000000000000e+00 0.000000000000000000e+00
9.702970297029703999e-04 0.000000000000000000e+00 6.903104956077911538e+02 2.623850944276674159e-05 4.918959501315380294e+02 1.644843176416974165e+04 0.000000000000000000e+00 0.000000000000000000e+00
1.039603960396039660e-03 0.000000000000000000e+00 5.764948532868431812e+02 2.740587020076932525e-05 4.452789964779636307e+02 1.498201838697974199e+04 8.537201245732951520e+02 0.000000000000000000e+00
1.108910891089109028e-03 0.000000000000000000e+00 5.764948532868431812e+02 2.740587020076932525e-05 4.452789964779636307e+02 1.498201838697974199e+04 8.537201245732951520e+02 0.000000000000000000e+00
1.178217821782178397e-03 0.000000000000000000e+00 5.764948532868431812e+02 2.740587020076932525e-05 4.452789964779636307e+02 1.498201838697974199e+04 8.537201245732951520e+02 0.000000000000000000e+00
1.247524752475247765e-03 0.000000000000000000e+00 5.764948532868431812e+02 2.740587020076932525e-05 4.452789964779636307e+02 1.498201838697974199e+04 8.537201245732951520e+02 0.000000000000000000e+00
1.316831683168316917e-03 0.000000000000000000e+00 5.764948333293041287e+02 2.740586918701667530e-05 4.452789964366788240e+02 1.498187481351539827e+04 8.537201272137535852e+02 0.000000000000000000e+00
1.386138613861386286e-03 0.000000000000000000e+00 5.764920631582155011e+02 2.740582521321779263e-05 4.452789900853768472e+02 1.497786421838913338e+04 8.537205200544005947e+02 0.000000000000000000e+00
1.455445544554455654e-03 0.000000000000000000e+00 5.764743108640190030e+02 2.740553731481640853e-05 4.452789374744112365e+02 1.496398838849067761e+04 8.537233550380791485e+02 0.000000000000000000e+00
1.524752475247524806e-03 0.000000000000000000e+00 5.764085751073216670e+02 2.740419476185438358e-05 4.452786737263227224e+02 1.493360634909709188e+04 8.537353451479224304e+02 0.000000000000000000e+00
1.594059405940594174e-03 0.000000000000000000e+00 5.762147822227597089e+02 2.739868071654657752e-05 4.452775888793948980e+02 1.487842258013861465e+04 8.537760582004108301e+02 0.000000000000000000e+00
1.663366336633663543e-03 0.000000000000000000e+00 5.757057292828498021e+02 2.737971892761190373e-05 4.452735028984724863e+02 1.478828870993275814e+04 8.539002328426383883e+02 0.000000000000000000e+00
1.732673267326732911e-03 0.000000000000000000e+00 5.744974617247092965e+02 2.734500458431606064e-05 4.452591481595810023e+02 1.466251525245563425e+04 8.542463530692642735e+02 0.000000000000000000e+00
1.801980198019802280e-03 0.000000000000000000e+00 5.718284874514916964e+02 2.729603899000201703e-05 4.452101329876839486e+02 1.450050986353153530e+04 8.551578188321060452e+02 0.000000000000000000e+00
1.871287128712871431e-03 0.000000000000000000e+00 5.660171313243523628e+02 2.723026871430097855e-05 4.450380688570087955e+02 1.429427949704779894e+04 8.575586499114926937e+02 0.000000000000000000e+00
1.940594059405940800e-03 0.000000000000000000e+00 5.526875400031902927e+02 2.713955747442759817e-05 4.443779708035161207e+02 1.402277166373414366e+04 8.643209665426625179e+02 0.000000000000000000e+00
2.009900990099009951e-03 0.000000000000000000e+00 5.181231536229631729e+02 2.585915284107030969e-05 4.342843987164439454e+02 1.312272709604706142e+04 0.000000000000000000e+00 5.609148744859492581e+03
2.079207920792079320e-03 0.000000000000000000e+00 5.181231536229631729e+02 2.585915284107030969e-05 4.342843987164439454e+02 1.312272709604706142e+04 0.000000000000000000e+00 5.609148744859492581e+03
2.148514851485148688e-03 0.000000000000000000e+00 5.181231536229631729e+02 2.585915284107030969e-05 4.342843987164439454e+02 1.312272709604706142e+04 0.000000000000000000e+00 5.609148744859492581e+03
2.217821782178218057e-03 0.000000000000000000e+00 5.181231536229631729e+02 2.585915284107030969e-05 4.342843987164439454e+02 1.312272709604706142e+04 0.000000000000000000e+00 5.609148744859492581e+03
2.287128712871287425e-03 0.000000000000000000e+00 5.181231536229631729e+02 2.585915284107030969e-05 4.342843987164439454e+02 1.312272709604706142e+04 0.000000000000000000e+00 5.609148744859492581e+03
2.356435643564356794e-03 0.000000000000000000e+00 5.181248936578016355e+02 2.585836984091845509e-05 4.342843854412773794e+02 1.312643122502156257e+04 0.000000000000000000e+00 5.609146060591237074e+03
2.425742574257426162e-03 0.000000000000000000e+00 5.181450554010843916e+02 2.585075416111570973e-05 4.342842095637805073e+02 1.314796163761213757e+04 0.000000000000000000e+00 5.609118583237613166e+03
2.495049504950495531e-03 0.000000000000000000e+00 5.182394324481506374e+02 2.581208527390472097e-05 4.342831861797356510e+02 1.320303837834827573e+04 0.000000000000000000e+00 5.609007806006535247e+03
2.564356435643564466e-03 0.000000000000000000e+00 5.185598319425644149e+02 2.564890290355887088e-05 4.342786883584801103e+02 1.331124947207475270e+04 0.000000000000000000e+00 5.608686849953229284e+03
2.633663366336633834e-03 0.000000000000000000e+00 5.194936794486707186e+02 2.502114319079277308e-05 4.342611788245924913e+02 1.349989622333043917e+04 0.000000000000000000e+00 5.607893295615783245e+03
2.702970297029703203e-03 0.000000000000000000e+00 5.219647517665198393e+02 2.357508417935197620e-05 4.341975972557960404e+02 1.378873032779111054e+04 0.000000000000000000e+00 5.606132498086082705e+03
2.772277227722772571e-03 0.000000000000000000e+00 5.279730017491143599e+02 2.157775743073023076e-05 4.339779465854889509e+02 1.417981490999026573e+04 0.000000000000000000e+00 5.602620567187312190e+03
2.841584158415841940e-03 0.000000000000000000e+00 5.420702376506072824e+02 1.910408783306053235e-05 4.332133591422626182e+02 1.469376592355790490e+04 0.000000000000000000e+00 5.595989992819128929e+03
2.910891089108911308e-03 0.000000000000000000e+00 5.758961016939604178e+02 1.607722506500691324e-05 4.303694342578225474e+02 1.538107477556739286e+04 0.000000000000000000e+00 5.583416270418032582e+03
2.980198019801980677e-03 0.000000000000000000e+00 6.433330755134346646e+02 1.203541048596805767e-05 4.226583616165631838e+02 1.640231699397629563e+04 0.000000000000000000e+00 5.562638735958226789e+03
3.049504950495049611e-03 0.000000000000000000e+00 8.015911880509730736e+02 1.248296649727186166e-05 4.780987855166957274e+02 1.880316701966536129e+04 0.000000000000000000e+00 0.000000000000000000e+00
3.118811881188118980e-03 0.000000000000000000e+00 8.015911880509730736e+02 1.248296649727186166e-05 4.780987855166957274e+02 1.880316701966536129e+04 0.000000000000000000e+00 0.000000000000000000e+00
3.188118811881188348e-03 0.000000000000000000e+00 8.015911880509730736e+02 1.248296649727186166e-05 4.780987855166957274e+02 1.880316701966536129e+04 0.000000000000000000e+00 0.000000000000000000e+00
3.257425742574257717e-03 0.000000000000000000e+00 8.015911880509730736e+02 1.248296649727186166e-05 4.780987855166957274e+02 1.880316701966536129e+04 0.000000000000000000e+00 0.000000000000000000e+00
3.326732673267327085e-03 0.000000000000000000e+00 8.015905916672480771e+02 1.248302051639761934e-05 4.780987868416931406e+02 1.880245915633785626e+04 0.000000000000000000e+00 0.000000000000000000e+00
3.396039603960396454e-03 0.000000000000000000e+00 8.015662405745664501e+02 1.248446147518095395e-05 4.780988526379346126e+02 1.879127517830775832e+04 0.000000000000000000e+00 0.000000000000000000e+00
3.465346534653465822e-03 0.000000000000000000e+00 8.014360662147513494e+02 1.249384232333849896e-05 4.780993584595994434e+02 1.875656370737294856e+04 0.000000000000000000e+00 0.000000000000000000e+00
3.534653465346535191e-03 0.000000000000000000e+00 8.010036472283001103e+02 1.253928347110719819e-05 4.781018947264942085e+02 1.868414891624140364e+04 0.000000000000000000e+00 0.000000000000000000e+00
3.603960396039604559e-03 0.000000000000000000e+00 7.998409847580884389e+02 1.273714401685152984e-05 4.781125702838106690e+02 1.855583025270711005e+04 0.000000000000000000e+00 0.000000000000000000e+00
3.673267326732673494e-03 0.000000000000000000e+00 7.970488927379927873e+02 1.342187825784406027e-05 4.781539973784807103e+02 1.835150433896122195e+04 0.000000000000000000e+00 0.000000000000000000e+00
3.742574257425742863e-03 0.000000000000000000e+00 7.910356611622254377e+02 1.470045364166647938e-05 4.783047551192134392e+02 1.807377014939769288e+04 0.000000000000000000e+00 0.000000000000000000e+00
3.811881188118812231e-03 0.000000000000000000e+00 7.790028378772354927e+02 1.667210875203046141e-05 4.788435709300281360e+02 1.771983927721855071e+04 0.000000000000000000e+00 0.000000000000000000e+00
3.881188118811881600e-03 0.000000000000000000e+00 7.552671446978091581e+02 1.962754368848457039e-05 4.808439685503794294e+02 1.726768788415961899e+04 0.000000000000000000e+00 0.000000000000000000e+00
3.950495049504950534e-03 0.000000000000000000e+00 7.067554226011149012e+02 2.427388173420582035e-05 4.887256815246389579e+02 1.665984152673108838e+04 0.000000000000000000e+00 0.000000000000000000e+00
4.019801980198019903e-03 0.000000000000000000e+00 5.764161635346061985e+02 2.740437035045591036e-05 4.452787077575443391e+02 1.493649486731146499e+04 8.537338912154056061e+02 0.000000000000000000e+00
4.089108910891089271e-03 0.000000000000000000e+00 5.762356262288284370e+02 2.739937867216336165e-05 4.452777209207690703e+02 1.488341685580488956e+04 8.537714329292116417e+02 0.000000000000000000e+00
4.158415841584158640e-03 0.000000000000000000e+00 5.757589187399248658e+02 2.738162972931157797e-05 4.452739921662264919e+02 1.479591068716056907e+04 8.538864742688300566e+02 0.000000000000000000e+00
4.227722772277228008e-03 0.000000000000000000e+00 5.746192831713092346e+02 2.734796311385025936e-05 4.452608371379844812e+02 1.467262591644444910e+04 8.542090883596622461e+02 0.000000000000000000e+00
4.297029702970297377e-03 0.000000000000000000e+00 5.720935699009859263e+02 2.730002591001992105e-05 4.452159063342404579e+02 1.451335231342855695e+04 8.550605797879625243e+02 0.000000000000000000e+00
4.366336633663366745e-03 0.000000000000000000e+00 5.666003718736654946e+02 2.723434374964263930e-05 4.450586262514410123e+02 1.431640850351062727e+04 8.572995358011869484e+02 0.000000000000000000e+00
4.435643564356436114e-03 0.000000000000000000e+00 5.540633241076209288e+02 2.713556415824797702e-05 4.444562973744651799e+02 1.407756407304848835e+04 8.635802958907372613e+02 0.000000000000000000e+00
4.504950495049505482e-03 0.000000000000000000e+00 5.182659824353099793e+02 2.580055945512212514e-05 4.342828634383550934e+02 1.321463012963220172e+04 0.000000000000000000e+00 5.608978888052506591e+03
4.574257425742574851e-03 0.000000000000000000e+00 5.186417841657350891e+02 2.560178579865888044e-05 4.342773776865132049e+02 1.333247967423593400e+04 0.000000000000000000e+00 5.608611039202857683e+03
4.643564356435644219e-03 0.000000000000000000e+00 5.197224765467518637e+02 2.485525018691171344e-05 4.342561958481642819e+02 1.353527757679046408e+04 0.000000000000000000e+00 5.607714526752202801e+03
4.712871287128713588e-03 0.000000000000000000e+00 5.225398846698332136e+02 2.331788433353316383e-05 4.341801446817145234e+02 1.383818025235543973e+04 0.000000000000000000e+00 5.605760548535504313e+03
4.782178217821782956e-03 0.000000000000000000e+00 5.293335459803690810e+02 2.125544902864613642e-05 4.339180249154140938e+02 1.424486405297322744e+04 0.000000000000000000e+00 5.601907017354358686e+03
4.851485148514852325e-03 0.000000000000000000e+00 5.452602335102835696e+02 1.871115305497230897e-05 4.330007899584740585e+02 1.477696012229901862e+04 0.000000000000000000e+00 5.594631719253434312e+03
4.920792079207921693e-03 0.000000000000000000e+00 5.838140234809012554e+02 1.559605158575048017e-05 4.295368544881517323e+02 1.548034895318514100e+04 0.000000000000000000e+00 5.580527695406443854e+03
4.990099009900991062e-03 0.000000000000000000e+00 6.515282087773055082e+02 1.145409977281373669e-05 4.216774099766580548e+02 1.652147912557914242e+04 0.000000000000000000e+00 5.558786236214533346e+03
5.059405940594059563e-03 0.000000000000000000e+00 8.007049202477195422e+02 1.258092526376980552e-05 4.781041860328416533e+02 1.864582610840475172e+04 0.000000000000000000e+00 0.000000000000000000e+00
5.128712871287128931e-03 0.000000000000000000e+00 7.990909786747839689e+02 1.290840985458782679e-05 4.781217147188691570e+02 1.848807475257584883e+04 0.000000000000000000e+00 0.000000000000000000e+00
5.198019801980198300e-03 0.000000000000000000e+00 7.953468323489051954e+02 1.380888486320699609e-05 4.781879586148014596e+02 1.824172342908955034e+04 0.000000000000000000e+00 0.000000000000000000e+00
5.267326732673267668e-03 0.000000000000000000e+00 7.875069817466186350e+02 1.531378280678652887e-05 4.784259568909341738e+02 1.790563892730909720e+04 0.000000000000000000e+00 0.000000000000000000e+00
5.336633663366337037e-03 0.000000000000000000e+00 7.719339716283557209e+02 1.758895888208944096e-05 4.792840443257657057e+02 1.746471238526628440e+04 0.000000000000000000e+00 0.000000000000000000e+00
5.405940594059406405e-03 0.000000000000000000e+00 7.408247628794407547e+02 2.100880811333387204e-05 4.825722365237452323e+02 1.689693836165056564e+04 0.000000000000000000e+00 0.000000000000000000e+00
5.475247524752475774e-03 0.000000000000000000e+00 6.844778471368601913e+02 2.671775315703104676e-05 4.925545684321267572e+02 1.613048005443915281e+04 0.000000000000000000e+00 0.000000000000000000e+00
5.544554455445545142e-03 0.000000000000000000e+00 5.725830940742686153e+02 2.715576015979174806e-05 4.452146032571970977e+02 1.468266583823845940e+04 8.549574306788648528e+02 0.000000000000000000e+00
5.613861386138614511e-03 0.000000000000000000e+00 5.680102110454188278e+02 2.664008267092556829e-05 4.450516501671282867e+02 1.465339273325530667e+04 8.569771884274721288e+02 0.000000000000000000e+00
5.683168316831683879e-03 0.000000000000000000e+00 5.578117191513778153e+02 2.525587317613800029e-05 4.444313942419175305e+02 1.466188914554931398e+04 8.626048611035248541e+02 0.000000000000000000e+00
5.752475247524753248e-03 0.000000000000000000e+00 5.256999968916352373e+02 2.219818397579241830e-05 4.340704938527586023e+02 1.405656482982038142e+04 0.000000000000000000e+00 5.603867895692090315e+03
5.821782178217822616e-03 0.000000000000000000e+00 5.367462585641031865e+02 1.986128229356304560e-05 4.335390108983137338e+02 1.453182621278547595e+04 0.000000000000000000e+00 5.598328548176457844e+03
5.891089108910891985e-03 0.000000000000000000e+00 5.628683656219084241e+02 1.700459712467273469e-05 4.316188278910026952e+02 1.516105782492030994e+04 0.000000000000000000e+00 5.587920366177711912e+03
5.960396039603961353e-03 0.000000000000000000e+00 6.247803078085588595e+02 1.342971846125408731e-05 4.247913696559501204e+02 1.605217812247557595e+04 0.000000000000000000e+00 5.568347242834244753e+03
6.029702970297030722e-03 0.000000000000000000e+00 8.015911880509730736e+02 1.248296649727186166e-05 4.780987855166957274e+02 1.880316701966536129e+04 0.000000000000000000e+00 0.000000000000000000e+00
6.099009900990099223e-03 0.000000000000000000e+00 8.015911880509730736e+02 1.248296649727186166e-05 4.780987855166957274e+02 1.880316701966536129e+04 0.000000000000000000e+00 0.000000000000000000e+00
6.168316831683168591e-03 0.000000000000000000e+00 8.015911880509730736e+02 1.248296649727186166e-05 4.780987855166957274e+02 1.880316701966536129e+04 0.000000000000000000e+00 0.000000000000000000e+00
6.237623762376237960e-03 0.000000000000000000e+00 8.015911880509730736e+02 1.248296649727186166e-05 4.780987855166957274e+02 1.880316701966536129e+04 0.000000000000000000e+00 0.000000000000000000e+00
6.306930693069307328e-03 0.000000000000000000e+00 8.015911880509730736e+02 1.248296649727186166e-05 4.780987855166957274e+02 1.880316701966536129e+04 0.000000000000000000e+00 0.000000000000000000e+00
6.376237623762376697e-03 0.000000000000000000e+00 8.015911880509730736e+02 1.248296649727186166e-05 4.780987855166957274e+02 1.880316701966536129e+04 0.000000000000000000e+00 0.000000000000000000e+00
6.445544554455446065e-03 0.000000000000000000e+00 8.015911880509730736e+02 1.248296649727186166e-05 4.780987855166957274e+02 1.880316701966536129e+04 0.000000000000000000e+00 0.000000000000000000e+00
6.514851485148515434e-03 0.000000000000000000e+00 8.015911880509730736e+02 1.248296649727186166e-05 4.780987855166957274e+02 1.880316701966536129e+04 0.000000000000000000e+00 0.000000000000000000e+00
6.584158415841584802e-03 0.000000000000000000e+00 8.015911880509730736e+02 1.248296649727186674e-05 4.780987855166957274e+02 1.880316701966536129e+04 0.000000000000000000e+00 0.000000000000000000e+00
6.653465346534654171e-03 0.000000000000000000e+00 8.015911880509730736e+02 1.248296649727186505e-05 4.780987855166957274e+02 1.880316701966536129e+04 0.000000000000000000e+00 0.000000000000000000e+00
6.722772277227723539e-03 0.000000000000000000e+00 8.015911880509730736e+02 1.248296649727186843e-05 4.780987855166957274e+02 1.880316701966536129e+04 0.000000000000000000e+00 0.000000000000000000e+00
6.792079207920792908e-03 0.000000000000000000e+00 8.015911880509729599e+02 1.248296649727187352e-05 4.780987855166957274e+02 1.880316701966536129e+04 0.000000000000000000e+00 0.000000000000000000e+00
6.861386138613862276e-03 0.000000000000000000e+00 8.015911880509729599e+02 1.248296649727187182e-05 4.780987855166957274e+02 1.880316701966536129e+04 0.000000000000000000e+00 0.000000000000000000e+00
6.930693069306931645e-03 0.000000000000000000e+00 0.000000000000000000e+00 0.000000000000000000e+00 0.000000000000000000e+00 0.000000000000000000e+00 0.000000000000000000e+00 0.000000000000000000e+00
