0.000000000000000000e+00 1.000000000000000000e+00 6.000000000000000000e+00 7.000000000000000000e+00 8.000000000000000000e+00 1.400000000000000000e+01 2.600000000000000000e+01
0.000000000000000000e+00 0.000000000000000000e+00 2.961733204098326496e+03 1.149101896549962684e-44 2.064545385078211893e+03 5.795928787008322119e-40 1.649793066927244809e+03
1.372549019607843107e-04 0.000000000000000000e+00 2.961797759013164978e+03 1.201272889851296845e-44 2.064545371567186521e+03 5.578551050708575667e-40 1.649792920858177240e+03
2.745098039215686215e-04 0.000000000000000000e+00 2.962014023027215899e+03 1.239066297455073183e-44 2.064545234764702855e+03 5.428109695226211094e-40 1.649791971746503805e+03
4.117647058823529051e-04 0.000000000000000000e+00 2.962757532573004482e+03 1.267763240522702099e-44 2.064543801287929909e+03 5.284011273262663793e-40 1.649785877281099374e+03
5.490196078431372429e-04 0.000000000000000000e+00 2.965411731279237301e+03 1.280180111928106794e-44 2.064527959170179201e+03 5.177816695004412517e-40 1.649745924624903637e+03
6.862745098039215808e-04 0.000000000000000000e+00 2.975395780172217201e+03 1.308975484124590729e-44 2.064339171534343222e+03 5.132162042105679191e-40 1.649470625640333083e+03
8.235294117647058102e-04 0.000000000000000000e+00 3.016536981586289585e+03 1.294673572353685177e-44 2.061774673450650425e+03 5.284609145527189149e-40 1.647360772576369754e+03
9.607843137254901481e-04 0.000000000000000000e+00 3.133014344920676194e+03 1.342734585528574118e-44 2.048289975592902465e+03 4.940448107279100811e-40 1.638920509868825775e+03
1.098039215686274486e-03 0.000000000000000000e+00 3.598731761968255796e+03 1.934741484334583574e-44 2.159211212061657989e+03 6.229412896804217309e-40 7.255271854979769910e-03
1.235294117647058824e-03 0.000000000000000000e+00 3.598378327274943786e+03 1.989630316286022223e-44 2.159211279705123616e+03 5.834774476667433753e-40 7.231767492636628596e-03
1.372549019607843162e-03 0.000000000000000000e+00 3.597308583161821844e+03 2.054248937602591168e-44 2.159211994353815498e+03 5.216509398191663829e-40 7.210043368149975096e-03
1.509803921568627499e-03 0.000000000000000000e+00 3.594008872548576619e+03 2.107646009399925178e-44 2.159219920461647234e+03 4.752266855327348181e-40 7.199274623035665892e-03
1.647058823529411620e-03 0.000000000000000000e+00 3.583441239610871435e+03 2.184764144876833678e-44 2.159314145622813157e+03 4.254185576881626264e-40 7.208409064066698818e-03
1.784313725490195958e-03 0.000000000000000000e+00 3.547284645759983960e+03 2.233444498986460485e-44 2.160559252704376377e+03 3.590449884753067992e-40 7.249504603380196865e-03
1.921568627450980296e-03 0.000000000000000000e+00 3.426801625148841140e+03 2.253150481959823920e-44 2.172850769615115041e+03 3.521465031189366570e-40 7.335142401272093035e-03
2.058823529411764851e-03 0.000000000000000000e+00 2.961704477616076019e+03 1.574528735008424487e-44 2.064545386618735847e+03 2.716321930352286852e-40 1.649793091351611793e+03
2.196078431372548972e-03 0.000000000000000000e+00 2.961704478068169919e+03 1.507895444332196384e-44 2.064545386618735847e+03 3.037939060111826192e-40 1.649793091351646126e+03
2.333333333333333093e-03 0.000000000000000000e+00 2.961704479422153781e+03 1.432072725722220495e-44 2.064545386618735847e+03 3.528228911327756798e-40 1.649793091351773683e+03
2.470588235294117647e-03 0.000000000000000000e+00 2.961704483469981369e+03 1.351502450062600178e-44 2.064545386618735847e+03 4.232587391394193542e-40 1.649793091352230931e+03
2.607843137254901768e-03 0.000000000000000000e+00 2.961704495702738768e+03 1.267428779887556058e-44 2.064545386618734483e+03 5.164804413762726776e-40 1.649793091353822547e+03
2.745098039215686323e-03 0.000000000000000000e+00 2.961704532797488355e+03 1.194443741682945859e-44 2.064545386618728116e+03 5.978317344506825853e-40 1.649793091359042364e+03
2.882352941176470444e-03 0.000000000000000000e+00 2.961704646329731986e+03 1.133649993196134994e-44 2.064545386618670364e+03 6.606028334657322179e-40 1.649793091374305050e+03
3.019607843137254999e-03 0.000000000000000000e+00 2.961704996170816685e+03 1.081845947260727135e-44 2.064545386618137400e+03 7.160547368881930360e-40 1.649793091406908388e+03
3.156862745098039120e-03 0.000000000000000000e+00 2.961706086471784147e+03 1.026964051086448295e-44 2.064545386613212941e+03 7.685685000315197321e-40 1.649793091389141182e+03
3.294117647058823241e-03 0.000000000000000000e+00 2.961709519288219781e+03 9.795573593540030530e-45 2.064545386567265723e+03 8.159222310558235170e-40 1.649793090528357880e+03
3.431372549019607796e-03 0.000000000000000000e+00 2.961720454865855118e+03 9.352338207793168254e-45 2.064545386133590910e+03 8.603883507304604053e-40 1.649793082775827770e+03
3.568627450980391917e-03 0.000000000000000000e+00 2.961755916957410136e+03 8.867104887506371130e-45 2.064545381957056179e+03 9.037757037462080886e-40 1.649793027322757098e+03
3.705882352941176471e-03 0.000000000000000000e+00 2.961873216235802829e+03 8.525529189737940417e-45 2.064545340425117047e+03 9.416960677274081117e-40 1.649792660481188022e+03
3.843137254901960592e-03 0.000000000000000000e+00 2.962270871252868801e+03 8.010668207445415882e-45 2.064544914540762875e+03 9.833599743314299006e-40 1.649790300510416955e+03
3.980392156862745147e-03 0.000000000000000000e+00 2.963660340100457688e+03 7.748829466281382359e-45 2.064540376102141181e+03 1.021695614654194622e-39 1.649775085902152568e+03
4.117647058823529702e-03 0.000000000000000000e+00 2.968732573540057274e+03 7.146051866110945132e-45 2.064488758272436371e+03 1.073617644198663015e-39 1.649673516810245928e+03
4.254901960784313389e-03 0.000000000000000000e+00 2.988496024050801225e+03 6.874040815485707845e-45 2.063847035762492396e+03 1.089170622363563644e-39 1.648948167223392147e+03
4.392156862745097944e-03 0.000000000000000000e+00 3.072529065794286453e+03 6.458724357966350568e-45 2.055574984541315644e+03 1.139055678803410990e-39 1.643398373876267215e+03
4.529411764705882498e-03 0.000000000000000000e+00 3.598906857164789926e+03 8.970573528613286531e-45 2.159211204738599918e+03 1.582043473845950757e-39 7.288998943932518612e-03
4.666666666666666186e-03 0.000000000000000000e+00 3.598906857164789926e+03 8.970573528613281552e-45 2.159211204738599918e+03 1.582043473845950431e-39 7.288998943932518612e-03
4.803921568627450740e-03 0.000000000000000000e+00 3.598906857164789926e+03 8.970573528613275329e-45 2.159211204738599918e+03 1.582043473845949126e-39 7.288998943932518612e-03
4.941176470588235295e-03 0.000000000000000000e+00 3.598906857164789926e+03 8.970573528613256660e-45 2.159211204738599918e+03 1.582043473845947168e-39 7.288998943932518612e-03
5.078431372549019850e-03 0.000000000000000000e+00 3.598906857164789926e+03 8.970573528613242970e-45 2.159211204738599918e+03 1.582043473845945537e-39 7.288998943932518612e-03
5.215686274509803537e-03 0.000000000000000000e+00 3.598906857164789926e+03 8.970573528613265372e-45 2.159211204738599918e+03 1.582043473845950431e-39 7.288998943932518612e-03
5.352941176470588092e-03 0.000000000000000000e+00 3.598906857164789926e+03 8.970573528613285286e-45 2.159211204738599918e+03 1.582043473845954020e-39 7.288998943932518612e-03
5.490196078431372646e-03 0.000000000000000000e+00 3.598906857164789926e+03 8.970573528613274085e-45 2.159211204738599918e+03 1.582043473845953041e-39 7.288998943932518612e-03
5.627450980392156334e-03 0.000000000000000000e+00 3.598906857164789926e+03 8.970573528613295243e-45 2.159211204738599918e+03 1.582043473845954999e-39 7.288998943932518612e-03
5.764705882352940888e-03 0.000000000000000000e+00 3.598906857164789926e+03 8.970573528613275329e-45 2.159211204738599918e+03 1.582043473845952062e-39 7.288998943932518612e-03
5.901960784313725443e-03 0.000000000000000000e+00 3.598906857164789926e+03 8.970573528613301466e-45 2.159211204738599918e+03 1.582043473845958588e-39 7.288998943932518612e-03
6.039215686274509998e-03 0.000000000000000000e+00 3.598906857164789926e+03 8.970573528613303955e-45 2.159211204738599918e+03 1.582043473845958261e-39 7.288998943932518612e-03
6.176470588235293685e-03 0.000000000000000000e+00 3.598906857164789926e+03 8.970573528613290265e-45 2.159211204738599918e+03 1.582043473845957283e-39 7.288998943932517745e-03
6.313725490196078240e-03 0.000000000000000000e+00 3.598906857164789926e+03 8.970573528613284041e-45 2.159211204738599918e+03 1.582043473845957609e-39 7.288998943932516877e-03
6.450980392156862794e-03 0.000000000000000000e+00 3.598906857164789926e+03 8.970573528613292754e-45 2.159211204738599918e+03 1.582043473845957283e-39 7.288998943932518612e-03
6.588235294117646482e-03 0.000000000000000000e+00 3.598906857164789926e+03 8.970573528613282797e-45 2.159211204738599918e+03 1.582043473845957609e-39 7.288998943932516877e-03
6.725490196078431036e-03 0.000000000000000000e+00 3.598906857164789926e+03 8.970573528613272840e-45 2.159211204738599918e+03 1.582043473845956304e-39 7.288998943932516010e-03
6.862745098039215591e-03 0.000000000000000000e+00 0.000000000000000000e+00 0.000000000000000000e+00 0.000000000000000000e+00 0.000000000000000000e+00 0.000000000000000000e+00
