0.000000000000000000e+00 1.000000000000000000e+00 6.000000000000000000e+00 7.000000000000000000e+00 8.000000000000000000e+00 1.400000000000000000e+01 2.600000000000000000e+01
0.000000000000000000e+00 0.000000000000000000e+00 2.961733204098326496e+03 1.181633456285335183e-44 2.064545385078211893e+03 5.598124066612975587e-40 1.649793066927244809e+03
1.372549019607843107e-04 0.000000000000000000e+00 2.961797759013164978e+03 1.233625354364436361e-44 2.064545371567186521e+03 5.375865424934542077e-40 1.649792920858177240e+03
2.745098039215686215e-04 0.000000000000000000e+00 2.962014023027215899e+03 1.258632637743327450e-44 2.064545234764702855e+03 5.296752198636808128e-40 1.649791971746503805e+03
4.117647058823529051e-04 0.000000000000000000e+00 2.962757532573004482e+03 1.285155356968563039e-44 2.064543801287929909e+03 5.211382006399335024e-40 1.649785877281099374e+03
5.490196078431372429e-04 0.000000000000000000e+00 2.965411731279237301e+03 1.292363226489566198e-44 2.064527959170179201e+03 5.075011639635002765e-40 1.649745924624903637e+03
6.862745098039215808e-04 0.000000000000000000e+00 2.975395780172217201e+03 1.322573225404867193e-44 2.064339171534343222e+03 5.033663180172934393e-40 1.649470625640333083e+03
8.235294117647058102e-04 0.000000000000000000e+00 3.016536981586289585e+03 1.306683724537350752e-44 2.061774673450650425e+03 5.186058327549706850e-40 1.647360772576369754e+03
9.607843137254901481e-04 0.000000000000000000e+00 3.133014344920676194e+03 1.350276363607612462e-44 2.048289975592902465e+03 4.879574838907539668e-40 1.638920509868825775e+03
1.098039215686274486e-03 0.000000000000000000e+00 3.598731761968255796e+03 1.945690609561187197e-44 2.159211212061657989e+03 6.151014937103730298e-40 7.255271854979769910e-03
1.235294117647058824e-03 0.000000000000000000e+00 3.598378327274943786e+03 2.005030500732029093e-44 2.159211279705123616e+03 5.685231831957408078e-40 7.231767492636628596e-03
1.372549019607843162e-03 0.000000000000000000e+00 3.597308583161821844e+03 2.064022385030987712e-44 2.159211994353815498e+03 5.169800102793796836e-40 7.210043368149975096e-03
1.509803921568627499e-03 0.000000000000000000e+00 3.594008872548576619e+03 2.114019655490310283e-44 2.159219920461647234e+03 4.659657096466326314e-40 7.199274623035665892e-03
1.647058823529411620e-03 0.000000000000000000e+00 3.583441239610871435e+03 2.183838714686024702e-44 2.159314145622813157e+03 4.259607184583876406e-40 7.208409064066698818e-03
1.784313725490195958e-03 0.000000000000000000e+00 3.547284645759983960e+03 2.237931084570472221e-44 2.160559252704376377e+03 3.566272346640880442e-40 7.249504603380196865e-03
1.921568627450980296e-03 0.000000000000000000e+00 3.426801625148841140e+03 2.224457143071806962e-44 2.172850769615115041e+03 3.624253337566862129e-40 7.335142401272093035e-03
2.058823529411764851e-03 0.000000000000000000e+00 2.961704477616076019e+03 1.543167765847288979e-44 2.064545386618735847e+03 2.856470586886952829e-40 1.649793091351611793e+03
2.196078431372548972e-03 0.000000000000000000e+00 2.961704478068169919e+03 1.472915879014985042e-44 2.064545386618735847e+03 3.250169553578165729e-40 1.649793091351646126e+03
2.333333333333333093e-03 0.000000000000000000e+00 2.961704479422153781e+03 1.395138571151008406e-44 2.064545386618735847e+03 3.832438280946986079e-40 1.649793091351773683e+03
2.470588235294117647e-03 0.000000000000000000e+00 2.961704483469981369e+03 1.313101709008714605e-44 2.064545386618735847e+03 4.645342067049324046e-40 1.649793091352230931e+03
2.607843137254901768e-03 0.000000000000000000e+00 2.961704495702738768e+03 1.235978158124627533e-44 2.064545386618734483e+03 5.553170783325147583e-40 1.649793091353822547e+03
2.745098039215686323e-03 0.000000000000000000e+00 2.961704532797488355e+03 1.172227284839513908e-44 2.064545386618728116e+03 6.234986035906522155e-40 1.649793091359042364e+03
2.882352941176470444e-03 0.000000000000000000e+00 2.961704646329731986e+03 1.113542488091806061e-44 2.064545386618670364e+03 6.827917479437714108e-40 1.649793091374305050e+03
3.019607843137254999e-03 0.000000000000000000e+00 2.961704996170816685e+03 1.064168502347986172e-44 2.064545386618137400e+03 7.333893934827123838e-40 1.649793091406908388e+03
3.156862745098039120e-03 0.000000000000000000e+00 2.961706086471784147e+03 1.015287528643840735e-44 2.064545386613212941e+03 7.814242145141764843e-40 1.649793091389141182e+03
3.294117647058823241e-03 0.000000000000000000e+00 2.961709519288219781e+03 9.666766460371446337e-45 2.064545386567265723e+03 8.270712947950105817e-40 1.649793090528357880e+03
3.431372549019607796e-03 0.000000000000000000e+00 2.961720454865855118e+03 9.272207406197109395e-45 2.064545386133590910e+03 8.701086453354817714e-40 1.649793082775827770e+03
3.568627450980391917e-03 0.000000000000000000e+00 2.961755916957410136e+03 8.771140025251437776e-45 2.064545381957056179e+03 9.146719021748420820e-40 1.649793027322757098e+03
3.705882352941176471e-03 0.000000000000000000e+00 2.961873216235802829e+03 8.467198144383725860e-45 2.064545340425117047e+03 9.500734326537389140e-40 1.649792660481188022e+03
3.843137254901960592e-03 0.000000000000000000e+00 2.962270871252868801e+03 7.957835933959035622e-45 2.064544914540762875e+03 9.891246077793231441e-40 1.649790300510416955e+03
3.980392156862745147e-03 0.000000000000000000e+00 2.963660340100457688e+03 7.666597312012393833e-45 2.064540376102141181e+03 1.024291261685927555e-39 1.649775085902152568e+03
4.117647058823529702e-03 0.000000000000000000e+00 2.968732573540057274e+03 7.121166804833546555e-45 2.064488758272436371e+03 1.079556470585922443e-39 1.649673516810245928e+03
4.254901960784313389e-03 0.000000000000000000e+00 2.988496024050801225e+03 6.806048329464174207e-45 2.063847035762492396e+03 1.093024320852268463e-39 1.648948167223392147e+03
4.392156862745097944e-03 0.000000000000000000e+00 3.072529065794286453e+03 6.458724357966333143e-45 2.055574984541315644e+03 1.139055678803409032e-39 1.643398373876267215e+03
4.529411764705882498e-03 0.000000000000000000e+00 3.598906857164789926e+03 8.970573528613287775e-45 2.159211204738599918e+03 1.582043473845950105e-39 7.288998943932518612e-03
4.666666666666666186e-03 0.000000000000000000e+00 3.598906857164789926e+03 8.970573528613262883e-45 2.159211204738599918e+03 1.582043473845947495e-39 7.288998943932518612e-03
4.803921568627450740e-03 0.000000000000000000e+00 3.598906857164789926e+03 8.970573528613252926e-45 2.159211204738599918e+03 1.582043473845945863e-39 7.288998943932518612e-03
4.941176470588235295e-03 0.000000000000000000e+00 3.598906857164789926e+03 8.970573528613242970e-45 2.159211204738599918e+03 1.582043473845944558e-39 7.288998943932518612e-03
5.078431372549019850e-03 0.000000000000000000e+00 3.598906857164789926e+03 8.970573528613241725e-45 2.159211204738599918e+03 1.582043473845946190e-39 7.288998943932518612e-03
5.215686274509803537e-03 0.000000000000000000e+00 3.598906857164789926e+03 8.970573528613280308e-45 2.159211204738599918e+03 1.582043473845950757e-39 7.288998943932518612e-03
5.352941176470588092e-03 0.000000000000000000e+00 3.598906857164789926e+03 8.970573528613269106e-45 2.159211204738599918e+03 1.582043473845951410e-39 7.288998943932518612e-03
5.490196078431372646e-03 0.000000000000000000e+00 3.598906857164789926e+03 8.970573528613275329e-45 2.159211204738599918e+03 1.582043473845952389e-39 7.288998943932518612e-03
5.627450980392156334e-03 0.000000000000000000e+00 3.598906857164789926e+03 8.970573528613282797e-45 2.159211204738599918e+03 1.582043473845955325e-39 7.288998943932518612e-03
5.764705882352940888e-03 0.000000000000000000e+00 3.598906857164789926e+03 8.970573528613286531e-45 2.159211204738599918e+03 1.582043473845954999e-39 7.288998943932518612e-03
5.901960784313725443e-03 0.000000000000000000e+00 3.598906857164789926e+03 8.970573528613282797e-45 2.159211204738599918e+03 1.582043473845954672e-39 7.288998943932518612e-03
6.039215686274509998e-03 0.000000000000000000e+00 3.598906857164789926e+03 8.970573528613291509e-45 2.159211204738599918e+03 1.582043473845956956e-39 7.288998943932518612e-03
6.176470588235293685e-03 0.000000000000000000e+00 3.598906857164789926e+03 8.970573528613306444e-45 2.159211204738599918e+03 1.582043473845958261e-39 7.288998943932517745e-03
6.313725490196078240e-03 0.000000000000000000e+00 3.598906857164789926e+03 8.970573528613282797e-45 2.159211204738599918e+03 1.582043473845955651e-39 7.288998943932516877e-03
6.450980392156862794e-03 0.000000000000000000e+00 3.598906857164789926e+03 8.970573528613303955e-45 2.159211204738599918e+03 1.582043473845960219e-39 7.288998943932518612e-03
6.588235294117646482e-03 0.000000000000000000e+00 3.598906857164789926e+03 8.970573528613277818e-45 2.159211204738599918e+03 1.582043473845957935e-39 7.288998943932516877e-03
6.725490196078431036e-03 0.000000000000000000e+00 3.598906857164789926e+03 8.970573528613290265e-45 2.159211204738599918e+03 1.582043473845959566e-39 7.288998943932516010e-03
6.862745098039215591e-03 0.000000000000000000e+00 0.000000000000000000e+00 0.000000000000000000e+00 0.000000000000000000e+00 0.000000000000000000e+00 0.000000000000000000e+00
