0.000000000000000000e+00 1.000000000000000000e+00 6.000000000000000000e+00 7.000000000000000000e+00 8.000000000000000000e+00 1.400000000000000000e+01 2.600000000000000000e+01
0.000000000000000000e+00 0.000000000000000000e+00 2.961704477386425879e+03 1.639536109893323610e-44 2.064545386618735847e+03 2.465675293078080009e-40 1.649793091351598832e+03
1.372549019607843107e-04 0.000000000000000000e+00 2.961704477386425879e+03 1.639536109893321121e-44 2.064545386618735847e+03 2.465675293078091020e-40 1.649793091351598832e+03
2.745098039215686215e-04 0.000000000000000000e+00 2.961704477386425879e+03 1.639536109893319130e-44 2.064545386618735847e+03 2.465675293078088166e-40 1.649793091351598832e+03
4.117647058823529051e-04 0.000000000000000000e+00 2.961704477386425879e+03 1.639536109893320623e-44 2.064545386618735847e+03 2.465675293078091020e-40 1.649793091351598832e+03
5.490196078431372429e-04 0.000000000000000000e+00 2.961704477386425879e+03 1.639536109893321619e-44 2.064545386618735847e+03 2.465675293078089797e-40 1.649793091351598832e+03
6.862745098039215808e-04 0.000000000000000000e+00 2.961704477386425879e+03 1.639536109893319877e-44 2.064545386618735847e+03 2.465675293078089389e-40 1.649793091351598832e+03
8.235294117647058102e-04 0.000000000000000000e+00 2.961704477386425879e+03 1.639536109893323113e-44 2.064545386618735847e+03 2.465675293078091428e-40 1.649793091351598832e+03
9.607843137254901481e-04 0.000000000000000000e+00 2.961704477386425879e+03 1.639536109893320623e-44 2.064545386618735847e+03 2.465675293078085719e-40 1.649793091351598832e+03
1.098039215686274486e-03 0.000000000000000000e+00 3.448179179779305287e+03 2.277164717282598907e-44 2.170271845988555015e+03 3.424595986506313415e-40 7.321532880207039587e-03
1.235294117647058824e-03 0.000000000000000000e+00 3.555797702516595109e+03 2.212925171672693748e-44 2.160111318025206856e+03 3.753706419048117546e-40 7.241108374408540202e-03
1.372549019607843162e-03 0.000000000000000000e+00 3.585843086947995289e+03 2.184119919822693911e-44 2.159281752201738982e+03 4.253358637749373414e-40 7.205482650466405598e-03
1.509803921568627499e-03 0.000000000000000000e+00 3.594744548665329603e+03 2.099155671423480901e-44 2.159217264868604161e+03 4.913225257443178589e-40 7.199825093452993582e-03
1.647058823529411620e-03 0.000000000000000000e+00 3.597544649760267475e+03 2.045350615784431376e-44 2.159211758085887141e+03 5.269444587161585894e-40 7.212680237413669412e-03
1.784313725490195958e-03 0.000000000000000000e+00 3.598456096028701722e+03 1.979520423153400841e-44 2.159211257603435570e+03 5.918487253012173745e-40 7.235270155855521440e-03
1.921568627450980296e-03 0.000000000000000000e+00 3.598757495720875795e+03 1.923527890410326101e-44 2.159211209932608199e+03 6.303842992726916085e-40 7.258150401613136515e-03
2.058823529411764851e-03 0.000000000000000000e+00 3.117841920861874314e+03 1.336752140215255614e-44 2.050074461901886025e+03 4.987728543395725919e-40 1.640025845284520528e+03
2.196078431372548972e-03 0.000000000000000000e+00 3.006266342508084563e+03 1.291921875572059328e-44 2.062656537262911570e+03 5.267980369690275407e-40 1.647992875906259769e+03
2.333333333333333093e-03 0.000000000000000000e+00 2.973008454013243409e+03 1.302925167307500159e-44 2.064401530806095252e+03 5.179577815987977543e-40 1.649549685544094928e+03
2.470588235294117647e-03 0.000000000000000000e+00 2.964790172408112994e+03 1.280283594142833922e-44 2.064533074247297463e+03 5.195062826102145120e-40 1.649757182517398405e+03
2.607843137254901768e-03 0.000000000000000000e+00 2.962586127156436760e+03 1.262317502749261715e-44 2.064544255130836973e+03 5.282219735370845538e-40 1.649787572896840629e+03
2.745098039215686323e-03 0.000000000000000000e+00 2.961964800083110731e+03 1.239339175858376283e-44 2.064545277312464350e+03 5.416625031714744654e-40 1.649792233948046032e+03
2.882352941176470444e-03 0.000000000000000000e+00 2.961783181823889208e+03 1.191835913162160027e-44 2.064545375722665085e+03 5.626667945944405271e-40 1.649792961446461049e+03
3.019607843137254999e-03 0.000000000000000000e+00 2.961728768460157426e+03 1.143099296028749692e-44 2.064545385498651285e+03 5.850746296648808008e-40 1.649793073021252894e+03
3.156862745098039120e-03 0.000000000000000000e+00 2.961712093552107490e+03 1.100577454907642066e-44 2.064545386501589292e+03 6.132271689046654105e-40 1.649793089256283338e+03
3.294117647058823241e-03 0.000000000000000000e+00 2.961706899391088427e+03 1.090617424659908352e-44 2.064545386606235752e+03 6.372862681179238837e-40 1.649793091276731957e+03
3.431372549019607796e-03 0.000000000000000000e+00 2.961705255583671715e+03 1.095988070547474790e-44 2.064545386617384793e+03 6.552990175947920747e-40 1.649793091416776406e+03
3.568627450980391917e-03 0.000000000000000000e+00 2.961704730247236057e+03 1.121922699552252639e-44 2.064545386618587145e+03 6.556592650405916989e-40 1.649793091383972751e+03
3.705882352941176471e-03 0.000000000000000000e+00 2.961704559995498130e+03 1.174675857558799309e-44 2.064545386618719021e+03 6.155434058895563396e-40 1.649793091362857922e+03
3.843137254901960592e-03 0.000000000000000000e+00 2.961704504617855036e+03 1.239598920745514650e-44 2.064545386618734028e+03 5.481675294212188825e-40 1.649793091355056504e+03
3.980392156862745147e-03 0.000000000000000000e+00 2.961704486413169889e+03 1.319844741954764901e-44 2.064545386618735847e+03 4.545773083419959405e-40 1.649793091352596775e+03
4.117647058823529702e-03 0.000000000000000000e+00 2.961704480399233034e+03 1.402826808605825439e-44 2.064545386618735847e+03 3.754422598194713051e-40 1.649793091351877138e+03
4.254901960784313389e-03 0.000000000000000000e+00 2.961704478393553472e+03 1.480897291669788112e-44 2.064545386618735847e+03 3.193268975126998313e-40 1.649793091351674548e+03
4.392156862745097944e-03 0.000000000000000000e+00 2.961704477725191282e+03 1.550980285730028051e-44 2.064545386618735847e+03 2.816953440550909059e-40 1.649793091351619296e+03
4.529411764705882498e-03 0.000000000000000000e+00 3.382049507684068431e+03 2.233739163269627885e-44 2.177971774019916666e+03 3.589744474762413667e-40 7.372068670306688477e-03
4.666666666666666186e-03 0.000000000000000000e+00 3.517116718566885993e+03 2.270374658505089597e-44 2.162789470661728046e+03 3.458377278159152683e-40 7.274844471185527156e-03
4.803921568627450740e-03 0.000000000000000000e+00 3.575234298542315628e+03 2.184218543070706115e-44 2.159468578757902378e+03 4.256577475267236823e-40 7.218674078298839211e-03
4.941176470588235295e-03 0.000000000000000000e+00 3.591533585049896374e+03 2.134105652636109093e-44 2.159232269771937808e+03 4.465841308060058216e-40 7.199747289850220479e-03
5.078431372549019850e-03 0.000000000000000000e+00 3.596521722467767177e+03 2.079404197783388427e-44 2.159213068039670361e+03 5.111231056239691879e-40 7.204527121302950823e-03
5.215686274509803537e-03 0.000000000000000000e+00 3.598121092215818862e+03 2.019322908979997367e-44 2.159211378123647592e+03 5.523234859590995105e-40 7.223269182766991689e-03
5.352941176470588092e-03 0.000000000000000000e+00 3.598646667825800250e+03 1.952962332662197490e-44 2.159211221451637357e+03 6.095262103437332324e-40 7.247344521584438148e-03
5.490196078431372646e-03 0.000000000000000000e+00 3.598820876499304632e+03 1.885141941216958187e-44 2.159211206396332727e+03 6.643914586986463356e-40 7.267043611657019245e-03
5.627450980392156334e-03 0.000000000000000000e+00 3.598878727762775270e+03 1.821474184752676811e-44 2.159211204906075181e+03 7.146949318555557567e-40 7.279055749709145012e-03
5.764705882352940888e-03 0.000000000000000000e+00 3.598897768588223244e+03 1.749194905278584300e-44 2.159211204755714334e+03 7.778691149206594429e-40 7.285199401115093412e-03
5.901960784313725443e-03 0.000000000000000000e+00 3.598903924136831392e+03 1.677406726061569534e-44 2.159211204740401172e+03 8.314423307744052876e-40 7.287832959346325634e-03
6.039215686274509998e-03 0.000000000000000000e+00 3.598905904257101611e+03 1.597536948669164164e-44 2.159211204738795004e+03 8.967937750066076943e-40 7.288693492511794103e-03
6.176470588235293685e-03 0.000000000000000000e+00 3.598906545007964723e+03 1.508067821261410561e-44 2.159211204738621745e+03 9.682481594576366314e-40 7.288919553491252437e-03
6.313725490196078240e-03 0.000000000000000000e+00 3.598906754243100295e+03 1.406958677720968926e-44 2.159211204738602191e+03 1.039512261178711923e-39 7.288978436460516810e-03
6.450980392156862794e-03 0.000000000000000000e+00 3.598906822937001834e+03 1.270598029211016344e-44 2.159211204738600372e+03 1.130622157386101672e-39 7.288993641417608818e-03
6.588235294117646482e-03 0.000000000000000000e+00 3.598906845745036208e+03 1.142778678135961187e-44 2.159211204738599918e+03 1.229565747272146690e-39 7.288997578099965652e-03
6.725490196078431036e-03 0.000000000000000000e+00 3.598906853324123404e+03 1.044487370118195626e-44 2.159211204738599918e+03 1.329623631706494044e-39 7.288998591092776813e-03
6.862745098039215591e-03 0.000000000000000000e+00 0.000000000000000000e+00 0.000000000000000000e+00 0.000000000000000000e+00 0.000000000000000000e+00 0.000000000000000000e+00
