0.000000000000000000e+00 1.000000000000000000e+00 6.000000000000000000e+00 7.000000000000000000e+00 8.000000000000000000e+00 1.400000000000000000e+01 2.600000000000000000e+01 2.900000000000000000e+01
0.000000000000000000e+00 0.000000000000000000e+00 7.013250746906670656e+02 5.051456220235608571e-03 4.743935144247491849e+02 2.469579691793342499e+04 0.000000000000000000e+00 0.000000000000000000e+00
8.235294117647059457e-05 0.000000000000000000e+00 7.013250746906670656e+02 5.051456220235608571e-03 4.743935144247491849e+02 2.469579691793342499e+04 0.000000000000000000e+00 0.000000000000000000e+00
1.647058823529411891e-04 0.000000000000000000e+00 7.013250746906670656e+02 5.051456220235608571e-03 4.743935144247491849e+02 2.469579691793342499e+04 0.000000000000000000e+00 0.000000000000000000e+00
2.470588235294117973e-04 0.000000000000000000e+00 7.011160038825591982e+02 5.054442424520110173e-03 4.744027645515209883e+02 2.467908522143965456e+04 0.000000000000000000e+00 0.000000000000000000e+00
3.294117647058823783e-04 0.000000000000000000e+00 6.992289758777595807e+02 5.098080878375960134e-03 4.745080286752441339e+02 2.457326449198489718e+04 0.000000000000000000e+00 0.000000000000000000e+00
4.117647058823529593e-04 0.000000000000000000e+00 6.910055260334069089e+02 5.403113159493344066e-03 4.753011063604824926e+02 2.427721787427008894e+04 0.000000000000000000e+00 0.000000000000000000e+00
4.941176470588235945e-04 0.000000000000000000e+00 6.676307515616639421e+02 6.198686983321620436e-03 4.787977534530479602e+02 2.374419055831888181e+04 0.000000000000000000e+00 0.000000000000000000e+00
5.764705882352941756e-04 0.000000000000000000e+00 6.421057327609516960e+02 7.841077198114656741e-03 4.831387405032426159e+02 2.285073054325529665e+04 0.000000000000000000e+00 0.000000000000000000e+00
6.588235294117647566e-04 0.000000000000000000e+00 5.297250846094603958e+02 8.191975271125346778e-03 4.410661065308177626e+02 2.154489701925802001e+04 8.236269954968311140e+02 0.000000000000000000e+00
7.411764705882353376e-04 0.000000000000000000e+00 5.297250846094603958e+02 8.191975271125346778e-03 4.410661065308177626e+02 2.154489701925802001e+04 8.236269954968311140e+02 0.000000000000000000e+00
8.235294117647059186e-04 0.000000000000000000e+00 5.297096626007112263e+02 8.191947857773666103e-03 4.410658065381799133e+02 2.154168232801535851e+04 8.236319124515426893e+02 0.000000000000000000e+00
9.058823529411764996e-04 0.000000000000000000e+00 5.294020778743038136e+02 8.191346965639610331e-03 4.410589194978774117e+02 2.150567564879742349e+04 8.237395112595522733e+02 0.000000000000000000e+00
9.882352941176471891e-04 0.000000000000000000e+00 5.278778508151270898e+02 8.186613556535698305e-03 4.410106420096647071e+02 2.138789178028669994e+04 8.243625540910032896e+02 0.000000000000000000e+00
1.070588235294117662e-03 0.000000000000000000e+00 5.222901070922146118e+02 8.172268217047843133e-03 4.407549134748689426e+02 2.115065847486414350e+04 8.270743383317892494e+02 0.000000000000000000e+00
1.152941176470588351e-03 0.000000000000000000e+00 5.136471370785578756e+02 8.146502263293664559e-03 4.402935303569348662e+02 2.076104071840662800e+04 8.316792831132189576e+02 0.000000000000000000e+00
1.235294117647058824e-03 0.000000000000000000e+00 4.839542539397634187e+02 7.909885738590159698e-03 4.303842346393103639e+02 1.989568351791359601e+04 0.000000000000000000e+00 4.908004425554443515e+03
1.317647058823529513e-03 0.000000000000000000e+00 4.839542539397634187e+02 7.909885738590159698e-03 4.303842346393103639e+02 1.989568351791359601e+04 0.000000000000000000e+00 4.908004425554443515e+03
1.400000000000000203e-03 0.000000000000000000e+00 4.839585889765862134e+02 7.909568857167982928e-03 4.303839839343439735e+02 1.989752557979222547e+04 0.000000000000000000e+00 4.908001525097641206e+03
1.482352941176470675e-03 0.000000000000000000e+00 4.844384254598663802e+02 7.892512623909062400e-03 4.303550054317218496e+02 1.995456827140992755e+04 0.000000000000000000e+00 4.907716505854235947e+03
1.564705882352941365e-03 0.000000000000000000e+00 4.873370554741136971e+02 7.739213834782975379e-03 4.301469364822351054e+02 2.018333514382492649e+04 0.000000000000000000e+00 4.906253142163478515e+03
1.647058823529411837e-03 0.000000000000000000e+00 5.005353043891585116e+02 7.123180162670056902e-03 4.288271979197965038e+02 2.072319353219229743e+04 0.000000000000000000e+00 4.900845619477108812e+03
1.729411764705882527e-03 0.000000000000000000e+00 5.314256126772864945e+02 6.073739303931019115e-03 4.253005242510429298e+02 2.165258428383099454e+04 0.000000000000000000e+00 4.890256844087470199e+03
1.811764705882352999e-03 0.000000000000000000e+00 7.013250746906670656e+02 5.051456220235608571e-03 4.743935144247491849e+02 2.469579691793342499e+04 0.000000000000000000e+00 0.000000000000000000e+00
1.894117647058823689e-03 0.000000000000000000e+00 7.013250746906670656e+02 5.051456220235608571e-03 4.743935144247491849e+02 2.469579691793342499e+04 0.000000000000000000e+00 0.000000000000000000e+00
1.976470588235294378e-03 0.000000000000000000e+00 7.013250746906670656e+02 5.051460760444533536e-03 4.743935144247491849e+02 2.469575643283610407e+04 0.000000000000000000e+00 0.000000000000000000e+00
2.058823529411764851e-03 0.000000000000000000e+00 7.009961608684500334e+02 5.056251113818945910e-03 4.744084849125583219e+02 2.467142854909798189e+04 0.000000000000000000e+00 0.000000000000000000e+00
2.141176470588235323e-03 0.000000000000000000e+00 6.986585356844957460e+02 5.116067184900073735e-03 4.745465308447520556e+02 2.454525309822304553e+04 0.000000000000000000e+00 0.000000000000000000e+00
2.223529411764706230e-03 0.000000000000000000e+00 6.887739979369615639e+02 5.484747058769685185e-03 4.755725148210551083e+02 2.421573709440800303e+04 0.000000000000000000e+00 0.000000000000000000e+00
2.305882352941176702e-03 0.000000000000000000e+00 6.633193739815725394e+02 6.363254812601014734e-03 4.795359371453764652e+02 2.364405555394976545e+04 0.000000000000000000e+00 0.000000000000000000e+00
2.388235294117647175e-03 0.000000000000000000e+00 6.384308899473448946e+02 8.258228934701308810e-03 4.837127207297174891e+02 2.263042663828831064e+04 0.000000000000000000e+00 0.000000000000000000e+00
2.470588235294117647e-03 0.000000000000000000e+00 5.284339212447896443e+02 8.188438237146686977e-03 4.410305549451694560e+02 2.142326174096321483e+04 8.241233449932093436e+02 0.000000000000000000e+00
2.552941176470588554e-03 0.000000000000000000e+00 5.240165312035741181e+02 8.176140208516464655e-03 4.408414579769524835e+02 2.121191732833341302e+04 8.261938851003325226e+02 0.000000000000000000e+00
2.635294117647059026e-03 0.000000000000000000e+00 5.153129356362074986e+02 8.150399805402035874e-03 4.403725432811395422e+02 2.087709808224636072e+04 8.308135284782611052e+02 0.000000000000000000e+00
2.717647058823529499e-03 0.000000000000000000e+00 4.851569803013692876e+02 7.860187836853334276e-03 4.303096383469042507e+02 2.002280800006714708e+04 0.000000000000000000e+00 4.907326193218949811e+03
2.800000000000000405e-03 0.000000000000000000e+00 4.910161690090747015e+02 7.531926472805764577e-03 4.298124641267873471e+02 2.037408506040713837e+04 0.000000000000000000e+00 4.904615740809968884e+03
2.882352941176470878e-03 0.000000000000000000e+00 5.127073740940376183e+02 6.729069018084910155e-03 4.274581058259747692e+02 2.106305287018818490e+04 0.000000000000000000e+00 4.896515715296011876e+03
2.964705882352941350e-03 0.000000000000000000e+00 5.423750347371480984e+02 5.449156315249219229e-03 4.240265029520851954e+02 2.222056661963733495e+04 0.000000000000000000e+00 4.884290163461601878e+03
3.047058823529411823e-03 0.000000000000000000e+00 6.983188024690239217e+02 5.127107137725519896e-03 4.745711730706237290e+02 2.452903625674728391e+04 0.000000000000000000e+00 0.000000000000000000e+00
3.129411764705882729e-03 0.000000000000000000e+00 6.873148187874373889e+02 5.528846499853623357e-03 4.757280565206696110e+02 2.415990132852565512e+04 0.000000000000000000e+00 0.000000000000000000e+00
3.211764705882353202e-03 0.000000000000000000e+00 6.599010208913765609e+02 6.448886765281846602e-03 4.798714329643904080e+02 2.348459523337722567e+04 0.000000000000000000e+00 0.000000000000000000e+00
3.294117647058823675e-03 0.000000000000000000e+00 6.329337775845194756e+02 8.422256223910075737e-03 4.835826349869408318e+02 2.234294301855988670e+04 0.000000000000000000e+00 0.000000000000000000e+00
3.376470588235294581e-03 0.000000000000000000e+00 5.207450951075029479e+02 7.922361246233864188e-03 4.400906973526812180e+02 2.126745349590075784e+04 8.289604303056269146e+02 0.000000000000000000e+00
3.458823529411765053e-03 0.000000000000000000e+00 5.041113813487044126e+02 7.000077956949454089e-03 4.284302820376923364e+02 2.082879500500172071e+04 0.000000000000000000e+00 4.899530931158579733e+03
3.541176470588235526e-03 0.000000000000000000e+00 5.354026637115190397e+02 5.878845400300455708e-03 4.248446772083636347e+02 2.183446085961078279e+04 0.000000000000000000e+00 4.888909549005452391e+03
3.623529411764705999e-03 0.000000000000000000e+00 7.013250746906670656e+02 5.051456220235608571e-03 4.743935144247491849e+02 2.469579691793342499e+04 0.000000000000000000e+00 0.000000000000000000e+00
3.705882352941176905e-03 0.000000000000000000e+00 7.013250746906670656e+02 5.051456220235608571e-03 4.743935144247491849e+02 2.469579691793342499e+04 0.000000000000000000e+00 0.000000000000000000e+00
3.788235294117647377e-03 0.000000000000000000e+00 7.013250746906670656e+02 5.051456220235608571e-03 4.743935144247491849e+02 2.469579691793342499e+04 0.000000000000000000e+00 0.000000000000000000e+00
3.870588235294117850e-03 0.000000000000000000e+00 7.013250746906670656e+02 5.051456220235608571e-03 4.743935144247491849e+02 2.469579691793342499e+04 0.000000000000000000e+00 0.000000000000000000e+00
3.952941176470588756e-03 0.000000000000000000e+00 7.013250746906670656e+02 5.051456220235608571e-03 4.743935144247491849e+02 2.469579691793342499e+04 0.000000000000000000e+00 0.000000000000000000e+00
4.035294117647058795e-03 0.000000000000000000e+00 7.013250746906670656e+02 5.051456220235608571e-03 4.743935144247491849e+02 2.469579691793342499e+04 0.000000000000000000e+00 0.000000000000000000e+00
4.117647058823529702e-03 0.000000000000000000e+00 0.000000000000000000e+00 0.000000000000000000e+00 0.000000000000000000e+00 0.000000000000000000e+00 0.000000000000000000e+00 0.000000000000000000e+00
