0.000000000000000000e+00 1.000000000000000000e+00 6.000000000000000000e+00 7.000000000000000000e+00 8.000000000000000000e+00 1.400000000000000000e+01 2.600000000000000000e+01 2.900000000000000000e+01
0.000000000000000000e+00 0.000000000000000000e+00 7.013250746906670656e+02 5.051456220235608571e-03 4.743935144247491849e+02 2.469579691793342499e+04 0.000000000000000000e+00 0.000000000000000000e+00
8.235294117647059457e-05 0.000000000000000000e+00 7.013250746906670656e+02 5.051456220235607704e-03 4.743935144247491849e+02 2.469579691793342499e+04 0.000000000000000000e+00 0.000000000000000000e+00
1.647058823529411891e-04 0.000000000000000000e+00 7.013250746906670656e+02 5.051456220235608571e-03 4.743935144247491849e+02 2.469579691793342499e+04 0.000000000000000000e+00 0.000000000000000000e+00
2.470588235294117973e-04 0.000000000000000000e+00 7.013250746906670656e+02 5.051456220235608571e-03 4.743935144247491849e+02 2.469579691793342499e+04 0.000000000000000000e+00 0.000000000000000000e+00
3.294117647058823783e-04 0.000000000000000000e+00 7.013250746906670656e+02 5.051456220235608571e-03 4.743935144247491849e+02 2.469579691793342499e+04 0.000000000000000000e+00 0.000000000000000000e+00
4.117647058823529593e-04 0.000000000000000000e+00 7.013250746906670656e+02 5.051456220235608571e-03 4.743935144247491849e+02 2.469579691793342499e+04 0.000000000000000000e+00 0.000000000000000000e+00
4.941176470588235945e-04 0.000000000000000000e+00 7.013250746906670656e+02 5.051456220235608571e-03 4.743935144247491849e+02 2.469579691793342499e+04 0.000000000000000000e+00 0.000000000000000000e+00
5.764705882352941756e-04 0.000000000000000000e+00 7.013250746906670656e+02 5.051456220235608571e-03 4.743935144247491849e+02 2.469579691793342499e+04 0.000000000000000000e+00 0.000000000000000000e+00
6.588235294117647566e-04 0.000000000000000000e+00 5.697367742547459102e+02 6.060334962046737099e-03 4.346261617693300536e+02 2.284759445225462332e+04 8.133799900792358812e+02 0.000000000000000000e+00
7.411764705882353376e-04 0.000000000000000000e+00 5.458002139240227280e+02 7.235991264479963749e-03 4.387855133903456135e+02 2.217658207819436575e+04 8.196554009251437947e+02 0.000000000000000000e+00
8.235294117647059186e-04 0.000000000000000000e+00 5.333379474003844507e+02 7.952631993512593311e-03 4.406884910623446672e+02 2.177952202872114140e+04 8.228210763480548167e+02 0.000000000000000000e+00
9.058823529411764996e-04 0.000000000000000000e+00 5.303016799613919829e+02 8.165534856596658522e-03 4.410175413744109392e+02 2.159815812228617142e+04 8.235062884521615842e+02 0.000000000000000000e+00
9.882352941176471891e-04 0.000000000000000000e+00 5.297395301904706457e+02 8.191143272179067167e-03 4.410649713251604567e+02 2.154786051929906171e+04 8.236239876077860345e+02 0.000000000000000000e+00
1.070588235294117662e-03 0.000000000000000000e+00 5.297250846094603958e+02 8.191975271125346778e-03 4.410661065308177626e+02 2.154489701925802001e+04 8.236269954968311140e+02 0.000000000000000000e+00
1.152941176470588351e-03 0.000000000000000000e+00 5.297250846094603958e+02 8.191975271125346778e-03 4.410661065308177626e+02 2.154489701925802001e+04 8.236269954968311140e+02 0.000000000000000000e+00
1.235294117647058824e-03 0.000000000000000000e+00 4.999667954411515325e+02 7.959198101602869141e-03 4.311842998907559377e+02 2.072534987337679559e+04 0.000000000000000000e+00 4.581418352503587812e+03
1.317647058823529513e-03 0.000000000000000000e+00 4.919279005155608502e+02 7.931763605058778782e-03 4.307484066376136980e+02 2.031281435883017184e+04 0.000000000000000000e+00 4.736461033597333881e+03
1.400000000000000203e-03 0.000000000000000000e+00 4.859712964900433576e+02 7.916506568786061890e-03 4.304545670123740138e+02 2.006820762076207393e+04 0.000000000000000000e+00 4.858955761826850903e+03
1.482352941176470675e-03 0.000000000000000000e+00 4.843060156960702329e+02 7.910735597384093917e-03 4.303933485815198310e+02 1.994183613117058849e+04 0.000000000000000000e+00 4.898422084624617128e+03
1.564705882352941365e-03 0.000000000000000000e+00 4.839784333803720529e+02 7.909933881986061510e-03 4.303847988073006263e+02 1.990067161191060586e+04 0.000000000000000000e+00 4.907293636063211125e+03
1.647058823529411837e-03 0.000000000000000000e+00 4.839542539397634187e+02 7.909885738590159698e-03 4.303842346393103639e+02 1.989568351791359601e+04 0.000000000000000000e+00 4.908004425554443515e+03
1.729411764705882527e-03 0.000000000000000000e+00 4.839542539397634187e+02 7.909885738590159698e-03 4.303842346393103639e+02 1.989568351791359601e+04 0.000000000000000000e+00 4.908004425554443515e+03
1.811764705882352999e-03 0.000000000000000000e+00 6.152671761460675270e+02 8.193849820344038803e-03 4.826770744968572444e+02 2.155590799409782267e+04 0.000000000000000000e+00 0.000000000000000000e+00
1.894117647058823689e-03 0.000000000000000000e+00 6.488871284628098692e+02 6.338885917009724064e-03 4.789646214629118504e+02 2.306411137976512691e+04 0.000000000000000000e+00 0.000000000000000000e+00
1.976470588235294378e-03 0.000000000000000000e+00 6.837990270138238884e+02 5.477177862199491230e-03 4.754430418922599415e+02 2.394592191680839824e+04 0.000000000000000000e+00 0.000000000000000000e+00
2.058823529411764851e-03 0.000000000000000000e+00 6.975679887230739951e+02 5.114973295781533036e-03 4.745298172735406865e+02 2.445968598933117391e+04 0.000000000000000000e+00 0.000000000000000000e+00
2.141176470588235323e-03 0.000000000000000000e+00 7.008555098375189800e+02 5.056171882502813811e-03 4.744068709364282768e+02 2.465744079227288239e+04 0.000000000000000000e+00 0.000000000000000000e+00
2.223529411764706230e-03 0.000000000000000000e+00 7.013250746906670656e+02 5.051460687918158873e-03 4.743935144247491849e+02 2.469573295979811519e+04 0.000000000000000000e+00 0.000000000000000000e+00
2.305882352941176702e-03 0.000000000000000000e+00 7.013250746906670656e+02 5.051456220235608571e-03 4.743935144247491849e+02 2.469579691793342499e+04 0.000000000000000000e+00 0.000000000000000000e+00
2.388235294117647175e-03 0.000000000000000000e+00 7.013250746906670656e+02 5.051456220235608571e-03 4.743935144247491849e+02 2.469579691793342499e+04 0.000000000000000000e+00 0.000000000000000000e+00
2.470588235294117647e-03 0.000000000000000000e+00 5.666964672595826187e+02 6.264543885111485862e-03 4.351548745730777910e+02 2.272674589860375636e+04 8.141768712219563895e+02 0.000000000000000000e+00
2.552941176470588554e-03 0.000000000000000000e+00 5.430230979834346954e+02 7.365210146637169060e-03 4.392469293054954846e+02 2.210564185757901942e+04 8.203793805249008528e+02 0.000000000000000000e+00
2.635294117647059026e-03 0.000000000000000000e+00 5.325485541338026678e+02 8.012406584624218522e-03 4.407864781682220041e+02 2.174112607725350972e+04 8.230087677966616866e+02 0.000000000000000000e+00
2.717647058823529499e-03 0.000000000000000000e+00 5.017888714319096835e+02 7.950663895334724937e-03 4.312261227097520759e+02 2.090365894978873257e+04 0.000000000000000000e+00 4.556056772641814860e+03
2.800000000000000405e-03 0.000000000000000000e+00 4.938596691348789705e+02 7.936027089296970871e-03 4.308519269129492955e+02 2.038469230025079014e+04 0.000000000000000000e+00 4.699143765686289044e+03
2.882352941176470878e-03 0.000000000000000000e+00 4.867623235455344570e+02 7.919002607466278307e-03 4.304890130810301798e+02 2.011047946645541015e+04 0.000000000000000000e+00 4.841564344957699177e+03
2.964705882352941350e-03 0.000000000000000000e+00 4.844711094762894845e+02 7.911267731676222686e-03 4.303980684551005993e+02 1.995966824359482052e+04 0.000000000000000000e+00 4.894178070961124831e+03
3.047058823529411823e-03 0.000000000000000000e+00 6.286900397410548749e+02 7.181116643691250016e-03 4.812295028784619717e+02 2.234311378660699484e+04 0.000000000000000000e+00 0.000000000000000000e+00
3.129411764705882729e-03 0.000000000000000000e+00 6.661724700251116928e+02 5.896946469096375591e-03 4.770884637179387937e+02 2.349212214173529355e+04 0.000000000000000000e+00 0.000000000000000000e+00
3.211764705882353202e-03 0.000000000000000000e+00 6.918249555874599537e+02 5.264503591867135401e-03 4.748543851797996354e+02 2.421094923270595973e+04 0.000000000000000000e+00 0.000000000000000000e+00
3.294117647058823675e-03 0.000000000000000000e+00 6.995429754552485520e+02 5.074590449065815266e-03 4.744509428233777726e+02 2.457334343299426109e+04 0.000000000000000000e+00 0.000000000000000000e+00
3.376470588235294581e-03 0.000000000000000000e+00 5.650088321777262763e+02 6.360935279139739822e-03 4.354401364317030811e+02 2.266092287815980308e+04 8.146122269030126972e+02 0.000000000000000000e+00
3.458823529411765053e-03 0.000000000000000000e+00 5.134044357127139619e+02 7.228266936326344268e-03 4.297324530927752448e+02 2.145157787861316683e+04 0.000000000000000000e+00 4.622505513300391613e+03
3.541176470588235526e-03 0.000000000000000000e+00 4.971593815157077074e+02 7.788285185185322632e-03 4.306735369244691469e+02 2.059338132394443528e+04 0.000000000000000000e+00 4.697854991993546719e+03
3.623529411764705999e-03 0.000000000000000000e+00 6.246737849253891000e+02 7.781153537013312145e-03 4.822769539724775996e+02 2.214123950650198822e+04 0.000000000000000000e+00 0.000000000000000000e+00
3.705882352941176905e-03 0.000000000000000000e+00 6.555972636250667165e+02 6.178976826074339228e-03 4.783291397715762514e+02 2.330096599518791118e+04 0.000000000000000000e+00 0.000000000000000000e+00
3.788235294117647377e-03 0.000000000000000000e+00 6.870063248725672338e+02 5.397127373914250084e-03 4.752035598487783545e+02 2.405581025567507822e+04 0.000000000000000000e+00 0.000000000000000000e+00
3.870588235294117850e-03 0.000000000000000000e+00 6.983669078311328349e+02 5.097294141633084211e-03 4.744955363743702037e+02 2.450356808800406361e+04 0.000000000000000000e+00 0.000000000000000000e+00
3.952941176470588756e-03 0.000000000000000000e+00 7.010260086920054619e+02 5.054393285069412427e-03 4.744017693421922104e+02 2.466947912055351844e+04 0.000000000000000000e+00 0.000000000000000000e+00
4.035294117647058795e-03 0.000000000000000000e+00 7.013250746906670656e+02 5.051456220235608571e-03 4.743935144247491849e+02 2.469579691793342499e+04 0.000000000000000000e+00 0.000000000000000000e+00
4.117647058823529702e-03 0.000000000000000000e+00 0.000000000000000000e+00 0.000000000000000000e+00 0.000000000000000000e+00 0.000000000000000000e+00 0.000000000000000000e+00 0.000000000000000000e+00
