0.000000000000000000e+00 1.000000000000000000e+00 6.000000000000000000e+00 7.000000000000000000e+00 8.000000000000000000e+00 1.400000000000000000e+01 2.600000000000000000e+01 2.900000000000000000e+01
0.000000000000000000e+00 0.000000000000000000e+00 1.575012728179294754e+03 2.598552714060839435e+02 2.444504421722144798e+03 3.481748246781206399e+04 0.000000000000000000e+00 0.000000000000000000e+00
8.235294117647059457e-05 0.000000000000000000e+00 1.575012728179294754e+03 2.598552714060839435e+02 2.444504421722144798e+03 3.481748246781206399e+04 0.000000000000000000e+00 0.000000000000000000e+00
1.647058823529411891e-04 0.000000000000000000e+00 1.575012728179294754e+03 2.598552714060839435e+02 2.444504421722144798e+03 3.481748246781206399e+04 0.000000000000000000e+00 0.000000000000000000e+00
2.470588235294117973e-04 0.000000000000000000e+00 1.575012728179294754e+03 2.598552714060839435e+02 2.444504421722144798e+03 3.481748246781206399e+04 0.000000000000000000e+00 0.000000000000000000e+00
3.294117647058823783e-04 0.000000000000000000e+00 1.575012728179294754e+03 2.598552714060839435e+02 2.444504421722144798e+03 3.481748246781206399e+04 0.000000000000000000e+00 0.000000000000000000e+00
4.117647058823529593e-04 0.000000000000000000e+00 1.575012728179294754e+03 2.598552714060839435e+02 2.444504421722144798e+03 3.481748246781206399e+04 0.000000000000000000e+00 0.000000000000000000e+00
4.941176470588235945e-04 0.000000000000000000e+00 1.575012728179294754e+03 2.598552714060839435e+02 2.444504421722144798e+03 3.481748246781206399e+04 0.000000000000000000e+00 0.000000000000000000e+00
5.764705882352941756e-04 0.000000000000000000e+00 1.575012728179294754e+03 2.598552714060839435e+02 2.444504421722144798e+03 3.481748246781206399e+04 0.000000000000000000e+00 0.000000000000000000e+00
6.588235294117647566e-04 0.000000000000000000e+00 1.298543800207358572e+03 2.484180178990354761e+02 2.204852461780059457e+03 3.328502799303156644e+04 3.321297509122095562e+03 0.000000000000000000e+00
7.411764705882353376e-04 0.000000000000000000e+00 1.298543800207358572e+03 2.484180178990354761e+02 2.204852461780059457e+03 3.328502799303156644e+04 3.321297509122095562e+03 0.000000000000000000e+00
8.235294117647059186e-04 0.000000000000000000e+00 1.298543800207358572e+03 2.484180178990354761e+02 2.204852461780059457e+03 3.328502799303156644e+04 3.321297509122095562e+03 0.000000000000000000e+00
9.058823529411764996e-04 0.000000000000000000e+00 1.298543800207358572e+03 2.484180178990354761e+02 2.204852461780059457e+03 3.328502799303156644e+04 3.321297509122095562e+03 0.000000000000000000e+00
9.882352941176471891e-04 0.000000000000000000e+00 1.298543800207358572e+03 2.484180178990354761e+02 2.204852461780059457e+03 3.328502799303156644e+04 3.321297509122095562e+03 0.000000000000000000e+00
1.070588235294117662e-03 0.000000000000000000e+00 1.298543800207358572e+03 2.484180178990354761e+02 2.204852461780059457e+03 3.328502799303156644e+04 3.321297509122095562e+03 0.000000000000000000e+00
1.152941176470588351e-03 0.000000000000000000e+00 1.298543800207358572e+03 2.484180178990354761e+02 2.204852461780059457e+03 3.328502799303156644e+04 3.321297509122095562e+03 0.000000000000000000e+00
1.235294117647058824e-03 0.000000000000000000e+00 1.226008107309604384e+03 2.418960204106710421e+02 2.142313221202054592e+03 3.241115873504978299e+04 0.000000000000000000e+00 1.063829727021433973e+04
1.317647058823529513e-03 0.000000000000000000e+00 1.226008107309604384e+03 2.418960204106710421e+02 2.142313221202054592e+03 3.241115873504978299e+04 0.000000000000000000e+00 1.063829727021433973e+04
1.400000000000000203e-03 0.000000000000000000e+00 1.226008107309604384e+03 2.418960204106710421e+02 2.142313221202054592e+03 3.241115873504978299e+04 0.000000000000000000e+00 1.063829727021433973e+04
1.482352941176470675e-03 0.000000000000000000e+00 1.226008107309604384e+03 2.418960204106710421e+02 2.142313221202054592e+03 3.241115873504978299e+04 0.000000000000000000e+00 1.063829727021433973e+04
1.564705882352941365e-03 0.000000000000000000e+00 1.226008107309604384e+03 2.418960204106710421e+02 2.142313221202054592e+03 3.241115873504978299e+04 0.000000000000000000e+00 1.063829727021433973e+04
1.647058823529411837e-03 0.000000000000000000e+00 1.226008107309604384e+03 2.418960204106710421e+02 2.142313221202054592e+03 3.241115873504978299e+04 0.000000000000000000e+00 1.063829727021433973e+04
1.729411764705882527e-03 0.000000000000000000e+00 1.226008107309604384e+03 2.418960204106710421e+02 2.142313221202054592e+03 3.241115873504978299e+04 0.000000000000000000e+00 1.063829727021433973e+04
1.811764705882352999e-03 0.000000000000000000e+00 1.575012728179294754e+03 2.598552714060839435e+02 2.444504421722144798e+03 3.481748246781206399e+04 0.000000000000000000e+00 0.000000000000000000e+00
1.894117647058823689e-03 0.000000000000000000e+00 1.575012728179294754e+03 2.598552714060839435e+02 2.444504421722144798e+03 3.481748246781206399e+04 0.000000000000000000e+00 0.000000000000000000e+00
1.976470588235294378e-03 0.000000000000000000e+00 1.575012728179294754e+03 2.598552714060839435e+02 2.444504421722144798e+03 3.481748246781206399e+04 0.000000000000000000e+00 0.000000000000000000e+00
2.058823529411764851e-03 0.000000000000000000e+00 1.575012728179294754e+03 2.598552714060839435e+02 2.444504421722144798e+03 3.481748246781206399e+04 0.000000000000000000e+00 0.000000000000000000e+00
2.141176470588235323e-03 0.000000000000000000e+00 1.575012728179294754e+03 2.598552714060839435e+02 2.444504421722144798e+03 3.481748246781206399e+04 0.000000000000000000e+00 0.000000000000000000e+00
2.223529411764706230e-03 0.000000000000000000e+00 1.575012728179294754e+03 2.598552714060839435e+02 2.444504421722144798e+03 3.481748246781206399e+04 0.000000000000000000e+00 0.000000000000000000e+00
2.305882352941176702e-03 0.000000000000000000e+00 1.575012728179294754e+03 2.598552714060839435e+02 2.444504421722144798e+03 3.481748246781206399e+04 0.000000000000000000e+00 0.000000000000000000e+00
2.388235294117647175e-03 0.000000000000000000e+00 1.575012728179294754e+03 2.598552714060839435e+02 2.444504421722144798e+03 3.481748246781206399e+04 0.000000000000000000e+00 0.000000000000000000e+00
2.470588235294117647e-03 0.000000000000000000e+00 1.298543800207358572e+03 2.484180178990354761e+02 2.204852461780059457e+03 3.328502799303156644e+04 3.321297509122095562e+03 0.000000000000000000e+00
2.552941176470588554e-03 0.000000000000000000e+00 1.298543800207358572e+03 2.484180178990354761e+02 2.204852461780059457e+03 3.328502799303156644e+04 3.321297509122095562e+03 0.000000000000000000e+00
2.635294117647059026e-03 0.000000000000000000e+00 1.298543800207358572e+03 2.484180178990354761e+02 2.204852461780059457e+03 3.328502799303156644e+04 3.321297509122095562e+03 0.000000000000000000e+00
2.717647058823529499e-03 0.000000000000000000e+00 1.226008107309604384e+03 2.418960204106710421e+02 2.142313221202054592e+03 3.241115873504978299e+04 0.000000000000000000e+00 1.063829727021433973e+04
2.800000000000000405e-03 0.000000000000000000e+00 1.226008107309604384e+03 2.418960204106710421e+02 2.142313221202054592e+03 3.241115873504978299e+04 0.000000000000000000e+00 1.063829727021433973e+04
2.882352941176470878e-03 0.000000000000000000e+00 1.226008107309604384e+03 2.418960204106710421e+02 2.142313221202054592e+03 3.241115873504978299e+04 0.000000000000000000e+00 1.063829727021433973e+04
2.964705882352941350e-03 0.000000000000000000e+00 1.226008107309604384e+03 2.418960204106710421e+02 2.142313221202054592e+03 3.241115873504978299e+04 0.000000000000000000e+00 1.063829727021433973e+04
3.047058823529411823e-03 0.000000000000000000e+00 1.575012728179294754e+03 2.598552714060839435e+02 2.444504421722144798e+03 3.481748246781206399e+04 0.000000000000000000e+00 0.000000000000000000e+00
3.129411764705882729e-03 0.000000000000000000e+00 1.575012728179294754e+03 2.598552714060839435e+02 2.444504421722144798e+03 3.481748246781206399e+04 0.000000000000000000e+00 0.000000000000000000e+00
3.211764705882353202e-03 0.000000000000000000e+00 1.575012728179294754e+03 2.598552714060839435e+02 2.444504421722144798e+03 3.481748246781206399e+04 0.000000000000000000e+00 0.000000000000000000e+00
3.294117647058823675e-03 0.000000000000000000e+00 1.575012728179294754e+03 2.598552714060839435e+02 2.444504421722144798e+03 3.481748246781206399e+04 0.000000000000000000e+00 0.000000000000000000e+00
3.376470588235294581e-03 0.000000000000000000e+00 1.298543800207358572e+03 2.484180178990354761e+02 2.204852461780059457e+03 3.328502799303156644e+04 3.321297509122095562e+03 0.000000000000000000e+00
3.458823529411765053e-03 0.000000000000000000e+00 1.226008107309604384e+03 2.418960204106710421e+02 2.142313221202054592e+03 3.241115873504978299e+04 0.000000000000000000e+00 1.063829727021433973e+04
3.541176470588235526e-03 0.000000000000000000e+00 1.226008107309604384e+03 2.418960204106710421e+02 2.142313221202054592e+03 3.241115873504978299e+04 0.000000000000000000e+00 1.063829727021433973e+04
3.623529411764705999e-03 0.000000000000000000e+00 1.575012728179294754e+03 2.598552714060839435e+02 2.444504421722144798e+03 3.481748246781206399e+04 0.000000000000000000e+00 0.000000000000000000e+00
3.705882352941176905e-03 0.000000000000000000e+00 1.575012728179294754e+03 2.598552714060839435e+02 2.444504421722144798e+03 3.481748246781206399e+04 0.000000000000000000e+00 0.000000000000000000e+00
3.788235294117647377e-03 0.000000000000000000e+00 1.575012728179294754e+03 2.598552714060839435e+02 2.444504421722144798e+03 3.481748246781206399e+04 0.000000000000000000e+00 0.000000000000000000e+00
3.870588235294117850e-03 0.000000000000000000e+00 1.575012728179294754e+03 2.598552714060839435e+02 2.444504421722144798e+03 3.481748246781206399e+04 0.000000000000000000e+00 0.000000000000000000e+00
3.952941176470588756e-03 0.000000000000000000e+00 1.575012728179294754e+03 2.598552714060839435e+02 2.444504421722144798e+03 3.481748246781206399e+04 0.000000000000000000e+00 0.000000000000000000e+00
4.035294117647058795e-03 0.000000000000000000e+00 1.575012728179294754e+03 2.598552714060839435e+02 2.444504421722144798e+03 3.481748246781206399e+04 0.000000000000000000e+00 0.000000000000000000e+00
4.117647058823529702e-03 0.000000000000000000e+00 0.000000000000000000e+00 0.000000000000000000e+00 0.000000000000000000e+00 0.000000000000000000e+00 0.000000000000000000e+00 0.000000000000000000e+00
