0.000000000000000000e+00 1.000000000000000000e+00 6.000000000000000000e+00 7.000000000000000000e+00 8.000000000000000000e+00 1.400000000000000000e+01 2.600000000000000000e+01 2.900000000000000000e+01
0.000000000000000000e+00 0.000000000000000000e+00 7.013250746906670656e+02 5.051456220235608571e-03 4.743935144247491849e+02 2.469579691793342499e+04 0.000000000000000000e+00 0.000000000000000000e+00
8.235294117647059457e-05 0.000000000000000000e+00 7.013250746906670656e+02 5.051674682488575124e-03 4.743935144247491849e+02 2.469405257908798376e+04 0.000000000000000000e+00 0.000000000000000000e+00
1.647058823529411891e-04 0.000000000000000000e+00 7.013250746906670656e+02 5.058713707868224378e-03 4.743935144247491849e+02 2.466062023106209017e+04 0.000000000000000000e+00 0.000000000000000000e+00
2.470588235294117973e-04 0.000000000000000000e+00 7.011160038825591982e+02 5.107803424193124373e-03 4.744027645515209883e+02 2.454638158464874141e+04 0.000000000000000000e+00 0.000000000000000000e+00
3.294117647058823783e-04 0.000000000000000000e+00 6.992289758777595807e+02 5.351345543755713606e-03 4.745080286752441339e+02 2.428668356250854413e+04 0.000000000000000000e+00 0.000000000000000000e+00
4.117647058823529593e-04 0.000000000000000000e+00 6.910055260334069089e+02 5.975892116348403144e-03 4.753011063604824926e+02 2.384818805714124392e+04 0.000000000000000000e+00 0.000000000000000000e+00
4.941176470588235945e-04 0.000000000000000000e+00 6.676307515616639421e+02 7.086721167496312646e-03 4.787977534530479602e+02 2.322501015769370497e+04 0.000000000000000000e+00 0.000000000000000000e+00
5.764705882352941756e-04 0.000000000000000000e+00 6.421057327609516960e+02 8.388462526094014882e-03 4.831387405032426159e+02 2.260696419240082105e+04 0.000000000000000000e+00 0.000000000000000000e+00
6.588235294117647566e-04 0.000000000000000000e+00 5.297250846094603958e+02 8.191974772817009476e-03 4.410661065308177626e+02 2.154482261922732141e+04 8.236269954968311140e+02 0.000000000000000000e+00
7.411764705882353376e-04 0.000000000000000000e+00 5.297250846094603958e+02 8.191878439464990100e-03 4.410661065308177626e+02 2.153507444809884691e+04 8.236269954968311140e+02 0.000000000000000000e+00
8.235294117647059186e-04 0.000000000000000000e+00 5.297096626007112263e+02 8.191108401790853089e-03 4.410658065381799133e+02 2.149189071562317986e+04 8.236319124515426893e+02 0.000000000000000000e+00
9.058823529411764996e-04 0.000000000000000000e+00 5.294020778743038136e+02 8.187244812118981210e-03 4.410589194978774117e+02 2.138486781591820545e+04 8.237395112595522733e+02 0.000000000000000000e+00
9.882352941176471891e-04 0.000000000000000000e+00 5.278778508151270898e+02 8.175829602898504467e-03 4.410106420096647071e+02 2.118570752240219372e+04 8.243625540910032896e+02 0.000000000000000000e+00
1.070588235294117662e-03 0.000000000000000000e+00 5.222901070922146118e+02 8.156909036409896313e-03 4.407549134748689426e+02 2.089018604827271338e+04 8.270743383317892494e+02 0.000000000000000000e+00
1.152941176470588351e-03 0.000000000000000000e+00 5.136471370785578756e+02 8.132434558357218984e-03 4.402935303569348662e+02 2.055757723776860439e+04 8.316792831132189576e+02 0.000000000000000000e+00
1.235294117647058824e-03 0.000000000000000000e+00 4.839542539397634187e+02 7.909885738590159698e-03 4.303842346393103639e+02 1.989568351791359601e+04 0.000000000000000000e+00 4.908004425554443515e+03
1.317647058823529513e-03 0.000000000000000000e+00 4.839542539397634187e+02 7.907520987872585297e-03 4.303842346393103639e+02 1.990759702341857337e+04 0.000000000000000000e+00 4.908004425554443515e+03
1.400000000000000203e-03 0.000000000000000000e+00 4.839585889765862134e+02 7.881754295490869117e-03 4.303839839343439735e+02 1.998725006020677392e+04 0.000000000000000000e+00 4.908001525097641206e+03
1.482352941176470675e-03 0.000000000000000000e+00 4.844384254598663802e+02 7.745009490065980599e-03 4.303550054317218496e+02 2.020989667230948544e+04 0.000000000000000000e+00 4.907716505854235947e+03
1.564705882352941365e-03 0.000000000000000000e+00 4.873370554741136971e+02 7.260748201141976367e-03 4.301469364822351054e+02 2.067257103231673318e+04 0.000000000000000000e+00 4.906253142163478515e+03
1.647058823529411837e-03 0.000000000000000000e+00 5.005353043891585116e+02 6.454362121057056687e-03 4.288271979197965038e+02 2.140883812813322220e+04 0.000000000000000000e+00 4.900845619477108812e+03
1.729411764705882527e-03 0.000000000000000000e+00 5.314256126772864945e+02 5.384344483709511790e-03 4.253005242510429298e+02 2.239129276026787193e+04 0.000000000000000000e+00 4.890256844087470199e+03
1.811764705882352999e-03 0.000000000000000000e+00 7.013250746906670656e+02 5.051456220235608571e-03 4.743935144247491849e+02 2.469579691793342499e+04 0.000000000000000000e+00 0.000000000000000000e+00
1.894117647058823689e-03 0.000000000000000000e+00 7.013250746906670656e+02 5.051920311876290960e-03 4.743935144247491849e+02 2.469232174597915582e+04 0.000000000000000000e+00 0.000000000000000000e+00
1.976470588235294378e-03 0.000000000000000000e+00 7.013250746906670656e+02 5.061574494240541830e-03 4.743935144247491849e+02 2.465053855124506663e+04 0.000000000000000000e+00 0.000000000000000000e+00
2.058823529411764851e-03 0.000000000000000000e+00 7.009961608684500334e+02 5.124302529933476291e-03 4.744084849125583219e+02 2.451995299751663697e+04 0.000000000000000000e+00 0.000000000000000000e+00
2.141176470588235323e-03 0.000000000000000000e+00 6.986585356844957460e+02 5.416656294858123756e-03 4.745465308447520556e+02 2.423477422899803059e+04 0.000000000000000000e+00 0.000000000000000000e+00
2.223529411764706230e-03 0.000000000000000000e+00 6.887739979369615639e+02 6.100087678032733822e-03 4.755725148210551083e+02 2.376461347128210036e+04 0.000000000000000000e+00 0.000000000000000000e+00
2.305882352941176702e-03 0.000000000000000000e+00 6.633193739815725394e+02 7.292218418757298419e-03 4.795359371453764652e+02 2.308600102949656866e+04 0.000000000000000000e+00 0.000000000000000000e+00
2.388235294117647175e-03 0.000000000000000000e+00 6.384308899473448946e+02 8.532984686644977390e-03 4.837127207297174891e+02 2.240933400245896337e+04 0.000000000000000000e+00 0.000000000000000000e+00
2.470588235294117647e-03 0.000000000000000000e+00 5.284339212447896443e+02 8.178741493143262126e-03 4.410305549451694560e+02 2.123667279177079763e+04 8.241233449932093436e+02 0.000000000000000000e+00
2.552941176470588554e-03 0.000000000000000000e+00 5.240165312035741181e+02 8.153427951963729617e-03 4.408414579769524835e+02 2.099803510439739694e+04 8.261938851003325226e+02 0.000000000000000000e+00
2.635294117647059026e-03 0.000000000000000000e+00 5.153129356362074986e+02 8.072831758946441214e-03 4.403725432811395422e+02 2.078785132312053611e+04 8.308135284782611052e+02 0.000000000000000000e+00
2.717647058823529499e-03 0.000000000000000000e+00 4.851569803013692876e+02 7.587913239779600638e-03 4.303096383469042507e+02 2.037545549364486214e+04 0.000000000000000000e+00 4.907326193218949811e+03
2.800000000000000405e-03 0.000000000000000000e+00 4.910161690090747015e+02 6.950458246913686182e-03 4.298124641267873471e+02 2.094749992290328737e+04 0.000000000000000000e+00 4.904615740809968884e+03
2.882352941176470878e-03 0.000000000000000000e+00 5.127073740940376183e+02 6.031022051541901421e-03 4.274581058259747692e+02 2.177663572262872913e+04 0.000000000000000000e+00 4.896515715296011876e+03
2.964705882352941350e-03 0.000000000000000000e+00 5.423750347371480984e+02 5.060835407236370133e-03 4.240265029520851954e+02 2.257107119552440054e+04 0.000000000000000000e+00 4.884290163461601878e+03
3.047058823529411823e-03 0.000000000000000000e+00 6.983188024690239217e+02 5.451711048313124044e-03 4.745711730706237290e+02 2.417064866883867217e+04 0.000000000000000000e+00 0.000000000000000000e+00
3.129411764705882729e-03 0.000000000000000000e+00 6.873148187874373889e+02 6.159599744883698970e-03 4.757280565206696110e+02 2.362642441138889990e+04 0.000000000000000000e+00 0.000000000000000000e+00
3.211764705882353202e-03 0.000000000000000000e+00 6.599010208913765609e+02 7.346748154340507556e-03 4.798714329643904080e+02 2.290295233905217174e+04 0.000000000000000000e+00 0.000000000000000000e+00
3.294117647058823675e-03 0.000000000000000000e+00 6.329337775845194756e+02 8.316918795177650689e-03 4.835826349869408318e+02 2.235788886297224599e+04 0.000000000000000000e+00 0.000000000000000000e+00
3.376470588235294581e-03 0.000000000000000000e+00 5.207450951075029479e+02 7.372493164777739992e-03 4.400906973526812180e+02 2.154070719870024550e+04 8.289604303056269146e+02 0.000000000000000000e+00
3.458823529411765053e-03 0.000000000000000000e+00 5.041113813487044126e+02 6.316150129525884352e-03 4.284302820376923364e+02 2.154077667081931941e+04 0.000000000000000000e+00 4.899530931158579733e+03
3.541176470588235526e-03 0.000000000000000000e+00 5.354026637115190397e+02 5.241681391603260007e-03 4.248446772083636347e+02 2.251451004863916387e+04 0.000000000000000000e+00 4.888909549005452391e+03
3.623529411764705999e-03 0.000000000000000000e+00 7.013250746906670656e+02 5.051456220235608571e-03 4.743935144247491849e+02 2.469579691793342499e+04 0.000000000000000000e+00 0.000000000000000000e+00
3.705882352941176905e-03 0.000000000000000000e+00 7.013250746906670656e+02 5.051456220235608571e-03 4.743935144247491849e+02 2.469579691793342499e+04 0.000000000000000000e+00 0.000000000000000000e+00
3.788235294117647377e-03 0.000000000000000000e+00 7.013250746906670656e+02 5.051456220235608571e-03 4.743935144247491849e+02 2.469579691793342499e+04 0.000000000000000000e+00 0.000000000000000000e+00
3.870588235294117850e-03 0.000000000000000000e+00 7.013250746906670656e+02 5.051456220235609439e-03 4.743935144247491849e+02 2.469579691793342499e+04 0.000000000000000000e+00 0.000000000000000000e+00
3.952941176470588756e-03 0.000000000000000000e+00 7.013250746906670656e+02 5.051456220235607704e-03 4.743935144247491849e+02 2.469579691793342499e+04 0.000000000000000000e+00 0.000000000000000000e+00
4.035294117647058795e-03 0.000000000000000000e+00 7.013250746906670656e+02 5.051456220235607704e-03 4.743935144247491849e+02 2.469579691793342499e+04 0.000000000000000000e+00 0.000000000000000000e+00
4.117647058823529702e-03 0.000000000000000000e+00 0.000000000000000000e+00 0.000000000000000000e+00 0.000000000000000000e+00 0.000000000000000000e+00 0.000000000000000000e+00 0.000000000000000000e+00
