0.000000000000000000e+00 1.000000000000000000e+00 6.000000000000000000e+00 7.000000000000000000e+00 8.000000000000000000e+00 1.400000000000000000e+01 2.600000000000000000e+01 2.900000000000000000e+01
0.000000000000000000e+00 0.000000000000000000e+00 8.446651480667711667e+02 5.407322256191485772e-12 4.780361556788260486e+02 9.525502750961031779e+03 0.000000000000000000e+00 0.000000000000000000e+00
1.386138613861386286e-04 0.000000000000000000e+00 8.446651480667711667e+02 5.407322256191485772e-12 4.780361556788260486e+02 9.525502750961031779e+03 0.000000000000000000e+00 0.000000000000000000e+00
2.772277227722772571e-04 0.000000000000000000e+00 8.446651480667711667e+02 5.407322256191485772e-12 4.780361556788260486e+02 9.525502750961031779e+03 0.000000000000000000e+00 0.000000000000000000e+00
4.158415841584158857e-04 0.000000000000000000e+00 8.446651480667711667e+02 5.407322256191485772e-12 4.780361556788260486e+02 9.525502750961031779e+03 0.000000000000000000e+00 0.000000000000000000e+00
5.544554455445545142e-04 0.000000000000000000e+00 8.446651480667711667e+02 5.407322621965569032e-12 4.780361556788260486e+02 9.525026974228707331e+03 0.000000000000000000e+00 0.000000000000000000e+00
6.930693069306931428e-04 0.000000000000000000e+00 8.446648971178657348e+02 5.407335207964414335e-12 4.780361556805401619e+02 9.519484284439968178e+03 0.000000000000000000e+00 0.000000000000000000e+00
8.316831683168317713e-04 0.000000000000000000e+00 8.446610265975378979e+02 5.407504888948201124e-12 4.780361557268641377e+02 9.503143325937931877e+03 0.000000000000000000e+00 0.000000000000000000e+00
9.702970297029703999e-04 0.000000000000000000e+00 8.446406276007026008e+02 5.409437457619209658e-12 4.780361562882649196e+02 9.469538102851611256e+03 0.000000000000000000e+00 0.000000000000000000e+00
1.108910891089109028e-03 0.000000000000000000e+00 8.445634937176777157e+02 5.428857702064094961e-12 4.780361618338670269e+02 9.410542697637169113e+03 0.000000000000000000e+00 0.000000000000000000e+00
1.247524752475247765e-03 0.000000000000000000e+00 8.443139770052370068e+02 5.585561529753845303e-12 4.780362128012905600e+02 9.315481284590945506e+03 0.000000000000000000e+00 0.000000000000000000e+00
1.386138613861386286e-03 0.000000000000000000e+00 8.435705788119873887e+02 5.996520018601431203e-12 4.780366791708493110e+02 9.182853226183589868e+03 0.000000000000000000e+00 0.000000000000000000e+00
1.524752475247524806e-03 0.000000000000000000e+00 8.415180411409892258e+02 6.666287834000576296e-12 4.780410478276845652e+02 9.014378199468597813e+03 0.000000000000000000e+00 0.000000000000000000e+00
1.663366336633663543e-03 0.000000000000000000e+00 8.359671008881281296e+02 7.671903996736042180e-12 4.780844693678341173e+02 8.804996749624751828e+03 0.000000000000000000e+00 0.000000000000000000e+00
1.801980198019802280e-03 0.000000000000000000e+00 8.203698288728154466e+02 9.182050548238858514e-12 4.785648157345424352e+02 8.541276778563025800e+03 0.000000000000000000e+00 0.000000000000000000e+00
1.940594059405940800e-03 0.000000000000000000e+00 7.809695562856180686e+02 1.158002402293138332e-11 4.818625530348603547e+02 8.203589720132071307e+03 0.000000000000000000e+00 0.000000000000000000e+00
2.079207920792079320e-03 0.000000000000000000e+00 6.963037940050339785e+02 1.138897521428291013e-11 4.577055353668465045e+02 7.510047354397434901e+03 4.455813850829167677e+02 0.000000000000000000e+00
2.217821782178218057e-03 0.000000000000000000e+00 6.963037940050339785e+02 1.138897521428291013e-11 4.577055353668465045e+02 7.510047354397434901e+03 4.455813850829167677e+02 0.000000000000000000e+00
2.356435643564356794e-03 0.000000000000000000e+00 6.963037940050339785e+02 1.138897521428291013e-11 4.577055353668465045e+02 7.510047354397434901e+03 4.455813850829167677e+02 0.000000000000000000e+00
2.495049504950495531e-03 0.000000000000000000e+00 6.963037940050339785e+02 1.138897530687791826e-11 4.577055353668465045e+02 7.509981223207750190e+03 4.455813850829167677e+02 0.000000000000000000e+00
2.633663366336633834e-03 0.000000000000000000e+00 6.963037798648408625e+02 1.138900228664659371e-11 4.577055353670698992e+02 7.501228180600783162e+03 4.455813851364035258e+02 0.000000000000000000e+00
2.772277227722772571e-03 0.000000000000000000e+00 6.963019023275712698e+02 1.138944341369789519e-11 4.577055354101314606e+02 7.465185666177305393e+03 4.455813941917074317e+02 0.000000000000000000e+00
2.910891089108911308e-03 0.000000000000000000e+00 6.962885086436115216e+02 1.139453233444816888e-11 4.577055360613666721e+02 7.383993990733833016e+03 4.455814857430136726e+02 0.000000000000000000e+00
3.049504950495049611e-03 0.000000000000000000e+00 6.962304820614720029e+02 1.144601941822062501e-11 4.577055427259218163e+02 7.236123591592606317e+03 4.455820644972906166e+02 0.000000000000000000e+00
3.188118811881188348e-03 0.000000000000000000e+00 6.960232901145815276e+02 1.190989859177513352e-11 4.577056030388501426e+02 6.993547230270456566e+03 4.455851406725848278e+02 0.000000000000000000e+00
3.326732673267327085e-03 0.000000000000000000e+00 6.953440941979350782e+02 1.408031527087194064e-11 4.577061347386059538e+02 6.638757074021700646e+03 4.456004732490565061e+02 0.000000000000000000e+00
3.465346534653465822e-03 0.000000000000000000e+00 6.932759862260602404e+02 1.869638688137686770e-11 4.577108375604486810e+02 6.195231603273364271e+03 4.456743051725329678e+02 0.000000000000000000e+00
3.603960396039604559e-03 0.000000000000000000e+00 6.871607972609681383e+02 2.726832931965385173e-11 4.577541778719379408e+02 5.667066289112587583e+03 4.460332128377431786e+02 0.000000000000000000e+00
3.742574257425742863e-03 0.000000000000000000e+00 6.685567824366379455e+02 4.299913345612753016e-11 4.581852814478104960e+02 5.042454694845495396e+03 4.478823817576724764e+02 0.000000000000000000e+00
3.881188118811881600e-03 0.000000000000000000e+00 6.068957752961009646e+02 7.373166240745728228e-11 4.629665893688414258e+02 4.283374918853139206e+03 4.585427441637673383e+02 0.000000000000000000e+00
4.019801980198019903e-03 0.000000000000000000e+00 3.804349807872467863e+02 7.669246926903280978e-11 4.029854363819913488e+02 2.623442199220923158e+03 0.000000000000000000e+00 1.046790884473118240e+04
4.158415841584158640e-03 0.000000000000000000e+00 3.804349807872467863e+02 7.669246926903280978e-11 4.029854363819913488e+02 2.623442199220923158e+03 0.000000000000000000e+00 1.046790884473118240e+04
4.297029702970297377e-03 0.000000000000000000e+00 3.804349807872467863e+02 7.669246926903280978e-11 4.029854363819913488e+02 2.623442199220923158e+03 0.000000000000000000e+00 1.046790884473118240e+04
4.435643564356436114e-03 0.000000000000000000e+00 3.804349807872467863e+02 7.669246926903280978e-11 4.029854363819913488e+02 2.623442199220923158e+03 0.000000000000000000e+00 1.046790884473118240e+04
4.574257425742574851e-03 0.000000000000000000e+00 3.804349807872467863e+02 7.669237747123676015e-11 4.029854363819913488e+02 2.624525239916538794e+03 0.000000000000000000e+00 1.046790884473118240e+04
4.712871287128713588e-03 0.000000000000000000e+00 3.804349928691435707e+02 7.669050161059423296e-11 4.029854363558814043e+02 2.633936334750399055e+03 0.000000000000000000e+00 1.046790617369631582e+04
4.851485148514852325e-03 0.000000000000000000e+00 3.804351953259898096e+02 7.667159868258357067e-11 4.029854358441018576e+02 2.661370345265512697e+03 0.000000000000000000e+00 1.046787583074744907e+04
4.990099009900991062e-03 0.000000000000000000e+00 3.804367281038471447e+02 7.650372866560816108e-11 4.029854305544064914e+02 2.720340356165741014e+03 0.000000000000000000e+00 1.046773275497794202e+04
5.128712871287128931e-03 0.000000000000000000e+00 3.804455580653840912e+02 7.518105138597889949e-11 4.029853852786828270e+02 2.830180958092467336e+03 0.000000000000000000e+00 1.046723822631939220e+04
5.267326732673267668e-03 0.000000000000000000e+00 3.804908667184552087e+02 6.778021042554856158e-11 4.029850185703758143e+02 3.018511424722833908e+03 0.000000000000000000e+00 1.046576143174512617e+04
5.405940594059406405e-03 0.000000000000000000e+00 3.807115575142493640e+02 5.577918818802699049e-11 4.029820582569871021e+02 3.300038080664078279e+03 0.000000000000000000e+00 1.046175433253365372e+04
5.544554455445545142e-03 0.000000000000000000e+00 3.817639244699583969e+02 4.298656133679068063e-11 4.029575478971055986e+02 3.692926553944052557e+03 0.000000000000000000e+00 1.045180594997620392e+04
5.683168316831683879e-03 0.000000000000000000e+00 3.869031834752609029e+02 3.024939600238317767e-11 4.027412404230929042e+02 4.236053060272406583e+03 0.000000000000000000e+00 1.042815036005359252e+04
5.821782178217822616e-03 0.000000000000000000e+00 4.140449566916312278e+02 1.767398377880014401e-11 4.006035093150469493e+02 5.008522255895743911e+03 0.000000000000000000e+00 1.037191782565573885e+04
5.960396039603961353e-03 0.000000000000000000e+00 5.091559353589923376e+02 4.305291483525955923e-12 3.906131284179061254e+02 6.055395236470205418e+03 0.000000000000000000e+00 1.026712317340372283e+04
6.099009900990099223e-03 0.000000000000000000e+00 8.446651480667711667e+02 5.407322256191485772e-12 4.780361556788260486e+02 9.525502750961031779e+03 0.000000000000000000e+00 0.000000000000000000e+00
6.237623762376237960e-03 0.000000000000000000e+00 8.446651480667711667e+02 5.407322256191485772e-12 4.780361556788260486e+02 9.525502750961031779e+03 0.000000000000000000e+00 0.000000000000000000e+00
6.376237623762376697e-03 0.000000000000000000e+00 8.446651480667711667e+02 5.407322256191485772e-12 4.780361556788260486e+02 9.525502750961031779e+03 0.000000000000000000e+00 0.000000000000000000e+00
6.514851485148515434e-03 0.000000000000000000e+00 8.446651480667711667e+02 5.407322314282406752e-12 4.780361556788260486e+02 9.525410258654243080e+03 0.000000000000000000e+00 0.000000000000000000e+00
6.653465346534654171e-03 0.000000000000000000e+00 8.446651004700879639e+02 5.407327748533257773e-12 4.780361556791272619e+02 9.521932338856395290e+03 0.000000000000000000e+00 0.000000000000000000e+00
6.792079207920792908e-03 0.000000000000000000e+00 8.446630082380451086e+02 5.407410656710404421e-12 4.780361556987572840e+02 9.509245559048100404e+03 0.000000000000000000e+00 0.000000000000000000e+00
6.930693069306931645e-03 0.000000000000000000e+00 8.446497493546758051e+02 5.408383768164179197e-12 4.780361559763538821e+02 9.481347938475246337e+03 0.000000000000000000e+00 0.000000000000000000e+00
7.069306930693070382e-03 0.000000000000000000e+00 8.445960519085556371e+02 5.418455242736998794e-12 4.780361588241231630e+02 9.430618490529783230e+03 0.000000000000000000e+00 0.000000000000000000e+00
7.207920792079209119e-03 0.000000000000000000e+00 8.444161613880496589e+02 5.512154278591923705e-12 4.780361853456590779e+02 9.346848276287508270e+03 0.000000000000000000e+00 0.000000000000000000e+00
7.346534653465346988e-03 0.000000000000000000e+00 8.438676397915096459e+02 5.854682697719646212e-12 4.780364282452629823e+02 9.224319987190738175e+03 0.000000000000000000e+00 0.000000000000000000e+00
7.485148514851485725e-03 0.000000000000000000e+00 8.423272497307972344e+02 6.445405797170175640e-12 4.780386730073026911e+02 9.066399866430498150e+03 0.000000000000000000e+00 0.000000000000000000e+00
7.623762376237624462e-03 0.000000000000000000e+00 8.381653220164923823e+02 7.344321512567914857e-12 4.780604310993256263e+02 8.861223209002379008e+03 0.000000000000000000e+00 0.000000000000000000e+00
7.762376237623763199e-03 0.000000000000000000e+00 8.266845602410900256e+02 8.681140446214773212e-12 4.782901275958292331e+02 8.579024984381816466e+03 0.000000000000000000e+00 0.000000000000000000e+00
7.900990099009901069e-03 0.000000000000000000e+00 7.932466542413678781e+02 1.077965313081632028e-11 4.807065918365144057e+02 8.177533395334518900e+03 0.000000000000000000e+00 0.000000000000000000e+00
8.039603960396039806e-03 0.000000000000000000e+00 6.962376036861161310e+02 1.143714068864019483e-11 4.577055416395716065e+02 7.249535468590405799e+03 4.455819836391310105e+02 0.000000000000000000e+00
8.178217821782178543e-03 0.000000000000000000e+00 6.960471511207487083e+02 1.183342663444894963e-11 4.577055935644783631e+02 7.014837459877827314e+03 4.455847311176361814e+02 0.000000000000000000e+00
8.316831683168317280e-03 0.000000000000000000e+00 6.954212060806689806e+02 1.385367075354348373e-11 4.577060504973970296e+02 6.667476115089453742e+03 4.455984421380628078e+02 0.000000000000000000e+00
8.455445544554456017e-03 0.000000000000000000e+00 6.935059168166130803e+02 1.826061064984938411e-11 4.577100878118102401e+02 6.229906569683505040e+03 4.456645684774127290e+02 0.000000000000000000e+00
8.594059405940594754e-03 0.000000000000000000e+00 6.878420445741638787e+02 2.647199697640698915e-11 4.577471460490526169e+02 5.710839459569240717e+03 4.459853021388162801e+02 0.000000000000000000e+00
8.732673267326733491e-03 0.000000000000000000e+00 6.706604370908404462e+02 4.152520072561573784e-11 4.581139907964367808e+02 5.111343437712667765e+03 4.476301309473599304e+02 0.000000000000000000e+00
8.871287128712872228e-03 0.000000000000000000e+00 6.137714999756482257e+02 7.065587564873294706e-11 4.622414205823968132e+02 4.406922176611444229e+03 4.571256222286870639e+02 0.000000000000000000e+00
9.009900990099010964e-03 0.000000000000000000e+00 3.804372715608475914e+02 7.643763620584971351e-11 4.029854283931711052e+02 2.732304402442759510e+03 0.000000000000000000e+00 1.046769219872077156e+04
9.148514851485149701e-03 0.000000000000000000e+00 3.804484700408208937e+02 7.468344088035917797e-11 4.029853675781573088e+02 2.851579198523963441e+03 0.000000000000000000e+00 1.046711047368284380e+04
9.287128712871288438e-03 0.000000000000000000e+00 3.805054977712985078e+02 6.617569181863208714e-11 4.029848739619658886e+02 3.052740580044965100e+03 0.000000000000000000e+00 1.046539421760870391e+04
9.425742574257427175e-03 0.000000000000000000e+00 3.807814722467673505e+02 5.395793439020285041e-11 4.029808922277473471e+02 3.348598969857959673e+03 0.000000000000000000e+00 1.046081052345376520e+04
9.564356435643565912e-03 0.000000000000000000e+00 3.820984595383491182e+02 4.109768851765074088e-11 4.029476935907563870e+02 3.759614077917492068e+03 0.000000000000000000e+00 1.044953146466748694e+04
9.702970297029704649e-03 0.000000000000000000e+00 3.885741125726241307e+02 2.828208590340954191e-11 4.026516537808545877e+02 4.325463589600618434e+03 0.000000000000000000e+00 1.042278148364097979e+04
9.841584158415843386e-03 0.000000000000000000e+00 4.233643831762456671e+02 1.563684263103849212e-11 3.996726114639181446e+02 5.130600600623716673e+03 0.000000000000000000e+00 1.035893593908577350e+04
9.980198019801982123e-03 0.000000000000000000e+00 5.213545410922384917e+02 3.675158220657040512e-12 3.893561988802350129e+02 6.122321209480875950e+03 0.000000000000000000e+00 1.025397054171098171e+04
1.011881188118811913e-02 0.000000000000000000e+00 8.445536619547118562e+02 5.432821328472035111e-12 4.780361629050916008e+02 9.396751989655289435e+03 0.000000000000000000e+00 0.000000000000000000e+00
1.025742574257425786e-02 0.000000000000000000e+00 8.442798919784007694e+02 5.607448460045595809e-12 4.780362229567364807e+02 9.260999110426804691e+03 0.000000000000000000e+00 0.000000000000000000e+00
1.039603960396039660e-02 0.000000000000000000e+00 8.434600875752654474e+02 6.038283204939778250e-12 4.780367719596879397e+02 9.038842270265326079e+03 0.000000000000000000e+00 0.000000000000000000e+00
1.053465346534653534e-02 0.000000000000000000e+00 8.411804525821960397e+02 6.759289656472213885e-12 4.780419273769387019e+02 8.711579302329373604e+03 0.000000000000000000e+00 0.000000000000000000e+00
1.067326732673267407e-02 0.000000000000000000e+00 8.349695412471103282e+02 8.109069755252294125e-12 4.780934965377259687e+02 8.260289496135539594e+03 0.000000000000000000e+00 0.000000000000000000e+00
1.081188118811881281e-02 0.000000000000000000e+00 8.173936334556866541e+02 1.157700229763587435e-11 4.786699971011285584e+02 7.670971808844381485e+03 0.000000000000000000e+00 0.000000000000000000e+00
1.095049504950495155e-02 0.000000000000000000e+00 7.751808560217710919e+02 1.891349246506853982e-11 4.821075314101607887e+02 6.971220757577626500e+03 0.000000000000000000e+00 0.000000000000000000e+00
1.108910891089109028e-02 0.000000000000000000e+00 6.881900425214937513e+02 2.556510193653632055e-11 4.577440847649983766e+02 6.023402132676262227e+03 4.459615210391297637e+02 0.000000000000000000e+00
1.122772277227722902e-02 0.000000000000000000e+00 6.717548025433306975e+02 3.587074222502816853e-11 4.580827202456260920e+02 5.648787787094614941e+03 4.475039362905182543e+02 0.000000000000000000e+00
1.136633663366336776e-02 0.000000000000000000e+00 6.174498697365449971e+02 4.859814709766967592e-11 4.618977573297985373e+02 5.230741733599452346e+03 4.563930076283468225e+02 0.000000000000000000e+00
1.150495049504950650e-02 0.000000000000000000e+00 3.812811638655578577e+02 4.661843550146502860e-11 4.029704523138572654e+02 3.567647188333458871e+03 0.000000000000000000e+00 1.045559634804757115e+04
1.164356435643564523e-02 0.000000000000000000e+00 3.845164514451581681e+02 3.378751408918979309e-11 4.028572557801915082e+02 4.062295351275536177e+03 0.000000000000000000e+00 1.043712034526482967e+04
1.178217821782178397e-02 0.000000000000000000e+00 4.010574220356650699e+02 2.094189889605632437e-11 4.017881329093405043e+02 4.756791227924722079e+03 0.000000000000000000e+00 1.039347927577705559e+04
1.192079207920792271e-02 0.000000000000000000e+00 4.823152456918094799e+02 8.275357513078823843e-12 3.934267645569707952e+02 5.771285384270508075e+03 0.000000000000000000e+00 1.029550334987501083e+04
1.205940594059406144e-02 0.000000000000000000e+00 8.446651480667711667e+02 5.407322256191485772e-12 4.780361556788260486e+02 9.525502750961031779e+03 0.000000000000000000e+00 0.000000000000000000e+00
1.219801980198019845e-02 0.000000000000000000e+00 8.446651480667711667e+02 5.407322256191485772e-12 4.780361556788260486e+02 9.525502750961031779e+03 0.000000000000000000e+00 0.000000000000000000e+00
1.233663366336633718e-02 0.000000000000000000e+00 8.446651480667711667e+02 5.407322256191485772e-12 4.780361556788260486e+02 9.525502750961031779e+03 0.000000000000000000e+00 0.000000000000000000e+00
1.247524752475247592e-02 0.000000000000000000e+00 8.446651480667711667e+02 5.407322256191485772e-12 4.780361556788260486e+02 9.525502750961031779e+03 0.000000000000000000e+00 0.000000000000000000e+00
1.261386138613861466e-02 0.000000000000000000e+00 8.446651480667711667e+02 5.407322256191485772e-12 4.780361556788260486e+02 9.525502750961031779e+03 0.000000000000000000e+00 0.000000000000000000e+00
1.275247524752475339e-02 0.000000000000000000e+00 8.446651480667711667e+02 5.407322256191485772e-12 4.780361556788260486e+02 9.525502750961031779e+03 0.000000000000000000e+00 0.000000000000000000e+00
1.289108910891089213e-02 0.000000000000000000e+00 8.446651480667711667e+02 5.407322256191485772e-12 4.780361556788260486e+02 9.525502750961031779e+03 0.000000000000000000e+00 0.000000000000000000e+00
1.302970297029703087e-02 0.000000000000000000e+00 8.446651480667711667e+02 5.407322256191485772e-12 4.780361556788260486e+02 9.525502750961031779e+03 0.000000000000000000e+00 0.000000000000000000e+00
1.316831683168316960e-02 0.000000000000000000e+00 8.446651480667711667e+02 5.407322256191486580e-12 4.780361556788260486e+02 9.525502750961031779e+03 0.000000000000000000e+00 0.000000000000000000e+00
1.330693069306930834e-02 0.000000000000000000e+00 8.446651480667711667e+02 5.407322256191487388e-12 4.780361556788260486e+02 9.525502750961031779e+03 0.000000000000000000e+00 0.000000000000000000e+00
1.344554455445544708e-02 0.000000000000000000e+00 8.446651480667711667e+02 5.407322256191484964e-12 4.780361556788260486e+02 9.525502750961031779e+03 0.000000000000000000e+00 0.000000000000000000e+00
1.358415841584158582e-02 0.000000000000000000e+00 8.446651480667711667e+02 5.407322256191488195e-12 4.780361556788260486e+02 9.525502750961031779e+03 0.000000000000000000e+00 0.000000000000000000e+00
1.372277227722772455e-02 0.000000000000000000e+00 8.446651480667711667e+02 5.407322256191487388e-12 4.780361556788260486e+02 9.525502750961031779e+03 0.000000000000000000e+00 0.000000000000000000e+00
1.386138613861386329e-02 0.000000000000000000e+00 0.000000000000000000e+00 0.000000000000000000e+00 0.000000000000000000e+00 0.000000000000000000e+00 0.000000000000000000e+00 0.000000000000000000e+00
