0.000000000000000000e+00 1.000000000000000000e+00 6.000000000000000000e+00 7.000000000000000000e+00 8.000000000000000000e+00 1.400000000000000000e+01 2.600000000000000000e+01 2.900000000000000000e+01
0.000000000000000000e+00 0.000000000000000000e+00 8.446651480667711667e+02 5.407322256191485772e-12 4.780361556788260486e+02 9.525502750961031779e+03 0.000000000000000000e+00 0.000000000000000000e+00
1.386138613861386286e-04 0.000000000000000000e+00 8.446651480667711667e+02 5.407322256191484964e-12 4.780361556788260486e+02 9.525502750961031779e+03 0.000000000000000000e+00 0.000000000000000000e+00
2.772277227722772571e-04 0.000000000000000000e+00 8.446651480667711667e+02 5.407322256191484964e-12 4.780361556788260486e+02 9.525502750961029960e+03 0.000000000000000000e+00 0.000000000000000000e+00
4.158415841584158857e-04 0.000000000000000000e+00 8.446651480667711667e+02 5.407322256191484964e-12 4.780361556788260486e+02 9.525502750961031779e+03 0.000000000000000000e+00 0.000000000000000000e+00
5.544554455445545142e-04 0.000000000000000000e+00 8.446651480667711667e+02 5.407322256191487388e-12 4.780361556788260486e+02 9.525502750961029960e+03 0.000000000000000000e+00 0.000000000000000000e+00
6.930693069306931428e-04 0.000000000000000000e+00 8.446651480667711667e+02 5.407322256191486580e-12 4.780361556788260486e+02 9.525502750961031779e+03 0.000000000000000000e+00 0.000000000000000000e+00
8.316831683168317713e-04 0.000000000000000000e+00 8.446651480667711667e+02 5.407322256191485772e-12 4.780361556788260486e+02 9.525502750961031779e+03 0.000000000000000000e+00 0.000000000000000000e+00
9.702970297029703999e-04 0.000000000000000000e+00 8.446651480667711667e+02 5.407322256191485772e-12 4.780361556788260486e+02 9.525502750961031779e+03 0.000000000000000000e+00 0.000000000000000000e+00
1.108910891089109028e-03 0.000000000000000000e+00 8.446651480667711667e+02 5.407322256191485772e-12 4.780361556788260486e+02 9.525502750961031779e+03 0.000000000000000000e+00 0.000000000000000000e+00
1.247524752475247765e-03 0.000000000000000000e+00 8.446651480667711667e+02 5.407322256191485772e-12 4.780361556788260486e+02 9.525502750961031779e+03 0.000000000000000000e+00 0.000000000000000000e+00
1.386138613861386286e-03 0.000000000000000000e+00 8.446651480667711667e+02 5.407322256191485772e-12 4.780361556788260486e+02 9.525502750961031779e+03 0.000000000000000000e+00 0.000000000000000000e+00
1.524752475247524806e-03 0.000000000000000000e+00 8.446651480667711667e+02 5.407322256191485772e-12 4.780361556788260486e+02 9.525502750961031779e+03 0.000000000000000000e+00 0.000000000000000000e+00
1.663366336633663543e-03 0.000000000000000000e+00 8.446651480667711667e+02 5.407322256191485772e-12 4.780361556788260486e+02 9.525502750961031779e+03 0.000000000000000000e+00 0.000000000000000000e+00
1.801980198019802280e-03 0.000000000000000000e+00 8.446651480667711667e+02 5.407322256191485772e-12 4.780361556788260486e+02 9.525502750961031779e+03 0.000000000000000000e+00 0.000000000000000000e+00
1.940594059405940800e-03 0.000000000000000000e+00 8.446651480667711667e+02 5.407322256191485772e-12 4.780361556788260486e+02 9.525502750961031779e+03 0.000000000000000000e+00 0.000000000000000000e+00
2.079207920792079320e-03 0.000000000000000000e+00 7.467481688422715251e+02 6.141000934090378399e-12 4.546009169358017630e+02 8.563844578593800179e+03 4.424250186930188988e+02 0.000000000000000000e+00
2.217821782178218057e-03 0.000000000000000000e+00 7.123913176265721177e+02 7.747654605897938970e-12 4.573457303430399179e+02 8.244218810306749219e+03 4.449964122857169855e+02 0.000000000000000000e+00
2.356435643564356794e-03 0.000000000000000000e+00 7.014264112647028924e+02 9.023634199930934451e-12 4.576703181663550595e+02 8.016803851650597608e+03 4.454791743795530579e+02 0.000000000000000000e+00
2.495049504950495531e-03 0.000000000000000000e+00 6.979523548893986344e+02 1.005014508599308406e-11 4.577017646476953132e+02 7.844205931698263157e+03 4.455625646519209795e+02 0.000000000000000000e+00
2.633663366336633834e-03 0.000000000000000000e+00 6.968149347011236614e+02 1.083936789621189416e-11 4.577051117559535669e+02 7.712994265249507407e+03 4.455779141237921408e+02 0.000000000000000000e+00
2.772277227722772571e-03 0.000000000000000000e+00 6.964506495894024738e+02 1.130085112361388289e-11 4.577054872516831097e+02 7.618787259650267515e+03 4.455807739351905070e+02 0.000000000000000000e+00
2.910891089108911308e-03 0.000000000000000000e+00 6.963417569502315700e+02 1.138116498971757388e-11 4.577055300061362573e+02 7.561216116956181395e+03 4.455812857741363473e+02 0.000000000000000000e+00
3.049504950495049611e-03 0.000000000000000000e+00 6.963118756788491055e+02 1.138837249255357119e-11 4.577055348252038129e+02 7.529740210335440679e+03 4.455813713582998048e+02 0.000000000000000000e+00
3.188118811881188348e-03 0.000000000000000000e+00 6.963049269971694457e+02 1.138893750364076550e-11 4.577055353260017796e+02 7.515089328073658180e+03 4.455813837660352306e+02 0.000000000000000000e+00
3.326732673267327085e-03 0.000000000000000000e+00 6.963038371292408328e+02 1.138897430362248537e-11 4.577055353657395358e+02 7.510390546108194940e+03 4.455813850411278736e+02 0.000000000000000000e+00
3.465346534653465822e-03 0.000000000000000000e+00 6.963037940050339785e+02 1.138897521428291013e-11 4.577055353668465045e+02 7.510047354397434901e+03 4.455813850829167677e+02 0.000000000000000000e+00
3.603960396039604559e-03 0.000000000000000000e+00 6.963037940050339785e+02 1.138897521428291013e-11 4.577055353668465045e+02 7.510047354397434901e+03 4.455813850829167677e+02 0.000000000000000000e+00
3.742574257425742863e-03 0.000000000000000000e+00 6.963037940050339785e+02 1.138897521428291013e-11 4.577055353668465045e+02 7.510047354397434901e+03 4.455813850829167677e+02 0.000000000000000000e+00
3.881188118811881600e-03 0.000000000000000000e+00 6.963037940050339785e+02 1.138897521428291013e-11 4.577055353668465045e+02 7.510047354397434901e+03 4.455813850829167677e+02 0.000000000000000000e+00
4.019801980198019903e-03 0.000000000000000000e+00 4.792934746924191245e+02 9.038664958336796561e-12 3.930237453731382402e+02 5.153047320752560154e+03 0.000000000000000000e+00 9.578763175306607081e+03
4.158415841584158640e-03 0.000000000000000000e+00 4.108094909717515293e+02 2.455457539089954301e-11 4.005760452840047492e+02 4.260373862449444459e+03 0.000000000000000000e+00 1.006022494531209486e+04
4.297029702970297377e-03 0.000000000000000000e+00 3.862148565946177996e+02 3.832814934473247957e-11 4.027426821848192162e+02 3.713051374126520386e+03 0.000000000000000000e+00 1.031808400333575082e+04
4.435643564356436114e-03 0.000000000000000000e+00 3.816233137670425890e+02 5.121274071001338214e-11 4.029579881074097329e+02 3.329050218737777868e+03 0.000000000000000000e+00 1.041144481699439712e+04
4.574257425742574851e-03 0.000000000000000000e+00 3.806845797020754958e+02 6.299666641542387177e-11 4.029821324764921542e+02 3.052360714187150279e+03 0.000000000000000000e+00 1.044720530999126822e+04
4.712871287128713588e-03 0.000000000000000000e+00 3.804863003528770946e+02 7.256683627190333757e-11 4.029850277169387027e+02 2.857381141234069219e+03 0.000000000000000000e+00 1.046083167836833854e+04
4.851485148514852325e-03 0.000000000000000000e+00 3.804449164040914297e+02 7.622365898217752310e-11 4.029853864370364249e+02 2.735333822714899725e+03 0.000000000000000000e+00 1.046571743607593999e+04
4.990099009900991062e-03 0.000000000000000000e+00 3.804366936738587697e+02 7.664657809022463848e-11 4.029854305944837165e+02 2.669314405389347485e+03 0.000000000000000000e+00 1.046732389593176595e+04
5.128712871287128931e-03 0.000000000000000000e+00 3.804352078083154538e+02 7.668859844771741379e-11 4.029854358263401082e+02 2.637517401561837687e+03 0.000000000000000000e+00 1.046779287963255047e+04
5.267326732673267668e-03 0.000000000000000000e+00 3.804349965598371455e+02 7.669226463940303690e-11 4.029854363506879622e+02 2.625525361224365952e+03 0.000000000000000000e+00 1.046789735366009700e+04
5.405940594059406405e-03 0.000000000000000000e+00 3.804349807872467863e+02 7.669246926903280978e-11 4.029854363819913488e+02 2.623442199220923158e+03 0.000000000000000000e+00 1.046790884473118240e+04
5.544554455445545142e-03 0.000000000000000000e+00 3.804349807872467863e+02 7.669246926903280978e-11 4.029854363819913488e+02 2.623442199220923158e+03 0.000000000000000000e+00 1.046790884473118240e+04
5.683168316831683879e-03 0.000000000000000000e+00 3.804349807872467863e+02 7.669246926903280978e-11 4.029854363819913488e+02 2.623442199220923158e+03 0.000000000000000000e+00 1.046790884473118240e+04
5.821782178217822616e-03 0.000000000000000000e+00 3.804349807872467863e+02 7.669246926903280978e-11 4.029854363819913488e+02 2.623442199220923158e+03 0.000000000000000000e+00 1.046790884473118240e+04
5.960396039603961353e-03 0.000000000000000000e+00 3.804349807872467863e+02 7.669246926903280978e-11 4.029854363819913488e+02 2.623442199220923158e+03 0.000000000000000000e+00 1.046790884473118240e+04
6.099009900990099223e-03 0.000000000000000000e+00 6.732824383370723353e+02 6.090672971877001607e-11 4.879175681938837670e+02 4.974253449992598689e+03 0.000000000000000000e+00 0.000000000000000000e+00
6.237623762376237960e-03 0.000000000000000000e+00 7.837094078805679374e+02 2.948729837292676393e-11 4.789703789529671667e+02 6.107351167683675158e+03 0.000000000000000000e+00 0.000000000000000000e+00
6.376237623762376697e-03 0.000000000000000000e+00 8.222164532873915732e+02 1.588824821814325965e-11 4.781254250553359384e+02 7.028576763434879467e+03 0.000000000000000000e+00 0.000000000000000000e+00
6.514851485148515434e-03 0.000000000000000000e+00 8.363813558993822426e+02 9.515698853918786001e-12 4.780454069581950307e+02 7.802804796874680505e+03 0.000000000000000000e+00 0.000000000000000000e+00
6.653465346534654171e-03 0.000000000000000000e+00 8.417532657773173241e+02 6.583160107208997026e-12 4.780371559904895093e+02 8.444725678140763193e+03 0.000000000000000000e+00 0.000000000000000000e+00
6.792079207920792908e-03 0.000000000000000000e+00 8.437272772007668209e+02 5.544402707772274285e-12 4.780362643133400411e+02 8.934083645408751181e+03 0.000000000000000000e+00 0.000000000000000000e+00
6.930693069306931645e-03 0.000000000000000000e+00 8.443948532546975230e+02 5.418381742187554957e-12 4.780361671473801266e+02 9.242523632733387785e+03 0.000000000000000000e+00 0.000000000000000000e+00
7.069306930693070382e-03 0.000000000000000000e+00 8.446019864748377586e+02 5.408084361554530347e-12 4.780361567554963358e+02 9.416927744424405319e+03 0.000000000000000000e+00 0.000000000000000000e+00
7.207920792079209119e-03 0.000000000000000000e+00 8.446558176598643968e+02 5.407362846766840300e-12 4.780361557500327763e+02 9.499358870108073461e+03 0.000000000000000000e+00 0.000000000000000000e+00
7.346534653465346988e-03 0.000000000000000000e+00 8.446649191988904022e+02 5.407322826253557120e-12 4.780361556798729339e+02 9.524357479844718910e+03 0.000000000000000000e+00 0.000000000000000000e+00
7.485148514851485725e-03 0.000000000000000000e+00 8.446651480667711667e+02 5.407322256191485772e-12 4.780361556788260486e+02 9.525502750961031779e+03 0.000000000000000000e+00 0.000000000000000000e+00
7.623762376237624462e-03 0.000000000000000000e+00 8.446651480667711667e+02 5.407322256191485772e-12 4.780361556788260486e+02 9.525502750961031779e+03 0.000000000000000000e+00 0.000000000000000000e+00
7.762376237623763199e-03 0.000000000000000000e+00 8.446651480667711667e+02 5.407322256191485772e-12 4.780361556788260486e+02 9.525502750961031779e+03 0.000000000000000000e+00 0.000000000000000000e+00
7.900990099009901069e-03 0.000000000000000000e+00 8.446651480667711667e+02 5.407322256191485772e-12 4.780361556788260486e+02 9.525502750961031779e+03 0.000000000000000000e+00 0.000000000000000000e+00
8.039603960396039806e-03 0.000000000000000000e+00 7.573283013711017020e+02 5.491342820830423174e-12 4.536621318113756729e+02 8.689125381227318940e+03 4.415881517452464777e+02 0.000000000000000000e+00
8.178217821782178543e-03 0.000000000000000000e+00 7.189511116800609898e+02 7.325039829110204682e-12 4.569703747413780661e+02 8.323478297057859891e+03 4.445854418577794718e+02 0.000000000000000000e+00
8.316831683168317280e-03 0.000000000000000000e+00 7.033991056111871103e+02 8.685131705981220570e-12 4.576366714061973084e+02 8.075493499492796218e+03 4.454129611604277557e+02 0.000000000000000000e+00
8.455445544554456017e-03 0.000000000000000000e+00 6.985908803799615043e+02 9.779066658701918978e-12 4.576983354687172323e+02 7.889042562607219224e+03 4.455507214914430278e+02 0.000000000000000000e+00
8.594059405940594754e-03 0.000000000000000000e+00 6.970236175878204676e+02 1.063990642182537613e-11 4.577047357046300817e+02 7.746746530269539107e+03 4.455757071314761220e+02 0.000000000000000000e+00
8.732673267326733491e-03 0.000000000000000000e+00 6.965157973224247598e+02 1.121897518357157828e-11 4.577054445012296924e+02 7.641808506293087703e+03 4.455803673222068255e+02 0.000000000000000000e+00
8.871287128712872228e-03 0.000000000000000000e+00 6.963606389566349435e+02 1.137304199145999360e-11 4.577055251331346994e+02 7.574493726315720778e+03 4.455812147152195735e+02 0.000000000000000000e+00
9.009900990099010964e-03 0.000000000000000000e+00 4.834839323779017946e+02 8.394719634585116285e-12 3.925305789892740336e+02 5.254416954594091294e+03 0.000000000000000000e+00 9.554480885417829995e+03
9.148514851485149701e-03 0.000000000000000000e+00 4.147575157400286798e+02 2.344903492577760947e-11 4.001514959005011747e+02 4.313525863942497381e+03 0.000000000000000000e+00 1.002893253093140083e+04
9.287128712871288438e-03 0.000000000000000000e+00 3.869128186966700582e+02 3.733996491579406339e-11 4.027025269724101122e+02 3.746266341950094102e+03 0.000000000000000000e+00 1.030726906467238769e+04
9.425742574257427175e-03 0.000000000000000000e+00 3.817623494289427413e+02 5.033682233611244543e-11 4.029536367768445757e+02 3.352455707442242783e+03 0.000000000000000000e+00 1.040736216369631802e+04
9.564356435643565912e-03 0.000000000000000000e+00 3.807137558904710204e+02 6.221024627834339141e-11 4.029816209137463261e+02 3.069178533659631739e+03 0.000000000000000000e+00 1.044563159826860465e+04
9.702970297029704649e-03 0.000000000000000000e+00 3.804924471246376925e+02 7.203670950048177579e-11 4.029849646733546251e+02 2.868835494432059932e+03 0.000000000000000000e+00 1.046024993280272611e+04
9.841584158415843386e-03 0.000000000000000000e+00 3.804461856291082427e+02 7.613693212868843753e-11 4.029853784150684533e+02 2.741925281901134440e+03 0.000000000000000000e+00 1.046551559236082176e+04
9.980198019801982123e-03 0.000000000000000000e+00 3.804369300773749956e+02 7.663805459819856987e-11 4.029854296589754199e+02 2.672681628054076100e+03 0.000000000000000000e+00 1.046726221847783927e+04
1.011881188118811913e-02 0.000000000000000000e+00 6.946102851914715757e+02 5.443035915230697627e-11 4.856176813026897321e+02 5.184638844743956724e+03 0.000000000000000000e+00 0.000000000000000000e+00
1.025742574257425786e-02 0.000000000000000000e+00 7.918746423288822598e+02 2.684807552604584981e-11 4.786974856972192924e+02 6.254396763610101516e+03 0.000000000000000000e+00 0.000000000000000000e+00
1.039603960396039660e-02 0.000000000000000000e+00 8.251572165146168345e+02 1.466491016151082573e-11 4.781003296870296708e+02 7.147372356517172193e+03 0.000000000000000000e+00 0.000000000000000000e+00
1.053465346534653534e-02 0.000000000000000000e+00 8.374992400736879290e+02 8.935299917979109530e-12 4.780428573390694851e+02 7.902740445281386201e+03 0.000000000000000000e+00 0.000000000000000000e+00
1.067326732673267407e-02 0.000000000000000000e+00 8.421733493710818266e+02 6.336565878261985101e-12 4.780368823373371470e+02 8.524830263117139111e+03 0.000000000000000000e+00 0.000000000000000000e+00
1.081188118811881281e-02 0.000000000000000000e+00 8.438733813411423625e+02 5.504363935939615494e-12 4.780362344976219902e+02 8.988006229700415133e+03 0.000000000000000000e+00 0.000000000000000000e+00
1.095049504950495155e-02 0.000000000000000000e+00 8.444415935432269862e+02 5.414849953913921054e-12 4.780361639265620965e+02 9.274829684648646435e+03 0.000000000000000000e+00 0.000000000000000000e+00
1.108910891089109028e-02 0.000000000000000000e+00 7.436468916937791391e+02 6.267558422440014039e-12 4.548831202002833152e+02 8.450558552040516588e+03 4.426732380118496621e+02 0.000000000000000000e+00
1.122772277227722902e-02 0.000000000000000000e+00 7.110855444300984800e+02 7.851521465824887699e-12 4.574052887792063302e+02 8.207740551158720336e+03 4.450688706938792620e+02 0.000000000000000000e+00
1.136633663366336776e-02 0.000000000000000000e+00 7.010255342411688844e+02 9.104548945409700347e-12 4.576758228473099734e+02 8.002519754002390982e+03 4.454912074638993431e+02 0.000000000000000000e+00
1.150495049504950650e-02 0.000000000000000000e+00 4.847284638554905882e+02 7.238086017714969491e-12 3.924836217764057551e+02 5.497176384224396315e+03 0.000000000000000000e+00 9.568596352100254080e+03
1.164356435643564523e-02 0.000000000000000000e+00 4.171519514759073104e+02 2.226200342674040559e-11 3.999135367007567652e+02 4.457190787478756647e+03 0.000000000000000000e+00 1.001745714475997920e+04
1.178217821782178397e-02 0.000000000000000000e+00 3.873333488880339814e+02 3.671520773749961239e-11 4.026803000965920774e+02 3.822434880832397539e+03 0.000000000000000000e+00 1.030323513366002589e+04
1.192079207920792271e-02 0.000000000000000000e+00 3.818449517745824551e+02 4.987884956886101347e-11 4.029512014336204970e+02 3.390047324684299383e+03 0.000000000000000000e+00 1.040568492157848596e+04
1.205940594059406144e-02 0.000000000000000000e+00 6.345013074357341338e+02 5.911506949947868131e-11 4.922501607615665193e+02 5.298045468192038243e+03 0.000000000000000000e+00 0.000000000000000000e+00
1.219801980198019845e-02 0.000000000000000000e+00 7.626708416026020814e+02 3.220662328085468847e-11 4.799757706785625828e+02 6.265823477844553963e+03 0.000000000000000000e+00 0.000000000000000000e+00
1.233663366336633718e-02 0.000000000000000000e+00 8.148330362703170522e+02 1.849393379574212487e-11 4.782134666433397570e+02 7.027178547377933683e+03 0.000000000000000000e+00 0.000000000000000000e+00
1.247524752475247592e-02 0.000000000000000000e+00 8.336124803855801702e+02 1.085715694805749115e-11 4.780541063103409556e+02 7.708781528610628811e+03 0.000000000000000000e+00 0.000000000000000000e+00
1.261386138613861466e-02 0.000000000000000000e+00 8.407053238555953385e+02 7.184372853481215095e-12 4.780380749024389502e+02 8.315205960179529939e+03 0.000000000000000000e+00 0.000000000000000000e+00
1.275247524752475339e-02 0.000000000000000000e+00 8.433543216492986403e+02 5.683763887063089733e-12 4.780363647279874613e+02 8.821030803539037151e+03 0.000000000000000000e+00 0.000000000000000000e+00
1.289108910891089213e-02 0.000000000000000000e+00 8.442716847214426252e+02 5.430193262753297984e-12 4.780361781259585996e+02 9.170541546136661054e+03 0.000000000000000000e+00 0.000000000000000000e+00
1.302970297029703087e-02 0.000000000000000000e+00 8.445659280507757103e+02 5.408990142361732680e-12 4.780361578875462669e+02 9.378038634782758891e+03 0.000000000000000000e+00 0.000000000000000000e+00
1.316831683168316960e-02 0.000000000000000000e+00 8.446474767924463549e+02 5.407420594308557480e-12 4.780361558509190445e+02 9.483136672945425744e+03 0.000000000000000000e+00 0.000000000000000000e+00
1.330693069306930834e-02 0.000000000000000000e+00 8.446639791012116802e+02 5.407325045733473600e-12 4.780361556848411055e+02 9.521243579074940499e+03 0.000000000000000000e+00 0.000000000000000000e+00
1.344554455445544708e-02 0.000000000000000000e+00 8.446651480667711667e+02 5.407322256191485772e-12 4.780361556788260486e+02 9.525502750961031779e+03 0.000000000000000000e+00 0.000000000000000000e+00
1.358415841584158582e-02 0.000000000000000000e+00 8.446651480667711667e+02 5.407322256191485772e-12 4.780361556788260486e+02 9.525502750961031779e+03 0.000000000000000000e+00 0.000000000000000000e+00
1.372277227722772455e-02 0.000000000000000000e+00 8.446651480667711667e+02 5.407322256191485772e-12 4.780361556788260486e+02 9.525502750961031779e+03 0.000000000000000000e+00 0.000000000000000000e+00
1.386138613861386329e-02 0.000000000000000000e+00 0.000000000000000000e+00 0.000000000000000000e+00 0.000000000000000000e+00 0.000000000000000000e+00 0.000000000000000000e+00 0.000000000000000000e+00
