0.000000000000000000e+00 1.000000000000000000e+00 6.000000000000000000e+00 7.000000000000000000e+00 8.000000000000000000e+00 1.400000000000000000e+01 2.600000000000000000e+01 2.900000000000000000e+01
0.000000000000000000e+00 0.000000000000000000e+00 8.446651480667711667e+02 5.407322256191485772e-12 4.780361556788260486e+02 9.525502750961031779e+03 0.000000000000000000e+00 0.000000000000000000e+00
1.386138613861386286e-04 0.000000000000000000e+00 8.446651480667711667e+02 5.407322256191485772e-12 4.780361556788260486e+02 9.525502750961031779e+03 0.000000000000000000e+00 0.000000000000000000e+00
2.772277227722772571e-04 0.000000000000000000e+00 8.446651480667711667e+02 5.407322256191485772e-12 4.780361556788260486e+02 9.525502750961031779e+03 0.000000000000000000e+00 0.000000000000000000e+00
4.158415841584158857e-04 0.000000000000000000e+00 8.446651480667711667e+02 5.407322256191485772e-12 4.780361556788260486e+02 9.525502750961031779e+03 0.000000000000000000e+00 0.000000000000000000e+00
5.544554455445545142e-04 0.000000000000000000e+00 8.446651480667711667e+02 5.407322256191485772e-12 4.780361556788260486e+02 9.525502750961031779e+03 0.000000000000000000e+00 0.000000000000000000e+00
6.930693069306931428e-04 0.000000000000000000e+00 8.446648971178657348e+02 5.407322963151391928e-12 4.780361556805401619e+02 9.524704347265522301e+03 0.000000000000000000e+00 0.000000000000000000e+00
8.316831683168317713e-04 0.000000000000000000e+00 8.446610265975378979e+02 5.407345962499436633e-12 4.780361557268641377e+02 9.517374198687784883e+03 0.000000000000000000e+00 0.000000000000000000e+00
9.702970297029703999e-04 0.000000000000000000e+00 8.446406276007026008e+02 5.407714480811128329e-12 4.780361562882649196e+02 9.496562564169769757e+03 0.000000000000000000e+00 0.000000000000000000e+00
1.108910891089109028e-03 0.000000000000000000e+00 8.445634937176777157e+02 5.412593046403368418e-12 4.780361618338670269e+02 9.454246056369360304e+03 0.000000000000000000e+00 0.000000000000000000e+00
1.247524752475247765e-03 0.000000000000000000e+00 8.443139770052370068e+02 5.469673650267639522e-12 4.780362128012905600e+02 9.379330370291780127e+03 0.000000000000000000e+00 0.000000000000000000e+00
1.386138613861386286e-03 0.000000000000000000e+00 8.435705788119873887e+02 5.769903329910991272e-12 4.780366791708493110e+02 9.262134004452873342e+03 0.000000000000000000e+00 0.000000000000000000e+00
1.524752475247524806e-03 0.000000000000000000e+00 8.415180411409892258e+02 6.334251823083110953e-12 4.780410478276845652e+02 9.105729538215495268e+03 0.000000000000000000e+00 0.000000000000000000e+00
1.663366336633663543e-03 0.000000000000000000e+00 8.359671008881281296e+02 7.219810554147849546e-12 4.780844693678341173e+02 8.906567468135979652e+03 0.000000000000000000e+00 0.000000000000000000e+00
1.801980198019802280e-03 0.000000000000000000e+00 8.203698288728154466e+02 8.576153708427726924e-12 4.785648157345424352e+02 8.651698241822681666e+03 0.000000000000000000e+00 0.000000000000000000e+00
1.940594059405940800e-03 0.000000000000000000e+00 7.809695562856180686e+02 1.083123206748450279e-11 4.818625530348603547e+02 8.297432183985974916e+03 0.000000000000000000e+00 0.000000000000000000e+00
2.079207920792079320e-03 0.000000000000000000e+00 6.963037940050339785e+02 1.138897521428291013e-11 4.577055353668465045e+02 7.510047354397434901e+03 4.455813850829167677e+02 0.000000000000000000e+00
2.217821782178218057e-03 0.000000000000000000e+00 6.963037940050339785e+02 1.138897521428291013e-11 4.577055353668465045e+02 7.510047354397434901e+03 4.455813850829167677e+02 0.000000000000000000e+00
2.356435643564356794e-03 0.000000000000000000e+00 6.963037940050339785e+02 1.138897521428291013e-11 4.577055353668465045e+02 7.510047354397434901e+03 4.455813850829167677e+02 0.000000000000000000e+00
2.495049504950495531e-03 0.000000000000000000e+00 6.963037940050339785e+02 1.138897521428291013e-11 4.577055353668465045e+02 7.510047354397434901e+03 4.455813850829167677e+02 0.000000000000000000e+00
2.633663366336633834e-03 0.000000000000000000e+00 6.963037798648408625e+02 1.138897554445422298e-11 4.577055353670698992e+02 7.509816021617122715e+03 4.455813851364035258e+02 0.000000000000000000e+00
2.772277227722772571e-03 0.000000000000000000e+00 6.963019023275712698e+02 1.138902343888876783e-11 4.577055354101314606e+02 7.497606259495223640e+03 4.455813941917074317e+02 0.000000000000000000e+00
2.910891089108911308e-03 0.000000000000000000e+00 6.962885086436115216e+02 1.138987876446064709e-11 4.577055360613666721e+02 7.451431997723811037e+03 4.455814857430136726e+02 0.000000000000000000e+00
3.049504950495049611e-03 0.000000000000000000e+00 6.962304820614720029e+02 1.140145215099512300e-11 4.577055427259218163e+02 7.349038772706569034e+03 4.455820644972906166e+02 0.000000000000000000e+00
3.188118811881188348e-03 0.000000000000000000e+00 6.960232901145815276e+02 1.153952202842919279e-11 4.577056030388501426e+02 7.161565401216690589e+03 4.455851406725848278e+02 0.000000000000000000e+00
3.326732673267327085e-03 0.000000000000000000e+00 6.953440941979350782e+02 1.273956356608428581e-11 4.577061347386059538e+02 6.855034283862938537e+03 4.456004732490565061e+02 0.000000000000000000e+00
3.465346534653465822e-03 0.000000000000000000e+00 6.932759862260602404e+02 1.615551664604982230e-11 4.577108375604486810e+02 6.437830314837377955e+03 4.456743051725329678e+02 0.000000000000000000e+00
3.603960396039604559e-03 0.000000000000000000e+00 6.871607972609681383e+02 2.287208830659498941e-11 4.577541778719379408e+02 5.924100826021888679e+03 4.460332128377431786e+02 0.000000000000000000e+00
3.742574257425742863e-03 0.000000000000000000e+00 6.685567824366379455e+02 3.545622673449773787e-11 4.581852814478104960e+02 5.304565042251822888e+03 4.478823817576724764e+02 0.000000000000000000e+00
3.881188118811881600e-03 0.000000000000000000e+00 6.068957752961009646e+02 6.028286539460000074e-11 4.629665893688414258e+02 4.538886824100191006e+03 4.585427441637673383e+02 0.000000000000000000e+00
4.019801980198019903e-03 0.000000000000000000e+00 3.804349807872467863e+02 7.669246926903280978e-11 4.029854363819913488e+02 2.623442199220923158e+03 0.000000000000000000e+00 1.046790884473118240e+04
4.158415841584158640e-03 0.000000000000000000e+00 3.804349807872467863e+02 7.669246926903280978e-11 4.029854363819913488e+02 2.623442199220923158e+03 0.000000000000000000e+00 1.046790884473118240e+04
4.297029702970297377e-03 0.000000000000000000e+00 3.804349807872467863e+02 7.669246926903280978e-11 4.029854363819913488e+02 2.623442199220923158e+03 0.000000000000000000e+00 1.046790884473118240e+04
4.435643564356436114e-03 0.000000000000000000e+00 3.804349807872467863e+02 7.669246926903280978e-11 4.029854363819913488e+02 2.623442199220923158e+03 0.000000000000000000e+00 1.046790884473118240e+04
4.574257425742574851e-03 0.000000000000000000e+00 3.804349807872467863e+02 7.669246926903280978e-11 4.029854363819913488e+02 2.623442199220923158e+03 0.000000000000000000e+00 1.046790884473118240e+04
4.712871287128713588e-03 0.000000000000000000e+00 3.804349928691435707e+02 7.669230944243922920e-11 4.029854363558814043e+02 2.625129907412493139e+03 0.000000000000000000e+00 1.046790617369631582e+04
4.851485148514852325e-03 0.000000000000000000e+00 3.804351953259898096e+02 7.668897619460568953e-11 4.029854358441018576e+02 2.637571772541845803e+03 0.000000000000000000e+00 1.046787583074744907e+04
4.990099009900991062e-03 0.000000000000000000e+00 3.804367281038471447e+02 7.664980022914516213e-11 4.029854305544064914e+02 2.672830770196138474e+03 0.000000000000000000e+00 1.046773275497794202e+04
5.128712871287128931e-03 0.000000000000000000e+00 3.804455580653840912e+02 7.624526234894402189e-11 4.029853852786828270e+02 2.748299412002330882e+03 0.000000000000000000e+00 1.046723822631939220e+04
5.267326732673267668e-03 0.000000000000000000e+00 3.804908667184552087e+02 7.267347182329590087e-11 4.029850185703758143e+02 2.890643949426161271e+03 0.000000000000000000e+00 1.046576143174512617e+04
5.405940594059406405e-03 0.000000000000000000e+00 3.807115575142493640e+02 6.145641523992869199e-11 4.029820582569871021e+02 3.126608777123643449e+03 0.000000000000000000e+00 1.046175433253365372e+04
5.544554455445545142e-03 0.000000000000000000e+00 3.817639244699583969e+02 4.805796268069789881e-11 4.029575478971055986e+02 3.469313337765714095e+03 0.000000000000000000e+00 1.045180594997620392e+04
5.683168316831683879e-03 0.000000000000000000e+00 3.869031834752609029e+02 3.429627508831730709e-11 4.027412404230929042e+02 3.952766493107975293e+03 0.000000000000000000e+00 1.042815036005359252e+04
5.821782178217822616e-03 0.000000000000000000e+00 4.140449566916312278e+02 2.036053105180786390e-11 4.006035093150469493e+02 4.649567262870597006e+03 0.000000000000000000e+00 1.037191782565573885e+04
5.960396039603961353e-03 0.000000000000000000e+00 5.091559353589923376e+02 5.340560138548472524e-12 3.906131284179061254e+02 5.782947509044653088e+03 0.000000000000000000e+00 1.026712317340372283e+04
6.099009900990099223e-03 0.000000000000000000e+00 8.446651480667711667e+02 5.407322256191485772e-12 4.780361556788260486e+02 9.525502750961031779e+03 0.000000000000000000e+00 0.000000000000000000e+00
6.237623762376237960e-03 0.000000000000000000e+00 8.446651480667711667e+02 5.407322256191485772e-12 4.780361556788260486e+02 9.525502750961031779e+03 0.000000000000000000e+00 0.000000000000000000e+00
6.376237623762376697e-03 0.000000000000000000e+00 8.446651480667711667e+02 5.407322256191485772e-12 4.780361556788260486e+02 9.525502750961031779e+03 0.000000000000000000e+00 0.000000000000000000e+00
6.514851485148515434e-03 0.000000000000000000e+00 8.446651480667711667e+02 5.407322256191485772e-12 4.780361556788260486e+02 9.525502750961031779e+03 0.000000000000000000e+00 0.000000000000000000e+00
6.653465346534654171e-03 0.000000000000000000e+00 8.446651004700879639e+02 5.407322403834462168e-12 4.780361556791272619e+02 9.525289574020082000e+03 0.000000000000000000e+00 0.000000000000000000e+00
6.792079207920792908e-03 0.000000000000000000e+00 8.446630082380451086e+02 5.407332148658403693e-12 4.780361556987572840e+02 9.520519854021695210e+03 0.000000000000000000e+00 0.000000000000000000e+00
6.930693069306931645e-03 0.000000000000000000e+00 8.446497493546758051e+02 5.407502480681095779e-12 4.780361559763538821e+02 9.504330839652258874e+03 0.000000000000000000e+00 0.000000000000000000e+00
7.069306930693070382e-03 0.000000000000000000e+00 8.445960519085556371e+02 5.409888847390608095e-12 4.780361588241231630e+02 9.469065485532450111e+03 0.000000000000000000e+00 0.000000000000000000e+00
7.207920792079209119e-03 0.000000000000000000e+00 8.444161613880496589e+02 5.438426134825760696e-12 4.780361853456590779e+02 9.404850195335893659e+03 0.000000000000000000e+00 0.000000000000000000e+00
7.346534653465346988e-03 0.000000000000000000e+00 8.438676397915096459e+02 5.657592905834670706e-12 4.780364282452629823e+02 9.299685786278274463e+03 0.000000000000000000e+00 0.000000000000000000e+00
7.485148514851485725e-03 0.000000000000000000e+00 8.423272497307972344e+02 6.144786094146342782e-12 4.780386730073026911e+02 9.154568278303318948e+03 0.000000000000000000e+00 0.000000000000000000e+00
7.623762376237624462e-03 0.000000000000000000e+00 8.381653220164923823e+02 6.926589285296740487e-12 4.780604310993256263e+02 8.968506505510513307e+03 0.000000000000000000e+00 0.000000000000000000e+00
7.762376237623763199e-03 0.000000000000000000e+00 8.266845602410900256e+02 8.121637685229677594e-12 4.782901275958292331e+02 8.720417404430998431e+03 0.000000000000000000e+00 0.000000000000000000e+00
7.900990099009901069e-03 0.000000000000000000e+00 7.932466542413678781e+02 1.002984163714250867e-11 4.807065918365144057e+02 8.359994238299559584e+03 0.000000000000000000e+00 0.000000000000000000e+00
8.039603960396039806e-03 0.000000000000000000e+00 6.962376036861161310e+02 1.139946192078877128e-11 4.577055416395716065e+02 7.358717956348691587e+03 4.455819836391310105e+02 0.000000000000000000e+00
8.178217821782178543e-03 0.000000000000000000e+00 6.960471511207487083e+02 1.151427871438310105e-11 4.577055935644783631e+02 7.178842992525638692e+03 4.455847311176361814e+02 0.000000000000000000e+00
8.316831683168317280e-03 0.000000000000000000e+00 6.954212060806689806e+02 1.258741625141044629e-11 4.577060504973970296e+02 6.880936748432178319e+03 4.455984421380628078e+02 0.000000000000000000e+00
8.455445544554456017e-03 0.000000000000000000e+00 6.935059168166130803e+02 1.582322519554080894e-11 4.577100878118102401e+02 6.470558633038670450e+03 4.456645684774127290e+02 0.000000000000000000e+00
8.594059405940594754e-03 0.000000000000000000e+00 6.878420445741638787e+02 2.223946418869719069e-11 4.577471460490526169e+02 5.963985731204106742e+03 4.459853021388162801e+02 0.000000000000000000e+00
8.732673267326733491e-03 0.000000000000000000e+00 6.706604370908404462e+02 3.426884169622918266e-11 4.581139907964367808e+02 5.356891757347092607e+03 4.476301309473599304e+02 0.000000000000000000e+00
8.871287128712872228e-03 0.000000000000000000e+00 6.137714999756482257e+02 5.780029581883114752e-11 4.622414205823968132e+02 4.626519440256972302e+03 4.571256222286870639e+02 0.000000000000000000e+00
9.009900990099010964e-03 0.000000000000000000e+00 3.804372715608475914e+02 7.663244614329712576e-11 4.029854283931711052e+02 2.680621320405945426e+03 0.000000000000000000e+00 1.046769219872077156e+04
9.148514851485149701e-03 0.000000000000000000e+00 3.804484700408208937e+02 7.608221366626587392e-11 4.029853675781573088e+02 2.763728736610577471e+03 0.000000000000000000e+00 1.046711047368284380e+04
9.287128712871288438e-03 0.000000000000000000e+00 3.805054977712985078e+02 7.135780405869937151e-11 4.029848739619658886e+02 2.918537292867487395e+03 0.000000000000000000e+00 1.046539421760870391e+04
9.425742574257427175e-03 0.000000000000000000e+00 3.807814722467673505e+02 5.959506932461049734e-11 4.029808922277473471e+02 3.168549843726816107e+03 0.000000000000000000e+00 1.046081052345376520e+04
9.564356435643565912e-03 0.000000000000000000e+00 3.820984595383491182e+02 4.612969504381865053e-11 4.029476935907563870e+02 3.528611835233732563e+03 0.000000000000000000e+00 1.044953146466748694e+04
9.702970297029704649e-03 0.000000000000000000e+00 3.885741125726241307e+02 3.235906872282984949e-11 4.026516537808545877e+02 4.036138429854507649e+03 0.000000000000000000e+00 1.042278148364097979e+04
9.841584158415843386e-03 0.000000000000000000e+00 4.233643831762456671e+02 1.854928454573181802e-11 3.996726114639181446e+02 4.769069834850422012e+03 0.000000000000000000e+00 1.035893593908577350e+04
9.980198019801982123e-03 0.000000000000000000e+00 5.213545410922384917e+02 4.168006038450366570e-12 3.893561988802350129e+02 5.987577920772882862e+03 0.000000000000000000e+00 1.025397054171098171e+04
1.011881188118811913e-02 0.000000000000000000e+00 8.445536619547118562e+02 5.413661540497606267e-12 4.780361629050916008e+02 9.450058988087801481e+03 0.000000000000000000e+00 0.000000000000000000e+00
1.025742574257425786e-02 0.000000000000000000e+00 8.442798919784007694e+02 5.481560382946006152e-12 4.780362229567364807e+02 9.360454103277006652e+03 0.000000000000000000e+00 0.000000000000000000e+00
1.039603960396039660e-02 0.000000000000000000e+00 8.434600875752654474e+02 5.802019269247203940e-12 4.780367719596879397e+02 9.191663234852148889e+03 0.000000000000000000e+00 0.000000000000000000e+00
1.053465346534653534e-02 0.000000000000000000e+00 8.411804525821960397e+02 6.393124072074147119e-12 4.780419273769387019e+02 8.923159065291287334e+03 0.000000000000000000e+00 0.000000000000000000e+00
1.067326732673267407e-02 0.000000000000000000e+00 8.349695412471103282e+02 7.390314930920089493e-12 4.780934965377259687e+02 8.524484954630503125e+03 0.000000000000000000e+00 0.000000000000000000e+00
1.081188118811881281e-02 0.000000000000000000e+00 8.173936334556866541e+02 9.706115973626016595e-12 4.786699971011285584e+02 7.965047070504134354e+03 0.000000000000000000e+00 0.000000000000000000e+00
1.095049504950495155e-02 0.000000000000000000e+00 7.751808560217710919e+02 1.547608367857718106e-11 4.821075314101607887e+02 7.230053599174961164e+03 0.000000000000000000e+00 0.000000000000000000e+00
1.108910891089109028e-02 0.000000000000000000e+00 6.881900425214937513e+02 2.181427097172536105e-11 4.577440847649983766e+02 6.165713326501440861e+03 4.459615210391297637e+02 0.000000000000000000e+00
1.122772277227722902e-02 0.000000000000000000e+00 6.717548025433306975e+02 3.218149535346525132e-11 4.580827202456260920e+02 5.748479478609224316e+03 4.475039362905182543e+02 0.000000000000000000e+00
1.136633663366336776e-02 0.000000000000000000e+00 6.174498697365449971e+02 4.521137648086872885e-11 4.618977573297985373e+02 5.292989403779474742e+03 4.563930076283468225e+02 0.000000000000000000e+00
1.150495049504950650e-02 0.000000000000000000e+00 3.812811638655578577e+02 5.197936625255541167e-11 4.029704523138572654e+02 3.358800088234910618e+03 0.000000000000000000e+00 1.045559634804757115e+04
1.164356435643564523e-02 0.000000000000000000e+00 3.845164514451581681e+02 3.827186257368714232e-11 4.028572557801915082e+02 3.796803963093963830e+03 0.000000000000000000e+00 1.043712034526482967e+04
1.178217821782178397e-02 0.000000000000000000e+00 4.010574220356650699e+02 2.437129762365874361e-11 4.017881329093405043e+02 4.420802195414051312e+03 0.000000000000000000e+00 1.039347927577705559e+04
1.192079207920792271e-02 0.000000000000000000e+00 4.823152456918094799e+02 1.061981972535196022e-11 3.934267645569707952e+02 5.378703652586276803e+03 0.000000000000000000e+00 1.029550334987501083e+04
1.205940594059406144e-02 0.000000000000000000e+00 8.446651480667711667e+02 5.407322256191485772e-12 4.780361556788260486e+02 9.525502750961031779e+03 0.000000000000000000e+00 0.000000000000000000e+00
1.219801980198019845e-02 0.000000000000000000e+00 8.446651480667711667e+02 5.407322256191485772e-12 4.780361556788260486e+02 9.525502750961031779e+03 0.000000000000000000e+00 0.000000000000000000e+00
1.233663366336633718e-02 0.000000000000000000e+00 8.446651480667711667e+02 5.407322256191485772e-12 4.780361556788260486e+02 9.525502750961031779e+03 0.000000000000000000e+00 0.000000000000000000e+00
1.247524752475247592e-02 0.000000000000000000e+00 8.446651480667711667e+02 5.407322256191485772e-12 4.780361556788260486e+02 9.525502750961031779e+03 0.000000000000000000e+00 0.000000000000000000e+00
1.261386138613861466e-02 0.000000000000000000e+00 8.446651480667711667e+02 5.407322256191485772e-12 4.780361556788260486e+02 9.525502750961031779e+03 0.000000000000000000e+00 0.000000000000000000e+00
1.275247524752475339e-02 0.000000000000000000e+00 8.446651480667711667e+02 5.407322256191485772e-12 4.780361556788260486e+02 9.525502750961031779e+03 0.000000000000000000e+00 0.000000000000000000e+00
1.289108910891089213e-02 0.000000000000000000e+00 8.446651480667711667e+02 5.407322256191485772e-12 4.780361556788260486e+02 9.525502750961031779e+03 0.000000000000000000e+00 0.000000000000000000e+00
1.302970297029703087e-02 0.000000000000000000e+00 8.446651480667711667e+02 5.407322256191485772e-12 4.780361556788260486e+02 9.525502750961031779e+03 0.000000000000000000e+00 0.000000000000000000e+00
1.316831683168316960e-02 0.000000000000000000e+00 8.446651480667711667e+02 5.407322256191487388e-12 4.780361556788260486e+02 9.525502750961031779e+03 0.000000000000000000e+00 0.000000000000000000e+00
1.330693069306930834e-02 0.000000000000000000e+00 8.446651480667711667e+02 5.407322256191487388e-12 4.780361556788260486e+02 9.525502750961029960e+03 0.000000000000000000e+00 0.000000000000000000e+00
1.344554455445544708e-02 0.000000000000000000e+00 8.446651480667711667e+02 5.407322256191487388e-12 4.780361556788260486e+02 9.525502750961029960e+03 0.000000000000000000e+00 0.000000000000000000e+00
1.358415841584158582e-02 0.000000000000000000e+00 8.446651480667711667e+02 5.407322256191484964e-12 4.780361556788260486e+02 9.525502750961031779e+03 0.000000000000000000e+00 0.000000000000000000e+00
1.372277227722772455e-02 0.000000000000000000e+00 8.446651480667711667e+02 5.407322256191486580e-12 4.780361556788260486e+02 9.525502750961031779e+03 0.000000000000000000e+00 0.000000000000000000e+00
1.386138613861386329e-02 0.000000000000000000e+00 0.000000000000000000e+00 0.000000000000000000e+00 0.000000000000000000e+00 0.000000000000000000e+00 0.000000000000000000e+00 0.000000000000000000e+00
