0.000000000000000000e+00 1.000000000000000000e+00 6.000000000000000000e+00 7.000000000000000000e+00 8.000000000000000000e+00 1.400000000000000000e+01 2.600000000000000000e+01 2.900000000000000000e+01
0.000000000000000000e+00 0.000000000000000000e+00 8.015911880509730736e+02 1.248296649727186166e-05 4.780987855166957274e+02 1.880316701966536129e+04 0.000000000000000000e+00 0.000000000000000000e+00
6.930693069306931428e-05 0.000000000000000000e+00 8.015911880509730736e+02 1.248296649727186166e-05 4.780987855166957274e+02 1.880316701966536129e+04 0.000000000000000000e+00 0.000000000000000000e+00
1.386138613861386286e-04 0.000000000000000000e+00 8.015911880509730736e+02 1.248296649727186166e-05 4.780987855166957274e+02 1.880316701966536129e+04 0.000000000000000000e+00 0.000000000000000000e+00
2.079207920792079428e-04 0.000000000000000000e+00 8.015911880509730736e+02 1.248296649727186166e-05 4.780987855166957274e+02 1.880316701966536129e+04 0.000000000000000000e+00 0.000000000000000000e+00
2.772277227722772571e-04 0.000000000000000000e+00 8.015911880509730736e+02 1.248308391478150124e-05 4.780987855166957274e+02 1.880176433331755106e+04 0.000000000000000000e+00 0.000000000000000000e+00
3.465346534653465714e-04 0.000000000000000000e+00 8.015867328301284260e+02 1.248535439819616510e-05 4.780987967213996512e+02 1.878562643938718611e+04 0.000000000000000000e+00 0.000000000000000000e+00
4.158415841584158857e-04 0.000000000000000000e+00 8.015257267698575561e+02 1.249863719515139401e-05 4.780989984727130491e+02 1.873879867995582390e+04 0.000000000000000000e+00 0.000000000000000000e+00
4.851485148514851999e-04 0.000000000000000000e+00 8.012589604817984537e+02 1.255804587631056194e-05 4.781003013461934188e+02 1.864411749358687666e+04 0.000000000000000000e+00 0.000000000000000000e+00
5.544554455445545142e-04 0.000000000000000000e+00 8.004440244696198761e+02 1.279506049406119194e-05 4.781064519850370971e+02 1.848080345371329895e+04 0.000000000000000000e+00 0.000000000000000000e+00
6.237623762376238827e-04 0.000000000000000000e+00 7.983533827113111556e+02 1.364891976652757427e-05 4.781316111609897916e+02 1.822227415616491635e+04 0.000000000000000000e+00 0.000000000000000000e+00
6.930693069306931428e-04 0.000000000000000000e+00 7.935098842242800856e+02 1.549623246986203380e-05 4.782276230203322598e+02 1.786592481714207679e+04 0.000000000000000000e+00 0.000000000000000000e+00
7.623762376237624028e-04 0.000000000000000000e+00 7.834397433666755433e+02 1.853311652043487885e-05 4.785741194866891988e+02 1.741697739411720249e+04 0.000000000000000000e+00 0.000000000000000000e+00
8.316831683168317713e-04 0.000000000000000000e+00 7.636398105767724473e+02 2.327575518052699217e-05 4.798226672325999402e+02 1.686313900540644681e+04 0.000000000000000000e+00 0.000000000000000000e+00
9.009900990099011398e-04 0.000000000000000000e+00 7.245657480637103163e+02 3.077534369504354483e-05 4.845772427989370499e+02 1.617067697752078129e+04 0.000000000000000000e+00 0.000000000000000000e+00
9.702970297029703999e-04 0.000000000000000000e+00 6.517481344252814779e+02 4.326288220181812174e-05 5.001704380882357555e+02 1.529159552697568142e+04 0.000000000000000000e+00 0.000000000000000000e+00
1.039603960396039660e-03 0.000000000000000000e+00 4.983255213435009523e+02 4.228249108489434048e-05 4.395662117510145777e+02 1.353926420047141983e+04 1.246575828846528793e+03 0.000000000000000000e+00
1.108910891089109028e-03 0.000000000000000000e+00 4.983255213435009523e+02 4.228249108489434048e-05 4.395662117510145777e+02 1.353926420047141983e+04 1.246575828846528793e+03 0.000000000000000000e+00
1.178217821782178397e-03 0.000000000000000000e+00 4.983255213435009523e+02 4.228249108489434048e-05 4.395662117510145777e+02 1.353926420047141983e+04 1.246575828846528793e+03 0.000000000000000000e+00
1.247524752475247765e-03 0.000000000000000000e+00 4.983255213435009523e+02 4.228249062062724729e-05 4.395662117510145777e+02 1.353924140146589343e+04 1.246575828846528793e+03 0.000000000000000000e+00
1.316831683168316917e-03 0.000000000000000000e+00 4.983255041202971256e+02 4.228240691429233366e-05 4.395662116742098533e+02 1.353617884503610549e+04 1.246575833519740172e+03 0.000000000000000000e+00
1.386138613861386286e-03 0.000000000000000000e+00 4.983231085592570366e+02 4.228181223257890817e-05 4.395661999282365855e+02 1.352341119505755341e+04 1.246576535506497976e+03 0.000000000000000000e+00
1.455445544554455654e-03 0.000000000000000000e+00 4.983074882068067382e+02 4.227922418449268568e-05 4.395661040233567860e+02 1.349429970782404234e+04 1.246581670407056436e+03 0.000000000000000000e+00
1.524752475247524806e-03 0.000000000000000000e+00 4.982483577188064032e+02 4.226954513588806816e-05 4.395656313119571905e+02 1.344069053293071738e+04 1.246603704760638948e+03 0.000000000000000000e+00
1.594059405940594174e-03 0.000000000000000000e+00 4.980695967895748595e+02 4.223612328247541495e-05 4.395637227472773247e+02 1.335183096217812636e+04 1.246679646839067573e+03 0.000000000000000000e+00
1.663366336633663543e-03 0.000000000000000000e+00 4.975866913886006841e+02 4.215277651069927268e-05 4.395566766301957955e+02 1.321927887787920372e+04 1.246914833467356857e+03 0.000000000000000000e+00
1.732673267326732911e-03 0.000000000000000000e+00 4.964045761122646923e+02 4.202695511340731637e-05 4.395324541047011735e+02 1.304653795616009666e+04 1.247581453232329750e+03 0.000000000000000000e+00
1.801980198019802280e-03 0.000000000000000000e+00 4.936997174254518654e+02 4.185815307345155630e-05 4.394516957466655072e+02 1.283051073735898535e+04 1.249369354044803913e+03 0.000000000000000000e+00
1.871287128712871431e-03 0.000000000000000000e+00 4.875680731797373824e+02 4.163718264120597310e-05 4.391753865369888672e+02 1.256087413051098338e+04 1.254169705709635991e+03 0.000000000000000000e+00
1.940594059405940800e-03 0.000000000000000000e+00 4.728501633940207967e+02 4.133810429227316447e-05 4.381435045990418757e+02 1.221226708377406794e+04 1.267958625169379275e+03 0.000000000000000000e+00
2.009900990099009951e-03 0.000000000000000000e+00 4.330887604019798118e+02 3.857701977646508617e-05 4.236872034159832765e+02 1.121910608515985405e+04 0.000000000000000000e+00 7.973116475432098923e+03
2.079207920792079320e-03 0.000000000000000000e+00 4.330887604019798118e+02 3.857701977646508617e-05 4.236872034159832765e+02 1.121910608515985405e+04 0.000000000000000000e+00 7.973116475432098923e+03
2.148514851485148688e-03 0.000000000000000000e+00 4.330887604019798118e+02 3.857701977646508617e-05 4.236872034159832765e+02 1.121910608515985405e+04 0.000000000000000000e+00 7.973116475432098923e+03
2.217821782178218057e-03 0.000000000000000000e+00 4.330887604019798118e+02 3.857701977646508617e-05 4.236872034159832765e+02 1.121910608515985405e+04 0.000000000000000000e+00 7.973116475432098923e+03
2.287128712871287425e-03 0.000000000000000000e+00 4.330887604019798118e+02 3.857613236300031217e-05 4.236872034159832765e+02 1.122127934200423078e+04 0.000000000000000000e+00 7.973116475432098923e+03
2.356435643564356794e-03 0.000000000000000000e+00 4.330900427576260086e+02 3.856524553168722724e-05 4.236871798304329673e+02 1.123937080144896026e+04 0.000000000000000000e+00 7.973109688092423312e+03
2.425742574257426162e-03 0.000000000000000000e+00 4.331054851504306953e+02 3.851304951038671861e-05 4.236868719167981681e+02 1.128945129555510175e+04 0.000000000000000000e+00 7.973040524412102968e+03
2.495049504950495531e-03 0.000000000000000000e+00 4.331812769307701387e+02 3.831047531159172549e-05 4.236851104371027077e+02 1.139144694525087289e+04 0.000000000000000000e+00 7.972763620673066725e+03
2.564356435643564466e-03 0.000000000000000000e+00 4.334518983750091934e+02 3.760033806564966509e-05 4.236775047058500263e+02 1.157109769977142059e+04 0.000000000000000000e+00 7.971968610937989069e+03
2.633663366336633834e-03 0.000000000000000000e+00 4.342832222028394540e+02 3.546502241262606289e-05 4.236484300146252053e+02 1.186219934543229283e+04 0.000000000000000000e+00 7.970025455287618570e+03
2.702970297029703203e-03 0.000000000000000000e+00 4.366097396654683962e+02 3.204961202742995420e-05 4.235448354874545771e+02 1.227426841650043389e+04 0.000000000000000000e+00 7.965775542062611748e+03
2.772277227722772571e-03 0.000000000000000000e+00 4.426292198271970051e+02 2.788255985076396561e-05 4.231941142297233682e+02 1.281841870561809083e+04 0.000000000000000000e+00 7.957456022248444242e+03
2.841584158415841940e-03 0.000000000000000000e+00 4.577388683610271869e+02 2.309342019177109466e-05 4.219987193439829980e+02 1.352834693907722976e+04 0.000000000000000000e+00 7.942144343318840583e+03
2.910891089108911308e-03 0.000000000000000000e+00 4.967146862263551270e+02 1.762139940573886920e-05 4.176480965355068520e+02 1.447686299315008364e+04 0.000000000000000000e+00 7.914133753873283240e+03
2.980198019801980677e-03 0.000000000000000000e+00 5.788736741066072682e+02 1.117469930217060528e-05 4.060415575514370516e+02 1.569042741973882949e+04 0.000000000000000000e+00 7.869517150348788164e+03
3.049504950495049611e-03 0.000000000000000000e+00 8.015911880509730736e+02 1.248296649727186166e-05 4.780987855166957274e+02 1.880316701966536129e+04 0.000000000000000000e+00 0.000000000000000000e+00
3.118811881188118980e-03 0.000000000000000000e+00 8.015911880509730736e+02 1.248296649727186166e-05 4.780987855166957274e+02 1.880316701966536129e+04 0.000000000000000000e+00 0.000000000000000000e+00
3.188118811881188348e-03 0.000000000000000000e+00 8.015911880509730736e+02 1.248296649727186166e-05 4.780987855166957274e+02 1.880316701966536129e+04 0.000000000000000000e+00 0.000000000000000000e+00
3.257425742574257717e-03 0.000000000000000000e+00 8.015911880509730736e+02 1.248298706693375985e-05 4.780987855166957274e+02 1.880289357685709183e+04 0.000000000000000000e+00 0.000000000000000000e+00
3.326732673267327085e-03 0.000000000000000000e+00 8.015903278658948921e+02 1.248418821412577218e-05 4.780987875755070604e+02 1.879272562221900080e+04 0.000000000000000000e+00 0.000000000000000000e+00
3.396039603960396454e-03 0.000000000000000000e+00 8.015556154796516921e+02 1.249255957588989032e-05 4.780988905721937954e+02 1.875619662308364059e+04 0.000000000000000000e+00 0.000000000000000000e+00
3.465346534653465822e-03 0.000000000000000000e+00 8.013718497875019011e+02 1.253181339669150067e-05 4.780996865377663312e+02 1.867721237450600529e+04 0.000000000000000000e+00 0.000000000000000000e+00
3.534653465346535191e-03 0.000000000000000000e+00 8.007665292246668969e+02 1.269224788953598358e-05 4.781036937697418807e+02 1.853606217549449866e+04 0.000000000000000000e+00 0.000000000000000000e+00
3.603960396039604559e-03 0.000000000000000000e+00 7.991510517721616225e+02 1.330266948394365576e-05 4.781206134771182406e+02 1.830713500492439562e+04 0.000000000000000000e+00 0.000000000000000000e+00
3.673267326732673494e-03 0.000000000000000000e+00 7.952977810331499313e+02 1.486230577436632478e-05 4.781864342370373038e+02 1.797700759818086954e+04 0.000000000000000000e+00 0.000000000000000000e+00
3.742574257425742863e-03 0.000000000000000000e+00 7.870638422472718503e+02 1.752108273592970717e-05 4.784265388523986644e+02 1.755525748747212856e+04 0.000000000000000000e+00 0.000000000000000000e+00
3.811881188118812231e-03 0.000000000000000000e+00 7.707200670220031498e+02 2.170343061458089424e-05 4.792862669188967288e+02 1.703064136722266267e+04 0.000000000000000000e+00 0.000000000000000000e+00
3.881188118811881600e-03 0.000000000000000000e+00 7.387137397608598803e+02 2.824770605277831837e-05 4.824816246687365151e+02 1.637095902768779888e+04 0.000000000000000000e+00 0.000000000000000000e+00
3.950495049504950534e-03 0.000000000000000000e+00 6.737222553172630342e+02 3.912579143260329340e-05 4.950872280181015981e+02 1.550905586818664415e+04 0.000000000000000000e+00 0.000000000000000000e+00
4.019801980198019903e-03 0.000000000000000000e+00 4.982552418177788809e+02 4.227074083706615224e-05 4.395656919402443918e+02 1.344556967340532174e+04 1.246601018995532741e+03 0.000000000000000000e+00
4.089108910891089271e-03 0.000000000000000000e+00 4.980890069045792075e+02 4.224010835981770970e-05 4.395639535142973386e+02 1.335965989946194168e+04 1.246670969688346077e+03 0.000000000000000000e+00
4.158415841584158640e-03 0.000000000000000000e+00 4.976377007430955928e+02 4.216024700835611407e-05 4.395575142638834905e+02 1.323017385115569596e+04 1.246888616905404206e+03 0.000000000000000000e+00
4.227722772277228008e-03 0.000000000000000000e+00 4.965252771131022200e+02 4.203732781591124106e-05 4.395352810952672939e+02 1.306031553787699158e+04 1.247509189660859874e+03 0.000000000000000000e+00
4.297029702970297377e-03 0.000000000000000000e+00 4.939723144740750058e+02 4.187024490706778778e-05 4.394611248889873991e+02 1.285132860093284216e+04 1.249177217593372916e+03 0.000000000000000000e+00
4.366336633663366745e-03 0.000000000000000000e+00 4.881925440201118249e+02 4.163845066373739705e-05 4.392080954600178870e+02 1.260944549821341207e+04 1.253647553925895863e+03 0.000000000000000000e+00
4.435643564356436114e-03 0.000000000000000000e+00 4.743823133260938221e+02 4.127745775297519834e-05 4.382649443763129398e+02 1.232748851099173226e+04 1.266435879719966124e+03 0.000000000000000000e+00
4.504950495049505482e-03 0.000000000000000000e+00 4.332031026355946324e+02 3.825489001512112164e-05 4.236845592927743382e+02 1.141154473138441608e+04 0.000000000000000000e+00 7.972691631615222832e+03
4.574257425742574851e-03 0.000000000000000000e+00 4.335228691905700202e+02 3.740991880265784488e-05 4.236753067841237907e+02 1.160504666469313815e+04 0.000000000000000000e+00 7.971781815273029679e+03
4.643564356435644219e-03 0.000000000000000000e+00 4.344923556819946953e+02 3.503356609152128971e-05 4.236402265204346804e+02 1.191351719296252668e+04 0.000000000000000000e+00 7.969590682858864966e+03
4.712871287128713588e-03 0.000000000000000000e+00 4.371676895141721957e+02 3.149390721444124343e-05 4.235166643639454378e+02 1.234318872026092686e+04 0.000000000000000000e+00 7.964885642863647263e+03
4.782178217821782956e-03 0.000000000000000000e+00 4.440381089112416930e+02 2.722886847098782387e-05 4.230993721929286266e+02 1.290680294348952157e+04 0.000000000000000000e+00 7.955785766121766756e+03
4.851485148514852325e-03 0.000000000000000000e+00 4.612804732712186819e+02 2.234084471252892806e-05 4.216696944301983194e+02 1.363016100246618225e+04 0.000000000000000000e+00 7.939066194095276842e+03
4.920792079207921693e-03 0.000000000000000000e+00 5.061834469250069901e+02 1.673698710799816135e-05 4.163873046778099365e+02 1.458060856992309891e+04 0.000000000000000000e+00 7.907913704192279511e+03
4.990099009900991062e-03 0.000000000000000000e+00 5.889433370758937372e+02 1.074113235576531217e-05 4.045663450813765962e+02 1.566274161897222075e+04 0.000000000000000000e+00 7.861593825154958722e+03
5.059405940594059563e-03 0.000000000000000000e+00 8.003502691402607070e+02 1.282819460457527743e-05 4.781073202131453286e+02 1.846252641880595183e+04 0.000000000000000000e+00 0.000000000000000000e+00
5.128712871287128931e-03 0.000000000000000000e+00 7.981139292757757175e+02 1.374806124446277661e-05 4.781351235005843705e+02 1.818248248176495690e+04 0.000000000000000000e+00 0.000000000000000000e+00
5.198019801980198300e-03 0.000000000000000000e+00 7.929667430082107558e+02 1.566818597167078509e-05 4.782404521752809501e+02 1.778676574422943668e+04 0.000000000000000000e+00 0.000000000000000000e+00
5.267326732673267668e-03 0.000000000000000000e+00 7.822862385006742443e+02 1.879895770417772341e-05 4.786197028433585956e+02 1.727240938563070449e+04 0.000000000000000000e+00 0.000000000000000000e+00
5.336633663366337037e-03 0.000000000000000000e+00 7.612565722786557671e+02 2.366341462004673121e-05 4.799890905924449953e+02 1.662998242530614516e+04 0.000000000000000000e+00 0.000000000000000000e+00
5.405940594059406405e-03 0.000000000000000000e+00 7.195600368702818059e+02 3.130461595022870539e-05 4.852407460435771895e+02 1.583514053452942790e+04 0.000000000000000000e+00 0.000000000000000000e+00
5.475247524752475774e-03 0.000000000000000000e+00 6.445281433344174502e+02 4.369384253038416746e-05 5.012221074983826270e+02 1.488125316730793020e+04 0.000000000000000000e+00 0.000000000000000000e+00
5.544554455445545142e-03 0.000000000000000000e+00 4.944219321598570218e+02 4.114560883206682692e-05 4.394585066842561787e+02 1.317752200911537329e+04 1.248957915276325139e+03 0.000000000000000000e+00
5.613861386138614511e-03 0.000000000000000000e+00 4.895152332588098147e+02 3.917029819433554282e-05 4.391948508561272888e+02 1.318888773951271105e+04 1.252953736598347177e+03 0.000000000000000000e+00
5.683168316831683879e-03 0.000000000000000000e+00 4.780039076829205555e+02 3.554471430351481927e-05 4.382180113222897830e+02 1.324494704462761547e+04 1.264324230930953490e+03 0.000000000000000000e+00
5.752475247524753248e-03 0.000000000000000000e+00 4.403080567722507226e+02 2.913460830665964127e-05 4.233410670881536930e+02 1.264825384586335167e+04 0.000000000000000000e+00 7.960390822417069103e+03
5.821782178217822616e-03 0.000000000000000000e+00 4.519144153984361196e+02 2.451594183104531795e-05 4.225049800503189772e+02 1.330587144431610977e+04 0.000000000000000000e+00 7.947493730973206766e+03
5.891089108910891985e-03 0.000000000000000000e+00 4.813767625763255751e+02 1.922800878848900279e-05 4.195486422939665658e+02 1.417474043285841617e+04 0.000000000000000000e+00 7.924034274510013347e+03
5.960396039603961353e-03 0.000000000000000000e+00 5.562397409284192236e+02 1.303616422239300702e-05 4.092480272251120255e+02 1.536577661274176717e+04 0.000000000000000000e+00 7.881770155933508249e+03
6.029702970297030722e-03 0.000000000000000000e+00 8.015911880509730736e+02 1.248296649727186166e-05 4.780987855166957274e+02 1.880316701966536129e+04 0.000000000000000000e+00 0.000000000000000000e+00
6.099009900990099223e-03 0.000000000000000000e+00 8.015911880509730736e+02 1.248296649727186166e-05 4.780987855166957274e+02 1.880316701966536129e+04 0.000000000000000000e+00 0.000000000000000000e+00
6.168316831683168591e-03 0.000000000000000000e+00 8.015911880509730736e+02 1.248296649727186166e-05 4.780987855166957274e+02 1.880316701966536129e+04 0.000000000000000000e+00 0.000000000000000000e+00
6.237623762376237960e-03 0.000000000000000000e+00 8.015911880509730736e+02 1.248296649727186166e-05 4.780987855166957274e+02 1.880316701966536129e+04 0.000000000000000000e+00 0.000000000000000000e+00
6.306930693069307328e-03 0.000000000000000000e+00 8.015911880509730736e+02 1.248296649727186166e-05 4.780987855166957274e+02 1.880316701966536129e+04 0.000000000000000000e+00 0.000000000000000000e+00
6.376237623762376697e-03 0.000000000000000000e+00 8.015911880509730736e+02 1.248296649727186166e-05 4.780987855166957274e+02 1.880316701966536129e+04 0.000000000000000000e+00 0.000000000000000000e+00
6.445544554455446065e-03 0.000000000000000000e+00 8.015911880509730736e+02 1.248296649727186166e-05 4.780987855166957274e+02 1.880316701966536129e+04 0.000000000000000000e+00 0.000000000000000000e+00
6.514851485148515434e-03 0.000000000000000000e+00 8.015911880509730736e+02 1.248296649727186166e-05 4.780987855166957274e+02 1.880316701966536129e+04 0.000000000000000000e+00 0.000000000000000000e+00
6.584158415841584802e-03 0.000000000000000000e+00 8.015911880509730736e+02 1.248296649727186505e-05 4.780987855166957274e+02 1.880316701966536129e+04 0.000000000000000000e+00 0.000000000000000000e+00
6.653465346534654171e-03 0.000000000000000000e+00 8.015911880509730736e+02 1.248296649727186843e-05 4.780987855166957274e+02 1.880316701966536129e+04 0.000000000000000000e+00 0.000000000000000000e+00
6.722772277227723539e-03 0.000000000000000000e+00 8.015911880509730736e+02 1.248296649727186843e-05 4.780987855166957274e+02 1.880316701966536129e+04 0.000000000000000000e+00 0.000000000000000000e+00
6.792079207920792908e-03 0.000000000000000000e+00 8.015911880509729599e+02 1.248296649727186674e-05 4.780987855166957274e+02 1.880316701966536129e+04 0.000000000000000000e+00 0.000000000000000000e+00
6.861386138613862276e-03 0.000000000000000000e+00 8.015911880509729599e+02 1.248296649727186674e-05 4.780987855166957274e+02 1.880316701966536129e+04 0.000000000000000000e+00 0.000000000000000000e+00
6.930693069306931645e-03 0.000000000000000000e+00 0.000000000000000000e+00 0.000000000000000000e+00 0.000000000000000000e+00 0.000000000000000000e+00 0.000000000000000000e+00 0.000000000000000000e+00
