0.000000000000000000e+00 1.000000000000000000e+00 6.000000000000000000e+00 7.000000000000000000e+00 8.000000000000000000e+00 1.400000000000000000e+01 2.600000000000000000e+01 2.900000000000000000e+01
0.000000000000000000e+00 0.000000000000000000e+00 8.016043284949679446e+02 1.248296649727187013e-05 4.780911210887037441e+02 1.880316701966536493e+04 0.000000000000000000e+00 0.000000000000000000e+00
1.372549019607843107e-04 0.000000000000000000e+00 8.016043284949679446e+02 1.248296649727187013e-05 4.780911210887037441e+02 1.880316701966536493e+04 0.000000000000000000e+00 0.000000000000000000e+00
2.745098039215686215e-04 0.000000000000000000e+00 8.016043284949679446e+02 1.248296649727187013e-05 4.780911210887037441e+02 1.880316701966536493e+04 0.000000000000000000e+00 0.000000000000000000e+00
4.117647058823529051e-04 0.000000000000000000e+00 8.014782894591065769e+02 1.248687050413229594e-05 4.780916870224483546e+02 1.877838307691859882e+04 0.000000000000000000e+00 0.000000000000000000e+00
5.490196078431372429e-04 0.000000000000000000e+00 7.999668535482219340e+02 1.260845618213490539e-05 4.781053631852540775e+02 1.860199716597919178e+04 0.000000000000000000e+00 0.000000000000000000e+00
6.862745098039215808e-04 0.000000000000000000e+00 7.914762816586595591e+02 1.435298558402491956e-05 4.782974340077852275e+02 1.809199856567351162e+04 0.000000000000000000e+00 0.000000000000000000e+00
8.235294117647058102e-04 0.000000000000000000e+00 7.575886843365713048e+02 2.062185429952251959e-05 4.806419204567725956e+02 1.717112164944970937e+04 0.000000000000000000e+00 0.000000000000000000e+00
9.607843137254901481e-04 0.000000000000000000e+00 6.759650669292469729e+02 3.728283375793813075e-05 4.926691487625897139e+02 1.565716132881097656e+04 0.000000000000000000e+00 0.000000000000000000e+00
1.098039215686274486e-03 0.000000000000000000e+00 4.983308271983111126e+02 4.228249108489423884e-05 4.395601608295996812e+02 1.353926420047141801e+04 1.246572437376081780e+03 0.000000000000000000e+00
1.235294117647058824e-03 0.000000000000000000e+00 4.983308271983111126e+02 4.228249108489423884e-05 4.395601608295996812e+02 1.353926420047141801e+04 1.246572437376081780e+03 0.000000000000000000e+00
1.372549019607843162e-03 0.000000000000000000e+00 4.983269876734000832e+02 4.228239147275605973e-05 4.395601369948440720e+02 1.353576045827683447e+04 1.246573654735988839e+03 0.000000000000000000e+00
1.509803921568627499e-03 0.000000000000000000e+00 4.982301960910947400e+02 4.227828752339403412e-05 4.395592930552649591e+02 1.348844147646700367e+04 1.246610707528571993e+03 0.000000000000000000e+00
1.647058823529411620e-03 0.000000000000000000e+00 4.974674795889767438e+02 4.221635487142706114e-05 4.395476710384011767e+02 1.332460789761852357e+04 1.246985678195416767e+03 0.000000000000000000e+00
1.784313725490195958e-03 0.000000000000000000e+00 4.932996133666303535e+02 4.197230004853038472e-05 4.394222141009690290e+02 1.298584349323397873e+04 1.249720777402526664e+03 0.000000000000000000e+00
1.921568627450980296e-03 0.000000000000000000e+00 4.761738540997425844e+02 4.151870670701939974e-05 4.384379218965069072e+02 1.243182386736269837e+04 1.264774829900886743e+03 0.000000000000000000e+00
2.058823529411764851e-03 0.000000000000000000e+00 4.330921289391579876e+02 3.857701977646508617e-05 4.236812174141650189e+02 1.121910608515985405e+04 0.000000000000000000e+00 7.973247679566053193e+03
2.196078431372548972e-03 0.000000000000000000e+00 4.330921289391579876e+02 3.857701977646508617e-05 4.236812174141650189e+02 1.121910608515985405e+04 0.000000000000000000e+00 7.973247679566053193e+03
2.333333333333333093e-03 0.000000000000000000e+00 4.330928884991608925e+02 3.857644273310799880e-05 4.236811996668397455e+02 1.122056188331905651e+04 0.000000000000000000e+00 7.973244105839167787e+03
2.470588235294117647e-03 0.000000000000000000e+00 4.331951090202971386e+02 3.851279108870243238e-05 4.236787226836624427e+02 1.128743195594814460e+04 0.000000000000000000e+00 7.972876708380658783e+03
2.607843137254901768e-03 0.000000000000000000e+00 4.343342207654702634e+02 3.742720680896638821e-05 4.236390314898505949e+02 1.158473407751290688e+04 0.000000000000000000e+00 7.970163692547972460e+03
2.745098039215686323e-03 0.000000000000000000e+00 4.424558344504349634e+02 3.123333556449287690e-05 4.231841635988557755e+02 1.233653978211430331e+04 0.000000000000000000e+00 7.958248410226868145e+03
2.882352941176470444e-03 0.000000000000000000e+00 4.905241949050558787e+02 2.153153429650823535e-05 4.183822506605887952e+02 1.369985230127147224e+04 0.000000000000000000e+00 7.919634009613236231e+03
3.019607843137254999e-03 0.000000000000000000e+00 8.016043284949679446e+02 1.248296649727187013e-05 4.780911210887037441e+02 1.880316701966536493e+04 0.000000000000000000e+00 0.000000000000000000e+00
3.156862745098039120e-03 0.000000000000000000e+00 8.016043284949679446e+02 1.248296649727187013e-05 4.780911210887037441e+02 1.880316701966536493e+04 0.000000000000000000e+00 0.000000000000000000e+00
3.294117647058823241e-03 0.000000000000000000e+00 8.016043284949679446e+02 1.248296649727187013e-05 4.780911210887037441e+02 1.880316701966536493e+04 0.000000000000000000e+00 0.000000000000000000e+00
3.431372549019607796e-03 0.000000000000000000e+00 8.014056122252080741e+02 1.248994660170640643e-05 4.780920653136761302e+02 1.876595745952308062e+04 0.000000000000000000e+00 0.000000000000000000e+00
3.568627450980391917e-03 0.000000000000000000e+00 7.994180516478053278e+02 1.267551563491077787e-05 4.781122078224751135e+02 1.855457376045813362e+04 0.000000000000000000e+00 0.000000000000000000e+00
3.705882352941176471e-03 0.000000000000000000e+00 7.888941090861558223e+02 1.491792770897801734e-05 4.783856698488046391e+02 1.798538939579302678e+04 0.000000000000000000e+00 0.000000000000000000e+00
3.843137254901960592e-03 0.000000000000000000e+00 7.481638025490361770e+02 2.209044294505511274e-05 4.817197448516526492e+02 1.700021954222856220e+04 0.000000000000000000e+00 0.000000000000000000e+00
3.980392156862745147e-03 0.000000000000000000e+00 6.654314425711356762e+02 4.216635469258645468e-05 4.941872050497466944e+02 1.529673574044840643e+04 0.000000000000000000e+00 0.000000000000000000e+00
4.117647058823529702e-03 0.000000000000000000e+00 4.977681174619281705e+02 4.224422570022570462e-05 4.395530486271958921e+02 1.337457142221889990e+04 1.246827535000566741e+03 0.000000000000000000e+00
4.254901960784313389e-03 0.000000000000000000e+00 4.948279560161632276e+02 4.203957012592201967e-05 4.394788157126064334e+02 1.307347318386700135e+04 1.248628680828134748e+03 0.000000000000000000e+00
4.392156862745097944e-03 0.000000000000000000e+00 4.809614390648551421e+02 4.163175721303669324e-05 4.387424905953268990e+02 1.259181054742093693e+04 1.260279837490948694e+03 0.000000000000000000e+00
4.529411764705882498e-03 0.000000000000000000e+00 4.334252717578132774e+02 3.833962404611609249e-05 4.236717144202997360e+02 1.137383835117103990e+04 0.000000000000000000e+00 7.972224930946640598e+03
4.666666666666666186e-03 0.000000000000000000e+00 4.361941049364301080e+02 3.538200011707642748e-05 4.235515245823984287e+02 1.184480371140639363e+04 0.000000000000000000e+00 7.966823025218254770e+03
4.803921568627450740e-03 0.000000000000000000e+00 4.539221089778199598e+02 2.742953269017441882e-05 4.222402703921759439e+02 1.282747369109627653e+04 0.000000000000000000e+00 7.946573283422230816e+03
4.941176470588235295e-03 0.000000000000000000e+00 5.287174930771689105e+02 1.625782870634619100e-05 4.141426596865771330e+02 1.456754710114672889e+04 0.000000000000000000e+00 7.894085718390214424e+03
5.078431372549019850e-03 0.000000000000000000e+00 7.990945878604587733e+02 1.272260086660734584e-05 4.781165363937117831e+02 1.852713051794794228e+04 0.000000000000000000e+00 0.000000000000000000e+00
5.215686274509803537e-03 0.000000000000000000e+00 7.873258383217010987e+02 1.523510356824486226e-05 4.784408228181592335e+02 1.789549126447199524e+04 0.000000000000000000e+00 0.000000000000000000e+00
5.352941176470588092e-03 0.000000000000000000e+00 7.420996415067222642e+02 2.287779537730217584e-05 4.823978868208191102e+02 1.674873098641944307e+04 0.000000000000000000e+00 0.000000000000000000e+00
5.490196078431372646e-03 0.000000000000000000e+00 6.572447803959339581e+02 4.471971150866787067e-05 4.949343070531697322e+02 1.482101635888256533e+04 0.000000000000000000e+00 0.000000000000000000e+00
5.627450980392156334e-03 0.000000000000000000e+00 4.852492698454665856e+02 3.989830478955905951e-05 4.388246669722360025e+02 1.312700024469085292e+04 1.257205621172975725e+03 0.000000000000000000e+00
5.764705882352940888e-03 0.000000000000000000e+00 4.453057441060766450e+02 3.002220620408208379e-05 4.229788401565175491e+02 1.248784230321406903e+04 0.000000000000000000e+00 7.955021736926281847e+03
5.901960784313725443e-03 0.000000000000000000e+00 5.039477609564050908e+02 1.985195689083903690e-05 4.168958313734205490e+02 1.397344905848272538e+04 0.000000000000000000e+00 7.911236961200560472e+03
6.039215686274509998e-03 0.000000000000000000e+00 8.016043284949679446e+02 1.248296649727187013e-05 4.780911210887037441e+02 1.880316701966536493e+04 0.000000000000000000e+00 0.000000000000000000e+00
6.176470588235293685e-03 0.000000000000000000e+00 8.016043284949679446e+02 1.248296649727187013e-05 4.780911210887037441e+02 1.880316701966536493e+04 0.000000000000000000e+00 0.000000000000000000e+00
6.313725490196078240e-03 0.000000000000000000e+00 8.016043284949679446e+02 1.248296649727187013e-05 4.780911210887037441e+02 1.880316701966536493e+04 0.000000000000000000e+00 0.000000000000000000e+00
6.450980392156862794e-03 0.000000000000000000e+00 8.016043284949679446e+02 1.248296649727187013e-05 4.780911210887037441e+02 1.880316701966536493e+04 0.000000000000000000e+00 0.000000000000000000e+00
6.588235294117646482e-03 0.000000000000000000e+00 8.016043284949679446e+02 1.248296649727187352e-05 4.780911210887037441e+02 1.880316701966536493e+04 0.000000000000000000e+00 0.000000000000000000e+00
6.725490196078431036e-03 0.000000000000000000e+00 8.016043284949679446e+02 1.248296649727187860e-05 4.780911210887037441e+02 1.880316701966536493e+04 0.000000000000000000e+00 0.000000000000000000e+00
6.862745098039215591e-03 0.000000000000000000e+00 0.000000000000000000e+00 0.000000000000000000e+00 0.000000000000000000e+00 0.000000000000000000e+00 0.000000000000000000e+00 0.000000000000000000e+00
