0.000000000000000000e+00 1.000000000000000000e+00 6.000000000000000000e+00 7.000000000000000000e+00 8.000000000000000000e+00 1.400000000000000000e+01 2.600000000000000000e+01 2.900000000000000000e+01
0.000000000000000000e+00 0.000000000000000000e+00 2.858019740949221159e+03 2.383336400337756515e+02 5.368623911263605805e+03 3.193384259039336393e+04 0.000000000000000000e+00 0.000000000000000000e+00
6.930693069306931428e-05 0.000000000000000000e+00 2.858019740949221159e+03 2.383336400337756515e+02 5.368623911263605805e+03 3.193384259039336393e+04 0.000000000000000000e+00 0.000000000000000000e+00
1.386138613861386286e-04 0.000000000000000000e+00 2.858019740949221159e+03 2.383336400337756515e+02 5.368623911263605805e+03 3.193384259039336393e+04 0.000000000000000000e+00 0.000000000000000000e+00
2.079207920792079428e-04 0.000000000000000000e+00 2.858019740949221159e+03 2.383336400337756515e+02 5.368623911263605805e+03 3.193384259039336393e+04 0.000000000000000000e+00 0.000000000000000000e+00
2.772277227722772571e-04 0.000000000000000000e+00 2.858019740949221159e+03 2.383336400337756515e+02 5.368623911263605805e+03 3.193384259039336393e+04 0.000000000000000000e+00 0.000000000000000000e+00
3.465346534653465714e-04 0.000000000000000000e+00 2.858019740949221159e+03 2.383336400337756515e+02 5.368623911263605805e+03 3.193384259039336393e+04 0.000000000000000000e+00 0.000000000000000000e+00
4.158415841584158857e-04 0.000000000000000000e+00 2.858019740949221159e+03 2.383336400337756515e+02 5.368623911263605805e+03 3.193384259039336393e+04 0.000000000000000000e+00 0.000000000000000000e+00
4.851485148514851999e-04 0.000000000000000000e+00 2.858019740949221159e+03 2.383336400337756515e+02 5.368623911263605805e+03 3.193384259039336393e+04 0.000000000000000000e+00 0.000000000000000000e+00
5.544554455445545142e-04 0.000000000000000000e+00 2.858019740949221159e+03 2.383336400337756515e+02 5.368623911263605805e+03 3.193384259039336393e+04 0.000000000000000000e+00 0.000000000000000000e+00
6.237623762376238827e-04 0.000000000000000000e+00 2.858019740949221159e+03 2.383336400337756515e+02 5.368623911263605805e+03 3.193384259039336393e+04 0.000000000000000000e+00 0.000000000000000000e+00
6.930693069306931428e-04 0.000000000000000000e+00 2.858019740949221159e+03 2.383336400337756515e+02 5.368623911263605805e+03 3.193384259039336393e+04 0.000000000000000000e+00 0.000000000000000000e+00
7.623762376237624028e-04 0.000000000000000000e+00 2.858019740949221159e+03 2.383336400337756515e+02 5.368623911263605805e+03 3.193384259039336393e+04 0.000000000000000000e+00 0.000000000000000000e+00
8.316831683168317713e-04 0.000000000000000000e+00 2.858019740949221159e+03 2.383336400337756515e+02 5.368623911263605805e+03 3.193384259039336393e+04 0.000000000000000000e+00 0.000000000000000000e+00
9.009900990099011398e-04 0.000000000000000000e+00 2.858019740949221159e+03 2.383336400337756515e+02 5.368623911263605805e+03 3.193384259039336393e+04 0.000000000000000000e+00 0.000000000000000000e+00
9.702970297029703999e-04 0.000000000000000000e+00 2.858019740949221159e+03 2.383336400337756515e+02 5.368623911263605805e+03 3.193384259039336393e+04 0.000000000000000000e+00 0.000000000000000000e+00
1.039603960396039660e-03 0.000000000000000000e+00 2.200921894036185222e+03 2.138313577997205073e+02 4.501927372777163328e+03 2.865083132997359280e+04 9.362526528490867349e+03 0.000000000000000000e+00
1.108910891089109028e-03 0.000000000000000000e+00 2.200921894036185222e+03 2.138313577997205073e+02 4.501927372777163328e+03 2.865083132997359280e+04 9.362526528490867349e+03 0.000000000000000000e+00
1.178217821782178397e-03 0.000000000000000000e+00 2.200921894036185222e+03 2.138313577997205073e+02 4.501927372777163328e+03 2.865083132997359280e+04 9.362526528490867349e+03 0.000000000000000000e+00
1.247524752475247765e-03 0.000000000000000000e+00 2.200921894036185222e+03 2.138313577997205073e+02 4.501927372777163328e+03 2.865083132997359280e+04 9.362526528490867349e+03 0.000000000000000000e+00
1.316831683168316917e-03 0.000000000000000000e+00 2.200921894036185222e+03 2.138313577997205073e+02 4.501927372777163328e+03 2.865083132997359280e+04 9.362526528490867349e+03 0.000000000000000000e+00
1.386138613861386286e-03 0.000000000000000000e+00 2.200921894036185222e+03 2.138313577997205073e+02 4.501927372777163328e+03 2.865083132997359280e+04 9.362526528490867349e+03 0.000000000000000000e+00
1.455445544554455654e-03 0.000000000000000000e+00 2.200921894036185222e+03 2.138313577997205073e+02 4.501927372777163328e+03 2.865083132997359280e+04 9.362526528490867349e+03 0.000000000000000000e+00
1.524752475247524806e-03 0.000000000000000000e+00 2.200921894036185222e+03 2.138313577997205073e+02 4.501927372777163328e+03 2.865083132997359280e+04 9.362526528490867349e+03 0.000000000000000000e+00
1.594059405940594174e-03 0.000000000000000000e+00 2.200921894036185222e+03 2.138313577997205073e+02 4.501927372777163328e+03 2.865083132997359280e+04 9.362526528490867349e+03 0.000000000000000000e+00
1.663366336633663543e-03 0.000000000000000000e+00 2.200921894036185222e+03 2.138313577997205073e+02 4.501927372777163328e+03 2.865083132997359280e+04 9.362526528490867349e+03 0.000000000000000000e+00
1.732673267326732911e-03 0.000000000000000000e+00 2.200921894036185222e+03 2.138313577997205073e+02 4.501927372777163328e+03 2.865083132997359280e+04 9.362526528490867349e+03 0.000000000000000000e+00
1.801980198019802280e-03 0.000000000000000000e+00 2.200921894036185222e+03 2.138313577997205073e+02 4.501927372777163328e+03 2.865083132997359280e+04 9.362526528490867349e+03 0.000000000000000000e+00
1.871287128712871431e-03 0.000000000000000000e+00 2.200921894036185222e+03 2.138313577997205073e+02 4.501927372777163328e+03 2.865083132997359280e+04 9.362526528490867349e+03 0.000000000000000000e+00
1.940594059405940800e-03 0.000000000000000000e+00 2.200921894036185222e+03 2.138313577997205073e+02 4.501927372777163328e+03 2.865083132997359280e+04 9.362526528490867349e+03 0.000000000000000000e+00
2.009900990099009951e-03 0.000000000000000000e+00 2.046433739568803048e+03 2.007863361277904914e+02 4.274735486153152124e+03 2.690295524919604577e+04 0.000000000000000000e+00 2.632128056738537271e+04
2.079207920792079320e-03 0.000000000000000000e+00 2.046433739568803048e+03 2.007863361277904914e+02 4.274735486153152124e+03 2.690295524919604577e+04 0.000000000000000000e+00 2.632128056738537271e+04
2.148514851485148688e-03 0.000000000000000000e+00 2.046433739568803048e+03 2.007863361277904914e+02 4.274735486153152124e+03 2.690295524919604577e+04 0.000000000000000000e+00 2.632128056738537271e+04
2.217821782178218057e-03 0.000000000000000000e+00 2.046433739568803048e+03 2.007863361277904914e+02 4.274735486153152124e+03 2.690295524919604577e+04 0.000000000000000000e+00 2.632128056738537271e+04
2.287128712871287425e-03 0.000000000000000000e+00 2.046433739568803048e+03 2.007863361277904914e+02 4.274735486153152124e+03 2.690295524919604577e+04 0.000000000000000000e+00 2.632128056738537271e+04
2.356435643564356794e-03 0.000000000000000000e+00 2.046433739568803048e+03 2.007863361277904914e+02 4.274735486153152124e+03 2.690295524919604577e+04 0.000000000000000000e+00 2.632128056738537271e+04
2.425742574257426162e-03 0.000000000000000000e+00 2.046433739568803048e+03 2.007863361277904914e+02 4.274735486153152124e+03 2.690295524919604577e+04 0.000000000000000000e+00 2.632128056738537271e+04
2.495049504950495531e-03 0.000000000000000000e+00 2.046433739568803048e+03 2.007863361277904914e+02 4.274735486153152124e+03 2.690295524919604577e+04 0.000000000000000000e+00 2.632128056738537271e+04
2.564356435643564466e-03 0.000000000000000000e+00 2.046433739568803048e+03 2.007863361277904914e+02 4.274735486153152124e+03 2.690295524919604577e+04 0.000000000000000000e+00 2.632128056738537271e+04
2.633663366336633834e-03 0.000000000000000000e+00 2.046433739568803048e+03 2.007863361277904914e+02 4.274735486153152124e+03 2.690295524919604577e+04 0.000000000000000000e+00 2.632128056738537271e+04
2.702970297029703203e-03 0.000000000000000000e+00 2.046433739568803048e+03 2.007863361277904914e+02 4.274735486153152124e+03 2.690295524919604577e+04 0.000000000000000000e+00 2.632128056738537271e+04
2.772277227722772571e-03 0.000000000000000000e+00 2.046433739568803048e+03 2.007863361277904914e+02 4.274735486153152124e+03 2.690295524919604577e+04 0.000000000000000000e+00 2.632128056738537271e+04
2.841584158415841940e-03 0.000000000000000000e+00 2.046433739568803048e+03 2.007863361277904914e+02 4.274735486153152124e+03 2.690295524919604577e+04 0.000000000000000000e+00 2.632128056738537271e+04
2.910891089108911308e-03 0.000000000000000000e+00 2.046433739568803048e+03 2.007863361277904914e+02 4.274735486153152124e+03 2.690295524919604577e+04 0.000000000000000000e+00 2.632128056738537271e+04
2.980198019801980677e-03 0.000000000000000000e+00 2.046433739568803048e+03 2.007863361277904914e+02 4.274735486153152124e+03 2.690295524919604577e+04 0.000000000000000000e+00 2.632128056738537271e+04
3.049504950495049611e-03 0.000000000000000000e+00 2.858019740949221159e+03 2.383336400337756515e+02 5.368623911263605805e+03 3.193384259039336393e+04 0.000000000000000000e+00 0.000000000000000000e+00
3.118811881188118980e-03 0.000000000000000000e+00 2.858019740949221159e+03 2.383336400337756515e+02 5.368623911263605805e+03 3.193384259039336393e+04 0.000000000000000000e+00 0.000000000000000000e+00
3.188118811881188348e-03 0.000000000000000000e+00 2.858019740949221159e+03 2.383336400337756515e+02 5.368623911263605805e+03 3.193384259039336393e+04 0.000000000000000000e+00 0.000000000000000000e+00
3.257425742574257717e-03 0.000000000000000000e+00 2.858019740949221159e+03 2.383336400337756515e+02 5.368623911263605805e+03 3.193384259039336393e+04 0.000000000000000000e+00 0.000000000000000000e+00
3.326732673267327085e-03 0.000000000000000000e+00 2.858019740949221159e+03 2.383336400337756515e+02 5.368623911263605805e+03 3.193384259039336393e+04 0.000000000000000000e+00 0.000000000000000000e+00
3.396039603960396454e-03 0.000000000000000000e+00 2.858019740949221159e+03 2.383336400337756515e+02 5.368623911263605805e+03 3.193384259039336393e+04 0.000000000000000000e+00 0.000000000000000000e+00
3.465346534653465822e-03 0.000000000000000000e+00 2.858019740949221159e+03 2.383336400337756515e+02 5.368623911263605805e+03 3.193384259039336393e+04 0.000000000000000000e+00 0.000000000000000000e+00
3.534653465346535191e-03 0.000000000000000000e+00 2.858019740949221159e+03 2.383336400337756515e+02 5.368623911263605805e+03 3.193384259039336393e+04 0.000000000000000000e+00 0.000000000000000000e+00
3.603960396039604559e-03 0.000000000000000000e+00 2.858019740949221159e+03 2.383336400337756515e+02 5.368623911263605805e+03 3.193384259039336393e+04 0.000000000000000000e+00 0.000000000000000000e+00
3.673267326732673494e-03 0.000000000000000000e+00 2.858019740949221159e+03 2.383336400337756515e+02 5.368623911263605805e+03 3.193384259039336393e+04 0.000000000000000000e+00 0.000000000000000000e+00
3.742574257425742863e-03 0.000000000000000000e+00 2.858019740949221159e+03 2.383336400337756515e+02 5.368623911263605805e+03 3.193384259039336393e+04 0.000000000000000000e+00 0.000000000000000000e+00
3.811881188118812231e-03 0.000000000000000000e+00 2.858019740949221159e+03 2.383336400337756515e+02 5.368623911263605805e+03 3.193384259039336393e+04 0.000000000000000000e+00 0.000000000000000000e+00
3.881188118811881600e-03 0.000000000000000000e+00 2.858019740949221159e+03 2.383336400337756515e+02 5.368623911263605805e+03 3.193384259039336393e+04 0.000000000000000000e+00 0.000000000000000000e+00
3.950495049504950534e-03 0.000000000000000000e+00 2.858019740949221159e+03 2.383336400337756515e+02 5.368623911263605805e+03 3.193384259039336393e+04 0.000000000000000000e+00 0.000000000000000000e+00
4.019801980198019903e-03 0.000000000000000000e+00 2.200921894036185222e+03 2.138313577997205073e+02 4.501927372777163328e+03 2.865083132997359280e+04 9.362526528490867349e+03 0.000000000000000000e+00
4.089108910891089271e-03 0.000000000000000000e+00 2.200921894036185222e+03 2.138313577997205073e+02 4.501927372777163328e+03 2.865083132997359280e+04 9.362526528490867349e+03 0.000000000000000000e+00
4.158415841584158640e-03 0.000000000000000000e+00 2.200921894036185222e+03 2.138313577997205073e+02 4.501927372777163328e+03 2.865083132997359280e+04 9.362526528490867349e+03 0.000000000000000000e+00
4.227722772277228008e-03 0.000000000000000000e+00 2.200921894036185222e+03 2.138313577997205073e+02 4.501927372777163328e+03 2.865083132997359280e+04 9.362526528490867349e+03 0.000000000000000000e+00
4.297029702970297377e-03 0.000000000000000000e+00 2.200921894036185222e+03 2.138313577997205073e+02 4.501927372777163328e+03 2.865083132997359280e+04 9.362526528490867349e+03 0.000000000000000000e+00
4.366336633663366745e-03 0.000000000000000000e+00 2.200921894036185222e+03 2.138313577997205073e+02 4.501927372777163328e+03 2.865083132997359280e+04 9.362526528490867349e+03 0.000000000000000000e+00
4.435643564356436114e-03 0.000000000000000000e+00 2.200921894036185222e+03 2.138313577997205073e+02 4.501927372777163328e+03 2.865083132997359280e+04 9.362526528490867349e+03 0.000000000000000000e+00
4.504950495049505482e-03 0.000000000000000000e+00 2.046433739568803048e+03 2.007863361277904914e+02 4.274735486153152124e+03 2.690295524919604577e+04 0.000000000000000000e+00 2.632128056738537271e+04
4.574257425742574851e-03 0.000000000000000000e+00 2.046433739568803048e+03 2.007863361277904914e+02 4.274735486153152124e+03 2.690295524919604577e+04 0.000000000000000000e+00 2.632128056738537271e+04
4.643564356435644219e-03 0.000000000000000000e+00 2.046433739568803048e+03 2.007863361277904914e+02 4.274735486153152124e+03 2.690295524919604577e+04 0.000000000000000000e+00 2.632128056738537271e+04
4.712871287128713588e-03 0.000000000000000000e+00 2.046433739568803048e+03 2.007863361277904914e+02 4.274735486153152124e+03 2.690295524919604577e+04 0.000000000000000000e+00 2.632128056738537271e+04
4.782178217821782956e-03 0.000000000000000000e+00 2.046433739568803048e+03 2.007863361277904914e+02 4.274735486153152124e+03 2.690295524919604577e+04 0.000000000000000000e+00 2.632128056738537271e+04
4.851485148514852325e-03 0.000000000000000000e+00 2.046433739568803048e+03 2.007863361277904914e+02 4.274735486153152124e+03 2.690295524919604577e+04 0.000000000000000000e+00 2.632128056738537271e+04
4.920792079207921693e-03 0.000000000000000000e+00 2.046433739568803048e+03 2.007863361277904914e+02 4.274735486153152124e+03 2.690295524919604577e+04 0.000000000000000000e+00 2.632128056738537271e+04
4.990099009900991062e-03 0.000000000000000000e+00 2.046433739568803048e+03 2.007863361277904914e+02 4.274735486153152124e+03 2.690295524919604577e+04 0.000000000000000000e+00 2.632128056738537271e+04
5.059405940594059563e-03 0.000000000000000000e+00 2.858019740949221159e+03 2.383336400337756515e+02 5.368623911263605805e+03 3.193384259039336393e+04 0.000000000000000000e+00 0.000000000000000000e+00
5.128712871287128931e-03 0.000000000000000000e+00 2.858019740949221159e+03 2.383336400337756515e+02 5.368623911263605805e+03 3.193384259039336393e+04 0.000000000000000000e+00 0.000000000000000000e+00
5.198019801980198300e-03 0.000000000000000000e+00 2.858019740949221159e+03 2.383336400337756515e+02 5.368623911263605805e+03 3.193384259039336393e+04 0.000000000000000000e+00 0.000000000000000000e+00
5.267326732673267668e-03 0.000000000000000000e+00 2.858019740949221159e+03 2.383336400337756515e+02 5.368623911263605805e+03 3.193384259039336393e+04 0.000000000000000000e+00 0.000000000000000000e+00
5.336633663366337037e-03 0.000000000000000000e+00 2.858019740949221159e+03 2.383336400337756515e+02 5.368623911263605805e+03 3.193384259039336393e+04 0.000000000000000000e+00 0.000000000000000000e+00
5.405940594059406405e-03 0.000000000000000000e+00 2.858019740949221159e+03 2.383336400337756515e+02 5.368623911263605805e+03 3.193384259039336393e+04 0.000000000000000000e+00 0.000000000000000000e+00
5.475247524752475774e-03 0.000000000000000000e+00 2.858019740949221159e+03 2.383336400337756515e+02 5.368623911263605805e+03 3.193384259039336393e+04 0.000000000000000000e+00 0.000000000000000000e+00
5.544554455445545142e-03 0.000000000000000000e+00 2.200921894036185222e+03 2.138313577997205073e+02 4.501927372777163328e+03 2.865083132997359280e+04 9.362526528490867349e+03 0.000000000000000000e+00
5.613861386138614511e-03 0.000000000000000000e+00 2.200921894036185222e+03 2.138313577997205073e+02 4.501927372777163328e+03 2.865083132997359280e+04 9.362526528490867349e+03 0.000000000000000000e+00
5.683168316831683879e-03 0.000000000000000000e+00 2.200921894036185222e+03 2.138313577997205073e+02 4.501927372777163328e+03 2.865083132997359280e+04 9.362526528490867349e+03 0.000000000000000000e+00
5.752475247524753248e-03 0.000000000000000000e+00 2.046433739568803048e+03 2.007863361277904914e+02 4.274735486153152124e+03 2.690295524919604577e+04 0.000000000000000000e+00 2.632128056738537271e+04
5.821782178217822616e-03 0.000000000000000000e+00 2.046433739568803048e+03 2.007863361277904914e+02 4.274735486153152124e+03 2.690295524919604577e+04 0.000000000000000000e+00 2.632128056738537271e+04
5.891089108910891985e-03 0.000000000000000000e+00 2.046433739568803048e+03 2.007863361277904914e+02 4.274735486153152124e+03 2.690295524919604577e+04 0.000000000000000000e+00 2.632128056738537271e+04
5.960396039603961353e-03 0.000000000000000000e+00 2.046433739568803048e+03 2.007863361277904914e+02 4.274735486153152124e+03 2.690295524919604577e+04 0.000000000000000000e+00 2.632128056738537271e+04
6.029702970297030722e-03 0.000000000000000000e+00 2.858019740949221159e+03 2.383336400337756515e+02 5.368623911263605805e+03 3.193384259039336393e+04 0.000000000000000000e+00 0.000000000000000000e+00
6.099009900990099223e-03 0.000000000000000000e+00 2.858019740949221159e+03 2.383336400337756515e+02 5.368623911263605805e+03 3.193384259039336393e+04 0.000000000000000000e+00 0.000000000000000000e+00
6.168316831683168591e-03 0.000000000000000000e+00 2.858019740949221159e+03 2.383336400337756515e+02 5.368623911263605805e+03 3.193384259039336393e+04 0.000000000000000000e+00 0.000000000000000000e+00
6.237623762376237960e-03 0.000000000000000000e+00 2.858019740949221159e+03 2.383336400337756515e+02 5.368623911263605805e+03 3.193384259039336393e+04 0.000000000000000000e+00 0.000000000000000000e+00
6.306930693069307328e-03 0.000000000000000000e+00 2.858019740949221159e+03 2.383336400337756515e+02 5.368623911263605805e+03 3.193384259039336393e+04 0.000000000000000000e+00 0.000000000000000000e+00
6.376237623762376697e-03 0.000000000000000000e+00 2.858019740949221159e+03 2.383336400337756515e+02 5.368623911263605805e+03 3.193384259039336393e+04 0.000000000000000000e+00 0.000000000000000000e+00
6.445544554455446065e-03 0.000000000000000000e+00 2.858019740949221159e+03 2.383336400337756515e+02 5.368623911263605805e+03 3.193384259039336393e+04 0.000000000000000000e+00 0.000000000000000000e+00
6.514851485148515434e-03 0.000000000000000000e+00 2.858019740949221159e+03 2.383336400337756515e+02 5.368623911263605805e+03 3.193384259039336393e+04 0.000000000000000000e+00 0.000000000000000000e+00
6.584158415841584802e-03 0.000000000000000000e+00 2.858019740949221159e+03 2.383336400337756515e+02 5.368623911263605805e+03 3.193384259039336393e+04 0.000000000000000000e+00 0.000000000000000000e+00
6.653465346534654171e-03 0.000000000000000000e+00 2.858019740949221159e+03 2.383336400337756515e+02 5.368623911263605805e+03 3.193384259039336393e+04 0.000000000000000000e+00 0.000000000000000000e+00
6.722772277227723539e-03 0.000000000000000000e+00 2.858019740949221159e+03 2.383336400337756515e+02 5.368623911263605805e+03 3.193384259039336393e+04 0.000000000000000000e+00 0.000000000000000000e+00
6.792079207920792908e-03 0.000000000000000000e+00 2.858019740949221159e+03 2.383336400337756515e+02 5.368623911263605805e+03 3.193384259039336393e+04 0.000000000000000000e+00 0.000000000000000000e+00
6.861386138613862276e-03 0.000000000000000000e+00 2.858019740949221159e+03 2.383336400337756515e+02 5.368623911263605805e+03 3.193384259039336393e+04 0.000000000000000000e+00 0.000000000000000000e+00
6.930693069306931645e-03 0.000000000000000000e+00 0.000000000000000000e+00 0.000000000000000000e+00 0.000000000000000000e+00 0.000000000000000000e+00 0.000000000000000000e+00 0.000000000000000000e+00
