0.000000000000000000e+00 1.000000000000000000e+00 6.000000000000000000e+00 7.000000000000000000e+00 8.000000000000000000e+00 1.400000000000000000e+01 2.600000000000000000e+01 2.900000000000000000e+01
0.000000000000000000e+00 0.000000000000000000e+00 8.015911880509730736e+02 1.248296649727186166e-05 4.780987855166957274e+02 1.880316701966536129e+04 0.000000000000000000e+00 0.000000000000000000e+00
1.372549019607843107e-04 0.000000000000000000e+00 8.015911880509730736e+02 1.248296649727186166e-05 4.780987855166957274e+02 1.880316701966536129e+04 0.000000000000000000e+00 0.000000000000000000e+00
2.745098039215686215e-04 0.000000000000000000e+00 8.015911880509730736e+02 1.248296649727186166e-05 4.780987855166957274e+02 1.880316701966536129e+04 0.000000000000000000e+00 0.000000000000000000e+00
4.117647058823529051e-04 0.000000000000000000e+00 8.015330904594484309e+02 1.248687050413228747e-05 4.780989706201022500e+02 1.877838307691859882e+04 0.000000000000000000e+00 0.000000000000000000e+00
5.490196078431372429e-04 0.000000000000000000e+00 8.005425078972954225e+02 1.260845618213489692e-05 4.781055665349322794e+02 1.860199716597918814e+04 0.000000000000000000e+00 0.000000000000000000e+00
6.862745098039215808e-04 0.000000000000000000e+00 7.941675013666286986e+02 1.435298558402490940e-05 4.782117071269814801e+02 1.809199856567350071e+04 0.000000000000000000e+00 0.000000000000000000e+00
8.235294117647058102e-04 0.000000000000000000e+00 7.667199046298873100e+02 2.062185429952250942e-05 4.795769929807018457e+02 1.717112164944970573e+04 0.000000000000000000e+00 0.000000000000000000e+00
9.607843137254901481e-04 0.000000000000000000e+00 6.618544045700981542e+02 3.728283375793811042e-05 4.978923759077940758e+02 1.565716132881096928e+04 0.000000000000000000e+00 0.000000000000000000e+00
1.098039215686274486e-03 0.000000000000000000e+00 4.983255213435009523e+02 4.228249108489434048e-05 4.395662117510145777e+02 1.353926420047141983e+04 1.246575828846528793e+03 0.000000000000000000e+00
1.235294117647058824e-03 0.000000000000000000e+00 4.983255213435009523e+02 4.228249108489434048e-05 4.395662117510145777e+02 1.353926420047141983e+04 1.246575828846528793e+03 0.000000000000000000e+00
1.372549019607843162e-03 0.000000000000000000e+00 4.983240641600978620e+02 4.228239147275616137e-05 4.395662047981690534e+02 1.353576045827683629e+04 1.246576248470463497e+03 0.000000000000000000e+00
1.509803921568627499e-03 0.000000000000000000e+00 4.982674474669782967e+02 4.227828752339413577e-05 4.395657961306462198e+02 1.348844147646700912e+04 1.246596318446395344e+03 0.000000000000000000e+00
1.647058823529411620e-03 0.000000000000000000e+00 4.977432234983747321e+02 4.221635487142712213e-05 4.395591820737031981e+02 1.332460789761853084e+04 1.246835284012503735e+03 0.000000000000000000e+00
1.784313725490195958e-03 0.000000000000000000e+00 4.946054577336042826e+02 4.197230004853042538e-05 4.394819302917890695e+02 1.298584349323398419e+04 1.248740367446554728e+03 0.000000000000000000e+00
1.921568627450980296e-03 0.000000000000000000e+00 4.782762294870494202e+02 4.151870670701942006e-05 4.385701954791707067e+02 1.243182386736270746e+04 1.262606284290411622e+03 0.000000000000000000e+00
2.058823529411764851e-03 0.000000000000000000e+00 4.330887604019798118e+02 3.857701977646508617e-05 4.236872034159832765e+02 1.121910608515985405e+04 0.000000000000000000e+00 7.973116475432098923e+03
2.196078431372548972e-03 0.000000000000000000e+00 4.330887604019798118e+02 3.857701977646508617e-05 4.236872034159832765e+02 1.121910608515985405e+04 0.000000000000000000e+00 7.973116475432098923e+03
2.333333333333333093e-03 0.000000000000000000e+00 4.330890356096128926e+02 3.857644273310799880e-05 4.236871983330922262e+02 1.122056188331905651e+04 0.000000000000000000e+00 7.973114955109663242e+03
2.470588235294117647e-03 0.000000000000000000e+00 4.331418841260501722e+02 3.851279108870243238e-05 4.236860660370343794e+02 1.128743195594814460e+04 0.000000000000000000e+00 7.972900387342286194e+03
2.607843137254901768e-03 0.000000000000000000e+00 4.338654697385981649e+02 3.742720680896638821e-05 4.236638945843592410e+02 1.158473407751290688e+04 0.000000000000000000e+00 7.970946605007956350e+03
2.745098039215686323e-03 0.000000000000000000e+00 4.395871795015485759e+02 3.123333556449287690e-05 4.233840952370537138e+02 1.233653978211430331e+04 0.000000000000000000e+00 7.961359988368376435e+03
2.882352941176470444e-03 0.000000000000000000e+00 4.759140014967950378e+02 2.153153429650823535e-05 4.201727011840666819e+02 1.369985230127147224e+04 0.000000000000000000e+00 7.927844490015856536e+03
3.019607843137254999e-03 0.000000000000000000e+00 8.015911880509730736e+02 1.248296649727186166e-05 4.780987855166957274e+02 1.880316701966536129e+04 0.000000000000000000e+00 0.000000000000000000e+00
3.156862745098039120e-03 0.000000000000000000e+00 8.015911880509730736e+02 1.248296649727186166e-05 4.780987855166957274e+02 1.880316701966536129e+04 0.000000000000000000e+00 0.000000000000000000e+00
3.294117647058823241e-03 0.000000000000000000e+00 8.015911880509730736e+02 1.248296649727186166e-05 4.780987855166957274e+02 1.880316701966536129e+04 0.000000000000000000e+00 0.000000000000000000e+00
3.431372549019607796e-03 0.000000000000000000e+00 8.014916481739214760e+02 1.248994660170639796e-05 4.780991340093378312e+02 1.876595745952307334e+04 0.000000000000000000e+00 0.000000000000000000e+00
3.568627450980391917e-03 0.000000000000000000e+00 8.001542193404141017e+02 1.267551563491076940e-05 4.781092278825298649e+02 1.855457376045812998e+04 0.000000000000000000e+00 0.000000000000000000e+00
3.705882352941176471e-03 0.000000000000000000e+00 7.921368997858575085e+02 1.491792770897800887e-05 4.782635681720515777e+02 1.798538939579301950e+04 0.000000000000000000e+00 0.000000000000000000e+00
3.843137254901960592e-03 0.000000000000000000e+00 7.588858083236223138e+02 2.209044294505509241e-05 4.802382405170990296e+02 1.700021954222855129e+04 0.000000000000000000e+00 0.000000000000000000e+00
3.980392156862745147e-03 0.000000000000000000e+00 6.416351005476138880e+02 4.216635469258643435e-05 5.023733599073419214e+02 1.529673574044839916e+04 0.000000000000000000e+00 0.000000000000000000e+00
4.117647058823529702e-03 0.000000000000000000e+00 4.979537074103712939e+02 4.224422570022577915e-05 4.395622370545276567e+02 1.337457142221890535e+04 1.246733015047291929e+03 0.000000000000000000e+00
4.254901960784313389e-03 0.000000000000000000e+00 4.957624805314817991e+02 4.203957012592207388e-05 4.395161131805538730e+02 1.307347318386700499e+04 1.247978771531491020e+03 0.000000000000000000e+00
4.392156862745097944e-03 0.000000000000000000e+00 4.844529107232019101e+02 4.163175721303672035e-05 4.389943564944168202e+02 1.259181054742094238e+04 1.256874808138430353e+03 0.000000000000000000e+00
4.529411764705882498e-03 0.000000000000000000e+00 4.332759682448840977e+02 3.833962404611609249e-05 4.236826394218859946e+02 1.137383835117103990e+04 0.000000000000000000e+00 7.972464427782156235e+03
4.666666666666666186e-03 0.000000000000000000e+00 4.351106898104530956e+02 3.538200011707642748e-05 4.236146922779349779e+02 1.184480371140639363e+04 0.000000000000000000e+00 7.968381975739517657e+03
4.803921568627450740e-03 0.000000000000000000e+00 4.478414923968697394e+02 2.742953269017441882e-05 4.228271808911053995e+02 1.282747369109627653e+04 0.000000000000000000e+00 7.951590267178043177e+03
4.941176470588235295e-03 0.000000000000000000e+00 5.305249631724512938e+02 1.625782870634619100e-05 4.129573363315869869e+02 1.456754710114672889e+04 0.000000000000000000e+00 7.894148734882106510e+03
5.078431372549019850e-03 0.000000000000000000e+00 7.999193882810850482e+02 1.272260086660733568e-05 4.781116459172135933e+02 1.852713051794793864e+04 0.000000000000000000e+00 0.000000000000000000e+00
5.215686274509803537e-03 0.000000000000000000e+00 7.909045160536614958e+02 1.523510356824484532e-05 4.782971180845170238e+02 1.789549126447199160e+04 0.000000000000000000e+00 0.000000000000000000e+00
5.352941176470588092e-03 0.000000000000000000e+00 7.538838548605499454e+02 2.287779537730215889e-05 4.806692203933422434e+02 1.674873098641943579e+04 0.000000000000000000e+00 0.000000000000000000e+00
5.490196078431372646e-03 0.000000000000000000e+00 6.301895796169449113e+02 4.471971150866783679e-05 5.043889138964244125e+02 1.482101635888256169e+04 0.000000000000000000e+00 0.000000000000000000e+00
5.627450980392156334e-03 0.000000000000000000e+00 4.880077055743562937e+02 3.989830478955908662e-05 4.390925771293860862e+02 1.312700024469086020e+04 1.254312135021292306e+03 0.000000000000000000e+00
5.764705882352940888e-03 0.000000000000000000e+00 4.416687564043364773e+02 3.002220620408208379e-05 4.232564455905726390e+02 1.248784230321406903e+04 0.000000000000000000e+00 7.958639639411328972e+03
5.901960784313725443e-03 0.000000000000000000e+00 4.892428016939712734e+02 1.985195689083903690e-05 4.185969769858496079e+02 1.397344905848272538e+04 0.000000000000000000e+00 7.918826580891269259e+03
6.039215686274509998e-03 0.000000000000000000e+00 8.015911880509730736e+02 1.248296649727186166e-05 4.780987855166957274e+02 1.880316701966536129e+04 0.000000000000000000e+00 0.000000000000000000e+00
6.176470588235293685e-03 0.000000000000000000e+00 8.015911880509730736e+02 1.248296649727186166e-05 4.780987855166957274e+02 1.880316701966536129e+04 0.000000000000000000e+00 0.000000000000000000e+00
6.313725490196078240e-03 0.000000000000000000e+00 8.015911880509730736e+02 1.248296649727186166e-05 4.780987855166957274e+02 1.880316701966536129e+04 0.000000000000000000e+00 0.000000000000000000e+00
6.450980392156862794e-03 0.000000000000000000e+00 8.015911880509730736e+02 1.248296649727186166e-05 4.780987855166957274e+02 1.880316701966536129e+04 0.000000000000000000e+00 0.000000000000000000e+00
6.588235294117646482e-03 0.000000000000000000e+00 8.015911880509730736e+02 1.248296649727186335e-05 4.780987855166957274e+02 1.880316701966536129e+04 0.000000000000000000e+00 0.000000000000000000e+00
6.725490196078431036e-03 0.000000000000000000e+00 8.015911880509730736e+02 1.248296649727186843e-05 4.780987855166957274e+02 1.880316701966536129e+04 0.000000000000000000e+00 0.000000000000000000e+00
6.862745098039215591e-03 0.000000000000000000e+00 0.000000000000000000e+00 0.000000000000000000e+00 0.000000000000000000e+00 0.000000000000000000e+00 0.000000000000000000e+00 0.000000000000000000e+00
