0.000000000000000000e+00 1.000000000000000000e+00 6.000000000000000000e+00 7.000000000000000000e+00 8.000000000000000000e+00 1.400000000000000000e+01 2.600000000000000000e+01 2.900000000000000000e+01
0.000000000000000000e+00 0.000000000000000000e+00 8.016043284949679446e+02 1.248296649727187013e-05 4.780911210887037441e+02 1.880316701966536493e+04 0.000000000000000000e+00 0.000000000000000000e+00
6.930693069306931428e-05 0.000000000000000000e+00 8.016043284949679446e+02 1.248296649727187013e-05 4.780911210887037441e+02 1.880316701966536493e+04 0.000000000000000000e+00 0.000000000000000000e+00
1.386138613861386286e-04 0.000000000000000000e+00 8.016043284949679446e+02 1.248296649727187013e-05 4.780911210887037441e+02 1.880316701966536493e+04 0.000000000000000000e+00 0.000000000000000000e+00
2.079207920792079428e-04 0.000000000000000000e+00 8.016043284949679446e+02 1.248296649727187013e-05 4.780911210887037441e+02 1.880316701966536493e+04 0.000000000000000000e+00 0.000000000000000000e+00
2.772277227722772571e-04 0.000000000000000000e+00 8.016043284949679446e+02 1.248296649727187013e-05 4.780911210887037441e+02 1.880316701966536493e+04 0.000000000000000000e+00 0.000000000000000000e+00
3.465346534653465714e-04 0.000000000000000000e+00 8.015935704933480110e+02 1.248327090767493365e-05 4.780911616314160142e+02 1.879992209652856036e+04 0.000000000000000000e+00 0.000000000000000000e+00
4.158415841584158857e-04 0.000000000000000000e+00 8.014648713829133158e+02 1.248739106433190039e-05 4.780917548436224820e+02 1.877604871593774078e+04 0.000000000000000000e+00 0.000000000000000000e+00
4.851485148514851999e-04 0.000000000000000000e+00 8.010426489825417775e+02 1.251134802079213768e-05 4.780944760483120604e+02 1.871303064190771329e+04 0.000000000000000000e+00 0.000000000000000000e+00
5.544554455445545142e-04 0.000000000000000000e+00 7.998252158810304309e+02 1.262432323209135248e-05 4.781070652409672448e+02 1.858962327866527994e+04 0.000000000000000000e+00 0.000000000000000000e+00
6.237623762376238827e-04 0.000000000000000000e+00 7.969949943711598053e+02 1.310702983569548346e-05 4.781518424771425089e+02 1.837774286134314389e+04 0.000000000000000000e+00 0.000000000000000000e+00
6.930693069306931428e-04 0.000000000000000000e+00 7.906313615253901617e+02 1.453859923894023284e-05 4.783251107322650455e+02 1.805605979496000509e+04 0.000000000000000000e+00 0.000000000000000000e+00
7.623762376237624028e-04 0.000000000000000000e+00 7.782413612824736902e+02 1.709687892174373879e-05 4.788917085046379043e+02 1.763369714939309051e+04 0.000000000000000000e+00 0.000000000000000000e+00
8.316831683168317713e-04 0.000000000000000000e+00 7.538613271205560977e+02 2.121115897770205314e-05 4.810483357041603654e+02 1.710172055743988676e+04 0.000000000000000000e+00 0.000000000000000000e+00
9.009900990099011398e-04 0.000000000000000000e+00 7.115921618321214055e+02 2.781535220062550666e-05 4.870440142164894155e+02 1.642736386895463511e+04 0.000000000000000000e+00 0.000000000000000000e+00
9.702970297029703999e-04 0.000000000000000000e+00 6.708642791757104078e+02 3.951522436926898344e-05 4.934080687247590049e+02 1.549921696799398160e+04 0.000000000000000000e+00 0.000000000000000000e+00
1.039603960396039660e-03 0.000000000000000000e+00 4.983308271983111126e+02 4.228249108489423884e-05 4.395601608295996812e+02 1.353926420047141801e+04 1.246572437376081780e+03 0.000000000000000000e+00
1.108910891089109028e-03 0.000000000000000000e+00 4.983308271983111126e+02 4.228249108489423884e-05 4.395601608295996812e+02 1.353926420047141801e+04 1.246572437376081780e+03 0.000000000000000000e+00
1.178217821782178397e-03 0.000000000000000000e+00 4.983308271983111126e+02 4.228249108489423884e-05 4.395601608295996812e+02 1.353926420047141801e+04 1.246572437376081780e+03 0.000000000000000000e+00
1.247524752475247765e-03 0.000000000000000000e+00 4.983308271983111126e+02 4.228249108489423884e-05 4.395601608295996812e+02 1.353926420047141801e+04 1.246572437376081780e+03 0.000000000000000000e+00
1.316831683168316917e-03 0.000000000000000000e+00 4.983307814032622218e+02 4.228248733843722323e-05 4.395601605627202275e+02 1.353908236574143848e+04 1.246572451077164487e+03 0.000000000000000000e+00
1.386138613861386286e-03 0.000000000000000000e+00 4.983245665404086253e+02 4.228232748166380880e-05 4.395601211803468686e+02 1.353400176501604983e+04 1.246574452974218048e+03 0.000000000000000000e+00
1.455445544554455654e-03 0.000000000000000000e+00 4.982958051608937922e+02 4.228130660004467313e-05 4.395599122494978133e+02 1.351641600299850143e+04 1.246584655538407105e+03 0.000000000000000000e+00
1.524752475247524806e-03 0.000000000000000000e+00 4.981988930567841294e+02 4.227668511146062533e-05 4.395589554609853167e+02 1.347788666087947786e+04 1.246623884837720198e+03 0.000000000000000000e+00
1.594059405940594174e-03 0.000000000000000000e+00 4.979325838114781959e+02 4.225828476607132011e-05 4.395555741400780221e+02 1.340785477954027374e+04 1.246745852055735440e+03 0.000000000000000000e+00
1.663366336633663543e-03 0.000000000000000000e+00 4.972442287139174368e+02 4.219666040708591075e-05 4.395432114679409210e+02 1.329341434841540831e+04 1.247108810325387594e+03 0.000000000000000000e+00
1.732673267326732911e-03 0.000000000000000000e+00 4.956573299630613860e+02 4.208479632970912280e-05 4.395042503534043590e+02 1.313398331532330849e+04 1.248074364534857978e+03 0.000000000000000000e+00
1.801980198019802280e-03 0.000000000000000000e+00 4.920815157689647776e+02 4.192754385184363931e-05 4.393702731460499535e+02 1.292920967173015015e+04 1.250641815778175442e+03 0.000000000000000000e+00
1.871287128712871431e-03 0.000000000000000000e+00 4.842765410664564456e+02 4.171687634618075416e-05 4.389491315468382027e+02 1.266940759708125006e+04 1.257234557415999916e+03 0.000000000000000000e+00
1.940594059405940800e-03 0.000000000000000000e+00 4.734863128581325782e+02 4.142708843825058701e-05 4.382683634150938019e+02 1.232871156731072915e+04 1.267282912813011762e+03 0.000000000000000000e+00
2.009900990099009951e-03 0.000000000000000000e+00 4.330921289391579876e+02 3.857701977646508617e-05 4.236812174141650189e+02 1.121910608515985405e+04 0.000000000000000000e+00 7.973247679566053193e+03
2.079207920792079320e-03 0.000000000000000000e+00 4.330921289391579876e+02 3.857701977646508617e-05 4.236812174141650189e+02 1.121910608515985405e+04 0.000000000000000000e+00 7.973247679566053193e+03
2.148514851485148688e-03 0.000000000000000000e+00 4.330921289391579876e+02 3.857701977646508617e-05 4.236812174141650189e+02 1.121910608515985405e+04 0.000000000000000000e+00 7.973247679566053193e+03
2.217821782178218057e-03 0.000000000000000000e+00 4.330921289391579876e+02 3.857701977646508617e-05 4.236812174141650189e+02 1.121910608515985405e+04 0.000000000000000000e+00 7.973247679566053193e+03
2.287128712871287425e-03 0.000000000000000000e+00 4.330921289391579876e+02 3.857701977646508617e-05 4.236812174141650189e+02 1.121910608515985405e+04 0.000000000000000000e+00 7.973247679566053193e+03
2.356435643564356794e-03 0.000000000000000000e+00 4.330956583224369751e+02 3.857502117620534337e-05 4.236811354490527606e+02 1.122358944972853715e+04 0.000000000000000000e+00 7.973231758970157898e+03
2.425742574257426162e-03 0.000000000000000000e+00 4.331305817415811816e+02 3.855622099068845097e-05 4.236803197104230208e+02 1.124983270827666456e+04 0.000000000000000000e+00 7.973095434635714810e+03
2.495049504950495531e-03 0.000000000000000000e+00 4.332630309351426945e+02 3.846417165575354539e-05 4.236767911150126906e+02 1.131750359133437632e+04 0.000000000000000000e+00 7.972670622692720826e+03
2.564356435643564466e-03 0.000000000000000000e+00 4.337098542217709678e+02 3.808956173939254445e-05 4.236621150455049474e+02 1.145156753628092520e+04 0.000000000000000000e+00 7.971523095507395738e+03
2.633663366336633834e-03 0.000000000000000000e+00 4.349584825888065893e+02 3.669870127817676436e-05 4.236120109388723449e+02 1.168727807469069739e+04 0.000000000000000000e+00 7.968957599389592360e+03
2.702970297029703203e-03 0.000000000000000000e+00 4.383555492071711228e+02 3.361442387355870979e-05 4.234340065327917841e+02 1.205145392152407112e+04 0.000000000000000000e+00 7.963554941186422184e+03
2.772277227722772571e-03 0.000000000000000000e+00 4.466327824645666738e+02 2.953991964502807139e-05 4.228749576338845486e+02 1.254951364763175297e+04 0.000000000000000000e+00 7.953610300431327232e+03
2.841584158415841940e-03 0.000000000000000000e+00 4.674292665535202218e+02 2.472019508121617247e-05 4.209017782311815949e+02 1.321111210479517467e+04 0.000000000000000000e+00 7.935496379970726593e+03
2.910891089108911308e-03 0.000000000000000000e+00 5.101420108888056575e+02 1.909720591512941673e-05 4.162083137821879291e+02 1.410625799634940449e+04 0.000000000000000000e+00 7.907450254083297295e+03
2.980198019801980677e-03 0.000000000000000000e+00 5.492925556978087798e+02 1.199039543285301549e-05 4.119277432231655780e+02 1.545566841295641279e+04 0.000000000000000000e+00 7.882589001523572733e+03
3.049504950495049611e-03 0.000000000000000000e+00 8.016043284949679446e+02 1.248296649727187013e-05 4.780911210887037441e+02 1.880316701966536493e+04 0.000000000000000000e+00 0.000000000000000000e+00
3.118811881188118980e-03 0.000000000000000000e+00 8.016043284949679446e+02 1.248296649727187013e-05 4.780911210887037441e+02 1.880316701966536493e+04 0.000000000000000000e+00 0.000000000000000000e+00
3.188118811881188348e-03 0.000000000000000000e+00 8.016043284949679446e+02 1.248296649727187013e-05 4.780911210887037441e+02 1.880316701966536493e+04 0.000000000000000000e+00 0.000000000000000000e+00
3.257425742574257717e-03 0.000000000000000000e+00 8.016043284949679446e+02 1.248296649727187013e-05 4.780911210887037441e+02 1.880316701966536493e+04 0.000000000000000000e+00 0.000000000000000000e+00
3.326732673267327085e-03 0.000000000000000000e+00 8.016022471160590612e+02 1.248305048426326496e-05 4.780911285724299091e+02 1.880214466147395433e+04 0.000000000000000000e+00 0.000000000000000000e+00
3.396039603960396454e-03 0.000000000000000000e+00 8.015220663180485872e+02 1.248532452563341171e-05 4.780914748074429781e+02 1.878603045090636442e+04 0.000000000000000000e+00 0.000000000000000000e+00
3.465346534653465822e-03 0.000000000000000000e+00 8.012160472625046168e+02 1.250031680264354361e-05 4.780932022440019864e+02 1.873616198656446795e+04 0.000000000000000000e+00 0.000000000000000000e+00
3.534653465346535191e-03 0.000000000000000000e+00 8.002942421164419784e+02 1.257361897674823206e-05 4.781016473865773264e+02 1.863243611191518357e+04 0.000000000000000000e+00 0.000000000000000000e+00
3.603960396039604559e-03 0.000000000000000000e+00 7.980592316806705639e+02 1.289520603838723964e-05 4.781322131559310833e+02 1.844918451195950547e+04 0.000000000000000000e+00 0.000000000000000000e+00
3.673267326732673494e-03 0.000000000000000000e+00 7.929354910847582687e+02 1.402558801127718713e-05 4.782527912498130718e+02 1.815836740655818357e+04 0.000000000000000000e+00 0.000000000000000000e+00
3.742574257425742863e-03 0.000000000000000000e+00 7.826527131866654372e+02 1.623308770859858499e-05 4.786479483375297832e+02 1.776508668599775774e+04 0.000000000000000000e+00 0.000000000000000000e+00
3.811881188118812231e-03 0.000000000000000000e+00 7.624747883939656958e+02 1.983334455215891371e-05 4.801487677157003304e+02 1.726693179580885771e+04 0.000000000000000000e+00 0.000000000000000000e+00
3.881188118811881600e-03 0.000000000000000000e+00 7.250343096264017504e+02 2.557383194502865935e-05 4.849427945459810871e+02 1.663500273489261235e+04 0.000000000000000000e+00 0.000000000000000000e+00
3.950495049504950534e-03 0.000000000000000000e+00 6.814334501608824439e+02 3.525290975044286700e-05 4.918325499831165075e+02 1.579257899019029173e+04 0.000000000000000000e+00 0.000000000000000000e+00
4.019801980198019903e-03 0.000000000000000000e+00 4.982099601738234469e+02 4.227728268443037019e-05 4.395590765995663105e+02 1.348155098138023277e+04 1.246619186064790483e+03 0.000000000000000000e+00
4.089108910891089271e-03 0.000000000000000000e+00 4.979601418598583109e+02 4.226058737315627645e-05 4.395559602350012369e+02 1.341419517303464454e+04 1.246732584940199558e+03 0.000000000000000000e+00
4.158415841584158640e-03 0.000000000000000000e+00 4.973165658973197196e+02 4.220283745724787660e-05 4.395446918219967074e+02 1.330308802564927828e+04 1.247068452526142664e+03 0.000000000000000000e+00
4.227722772277228008e-03 0.000000000000000000e+00 4.958139752521901187e+02 4.209431197631952087e-05 4.395086012484003959e+02 1.314678503540395832e+04 1.247973267230762303e+03 0.000000000000000000e+00
4.297029702970297377e-03 0.000000000000000000e+00 4.924470893978017330e+02 4.194033253535109064e-05 4.393863909793282687e+02 1.294541855417274019e+04 1.250361261915762725e+03 0.000000000000000000e+00
4.366336633663366745e-03 0.000000000000000000e+00 4.850280256778572152e+02 4.173066740155685292e-05 4.389938231341823780e+02 1.269715893610559215e+04 1.256562337567703707e+03 0.000000000000000000e+00
4.435643564356436114e-03 0.000000000000000000e+00 4.742068267753891178e+02 4.142211994357560402e-05 4.383087574669989408e+02 1.239711338524727762e+04 1.266637850410473902e+03 0.000000000000000000e+00
4.504950495049505482e-03 0.000000000000000000e+00 4.333006802663309145e+02 3.843719759935279226e-05 4.236756532978229188e+02 1.133180746765430195e+04 0.000000000000000000e+00 7.972562577702328781e+03
4.574257425742574851e-03 0.000000000000000000e+00 4.338197135215544336e+02 3.798320030124824261e-05 4.236582859447246392e+02 1.147798637817430608e+04 0.000000000000000000e+00 7.971268909430744316e+03
4.643564356435644219e-03 0.000000000000000000e+00 4.352712529864045337e+02 3.633742043614953310e-05 4.235973781319672753e+02 1.173169021879787579e+04 0.000000000000000000e+00 7.968390421504401274e+03
4.712871287128713588e-03 0.000000000000000000e+00 4.391385540352238195e+02 3.307860106778685562e-05 4.233890850614120609e+02 1.211413496208299330e+04 0.000000000000000000e+00 7.962464997534535541e+03
4.782178217821782956e-03 0.000000000000000000e+00 4.485937474680795845e+02 2.889930312725171239e-05 4.227134022724654301e+02 1.263284338518470940e+04 0.000000000000000000e+00 7.951610239153241309e+03
4.851485148514852325e-03 0.000000000000000000e+00 4.721501349203163045e+02 2.397443622956053208e-05 4.203991382320975276e+02 1.331879944737989172e+04 0.000000000000000000e+00 7.931905366577182576e+03
4.920792079207921693e-03 0.000000000000000000e+00 5.166815147336166092e+02 1.822880422974903870e-05 4.154741051232934410e+02 1.423588098372139029e+04 0.000000000000000000e+00 7.902267583757362445e+03
4.990099009900991062e-03 0.000000000000000000e+00 5.539430133036734105e+02 1.107897372030669761e-05 4.113422112178777184e+02 1.561521251213079449e+04 0.000000000000000000e+00 7.875313574330535630e+03
5.059405940594059563e-03 0.000000000000000000e+00 7.996923492399668021e+02 1.264105990531056517e-05 4.781086997973380903e+02 1.857765198077854802e+04 0.000000000000000000e+00 0.000000000000000000e+00
5.128712871287128931e-03 0.000000000000000000e+00 7.966698084104318696e+02 1.317483466645285072e-05 4.781582299812189945e+02 1.835284129412070979e+04 0.000000000000000000e+00 0.000000000000000000e+00
5.198019801980198300e-03 0.000000000000000000e+00 7.899245972936907947e+02 1.468112471017238051e-05 4.783467428794793364e+02 1.800373517806907330e+04 0.000000000000000000e+00 0.000000000000000000e+00
5.267326732673267668e-03 0.000000000000000000e+00 7.767797736994360775e+02 1.732886733483879777e-05 4.789690127449595707e+02 1.753106084672289944e+04 0.000000000000000000e+00 0.000000000000000000e+00
5.336633663366337037e-03 0.000000000000000000e+00 7.508976789191613079e+02 2.156802151765541549e-05 4.813184249903942487e+02 1.691600980491132214e+04 0.000000000000000000e+00 0.000000000000000000e+00
5.405940594059406405e-03 0.000000000000000000e+00 7.068703492495835690e+02 2.834807601782767341e-05 4.875684302618320771e+02 1.613017466863537265e+04 0.000000000000000000e+00 0.000000000000000000e+00
5.475247524752475774e-03 0.000000000000000000e+00 6.650003095728800417e+02 4.050060908761855962e-05 4.937276138653725184e+02 1.507760523053814541e+04 0.000000000000000000e+00 0.000000000000000000e+00
5.544554455445545142e-03 0.000000000000000000e+00 4.931611954330457479e+02 4.159570191468773366e-05 4.393797911651375898e+02 1.316061021859919492e+04 1.249998944009389788e+03 0.000000000000000000e+00
5.613861386138614511e-03 0.000000000000000000e+00 4.869614627523085915e+02 4.035721511918377813e-05 4.389646718184581005e+02 1.312652204734414772e+04 1.255520975246977514e+03 0.000000000000000000e+00
5.683168316831683879e-03 0.000000000000000000e+00 4.789276015726626383e+02 3.722323441360470345e-05 4.381442391371421081e+02 1.314371137300637383e+04 1.264234593702049096e+03 0.000000000000000000e+00
5.752475247524753248e-03 0.000000000000000000e+00 4.434400714849215319e+02 3.078617142465321296e-05 4.231160306678007146e+02 1.239201732242517755e+04 0.000000000000000000e+00 7.957100138083052116e+03
5.821782178217822616e-03 0.000000000000000000e+00 4.595504476569483359e+02 2.617209219564789493e-05 4.217023368811697992e+02 1.300189985083259126e+04 0.000000000000000000e+00 7.941713939731709615e+03
5.891089108910891985e-03 0.000000000000000000e+00 4.964168502277519792e+02 2.078786006562534318e-05 4.177302119187034464e+02 1.381857466590455078e+04 0.000000000000000000e+00 7.915906059511381500e+03
5.960396039603961353e-03 0.000000000000000000e+00 5.390778038676007782e+02 1.440600182891429930e-05 4.130217480641854308e+02 1.499003099004387150e+04 0.000000000000000000e+00 7.889338071327259058e+03
6.029702970297030722e-03 0.000000000000000000e+00 8.016043284949679446e+02 1.248296649727187013e-05 4.780911210887037441e+02 1.880316701966536493e+04 0.000000000000000000e+00 0.000000000000000000e+00
6.099009900990099223e-03 0.000000000000000000e+00 8.016043284949679446e+02 1.248296649727187013e-05 4.780911210887037441e+02 1.880316701966536493e+04 0.000000000000000000e+00 0.000000000000000000e+00
6.168316831683168591e-03 0.000000000000000000e+00 8.016043284949679446e+02 1.248296649727187013e-05 4.780911210887037441e+02 1.880316701966536493e+04 0.000000000000000000e+00 0.000000000000000000e+00
6.237623762376237960e-03 0.000000000000000000e+00 8.016043284949679446e+02 1.248296649727187013e-05 4.780911210887037441e+02 1.880316701966536493e+04 0.000000000000000000e+00 0.000000000000000000e+00
6.306930693069307328e-03 0.000000000000000000e+00 8.016043284949679446e+02 1.248296649727187013e-05 4.780911210887037441e+02 1.880316701966536493e+04 0.000000000000000000e+00 0.000000000000000000e+00
6.376237623762376697e-03 0.000000000000000000e+00 8.016043284949679446e+02 1.248296649727187013e-05 4.780911210887037441e+02 1.880316701966536493e+04 0.000000000000000000e+00 0.000000000000000000e+00
6.445544554455446065e-03 0.000000000000000000e+00 8.016043284949679446e+02 1.248296649727187013e-05 4.780911210887037441e+02 1.880316701966536493e+04 0.000000000000000000e+00 0.000000000000000000e+00
6.514851485148515434e-03 0.000000000000000000e+00 8.016043284949679446e+02 1.248296649727187013e-05 4.780911210887037441e+02 1.880316701966536493e+04 0.000000000000000000e+00 0.000000000000000000e+00
6.584158415841584802e-03 0.000000000000000000e+00 8.016043284949679446e+02 1.248296649727187690e-05 4.780911210887037441e+02 1.880316701966536493e+04 0.000000000000000000e+00 0.000000000000000000e+00
6.653465346534654171e-03 0.000000000000000000e+00 8.016043284949679446e+02 1.248296649727187521e-05 4.780911210887037441e+02 1.880316701966536493e+04 0.000000000000000000e+00 0.000000000000000000e+00
6.722772277227723539e-03 0.000000000000000000e+00 8.016043284949679446e+02 1.248296649727188029e-05 4.780911210887037441e+02 1.880316701966536493e+04 0.000000000000000000e+00 0.000000000000000000e+00
6.792079207920792908e-03 0.000000000000000000e+00 8.016043284949679446e+02 1.248296649727188368e-05 4.780911210887037441e+02 1.880316701966536493e+04 0.000000000000000000e+00 0.000000000000000000e+00
6.861386138613862276e-03 0.000000000000000000e+00 8.016043284949679446e+02 1.248296649727188029e-05 4.780911210887037441e+02 1.880316701966536493e+04 0.000000000000000000e+00 0.000000000000000000e+00
6.930693069306931645e-03 0.000000000000000000e+00 0.000000000000000000e+00 0.000000000000000000e+00 0.000000000000000000e+00 0.000000000000000000e+00 0.000000000000000000e+00 0.000000000000000000e+00
