0.000000000000000000e+00 1.000000000000000000e+00 6.000000000000000000e+00 7.000000000000000000e+00 8.000000000000000000e+00 1.400000000000000000e+01 2.600000000000000000e+01 2.900000000000000000e+01
0.000000000000000000e+00 0.000000000000000000e+00 8.015911880509730736e+02 1.248296649727186166e-05 4.780987855166957274e+02 1.880316701966536129e+04 0.000000000000000000e+00 0.000000000000000000e+00
1.372549019607843107e-04 0.000000000000000000e+00 8.015911880509729599e+02 1.248296649727187690e-05 4.780987855166957274e+02 1.880316701966536129e+04 0.000000000000000000e+00 0.000000000000000000e+00
2.745098039215686215e-04 0.000000000000000000e+00 8.015911880509730736e+02 1.248296649727186674e-05 4.780987855166957274e+02 1.880316701966536129e+04 0.000000000000000000e+00 0.000000000000000000e+00
4.117647058823529051e-04 0.000000000000000000e+00 8.015911880509730736e+02 1.248296649727186335e-05 4.780987855166957274e+02 1.880316701966536129e+04 0.000000000000000000e+00 0.000000000000000000e+00
5.490196078431372429e-04 0.000000000000000000e+00 8.015911880509730736e+02 1.248296649727186166e-05 4.780987855166957274e+02 1.880316701966536129e+04 0.000000000000000000e+00 0.000000000000000000e+00
6.862745098039215808e-04 0.000000000000000000e+00 8.015911880509730736e+02 1.248296649727186166e-05 4.780987855166957274e+02 1.880316701966536129e+04 0.000000000000000000e+00 0.000000000000000000e+00
8.235294117647058102e-04 0.000000000000000000e+00 8.015911880509730736e+02 1.248296649727186166e-05 4.780987855166957274e+02 1.880316701966536129e+04 0.000000000000000000e+00 0.000000000000000000e+00
9.607843137254901481e-04 0.000000000000000000e+00 8.015911880509730736e+02 1.248296649727186166e-05 4.780987855166957274e+02 1.880316701966536129e+04 0.000000000000000000e+00 0.000000000000000000e+00
1.098039215686274486e-03 0.000000000000000000e+00 5.480462744462108731e+02 2.147730572238089078e-05 4.334847320739261818e+02 1.556044780462517156e+04 1.229280399932434648e+03 0.000000000000000000e+00
1.235294117647058824e-03 0.000000000000000000e+00 5.069512854080235229e+02 3.274444250969628839e-05 4.390350514540518816e+02 1.448743857490696064e+04 1.243988206240187310e+03 0.000000000000000000e+00
1.372549019607843162e-03 0.000000000000000000e+00 4.995294218797862413e+02 4.040863666341982277e-05 4.395228105179120917e+02 1.387478910274729060e+04 1.246250794446253849e+03 0.000000000000000000e+00
1.509803921568627499e-03 0.000000000000000000e+00 4.984271688208114597e+02 4.216913176208787609e-05 4.395638157185329078e+02 1.361009861708089193e+04 1.246550340305748477e+03 0.000000000000000000e+00
1.647058823529411620e-03 0.000000000000000000e+00 4.983269353471904424e+02 4.228056445865721217e-05 4.395661859750661620e+02 1.354230838134412625e+04 1.246575478566440779e+03 0.000000000000000000e+00
1.784313725490195958e-03 0.000000000000000000e+00 4.983255213435009523e+02 4.228249108489434048e-05 4.395662117510145777e+02 1.353926420047141983e+04 1.246575828846528793e+03 0.000000000000000000e+00
1.921568627450980296e-03 0.000000000000000000e+00 4.983255213435009523e+02 4.228249108489434048e-05 4.395662117510145777e+02 1.353926420047141983e+04 1.246575828846528793e+03 0.000000000000000000e+00
2.058823529411764851e-03 0.000000000000000000e+00 4.561783748298902879e+02 3.937823144875661886e-05 4.250566262210786590e+02 1.233480077676107612e+04 0.000000000000000000e+00 6.988909811420058759e+03
2.196078431372548972e-03 0.000000000000000000e+00 4.367504388393426780e+02 3.890999783207257370e-05 4.237962812393159311e+02 1.176603208295737022e+04 0.000000000000000000e+00 7.733108912552095717e+03
2.333333333333333093e-03 0.000000000000000000e+00 4.336159852449076197e+02 3.865975871013809510e-05 4.236962953900560365e+02 1.143676626843848862e+04 0.000000000000000000e+00 7.923920007621205514e+03
2.470588235294117647e-03 0.000000000000000000e+00 4.331399651916234461e+02 3.858289100749873684e-05 4.236877672475993108e+02 1.127380899361805314e+04 0.000000000000000000e+00 7.966632802291615917e+03
2.607843137254901768e-03 0.000000000000000000e+00 4.330903929773071468e+02 3.857720037139121858e-05 4.236872161622254112e+02 1.122417613960677772e+04 0.000000000000000000e+00 7.972845986255671960e+03
2.745098039215686323e-03 0.000000000000000000e+00 4.330887604019798118e+02 3.857701977646508617e-05 4.236872034159832765e+02 1.121910608515985405e+04 0.000000000000000000e+00 7.973116475432098923e+03
2.882352941176470444e-03 0.000000000000000000e+00 4.330887604019798118e+02 3.857701977646508617e-05 4.236872034159832765e+02 1.121910608515985405e+04 0.000000000000000000e+00 7.973116475432098923e+03
3.019607843137254999e-03 0.000000000000000000e+00 5.930082855719381314e+02 4.106369616239743953e-05 4.996142324293864476e+02 1.365950092224801301e+04 0.000000000000000000e+00 0.000000000000000000e+00
3.156862745098039120e-03 0.000000000000000000e+00 7.450293701297139251e+02 2.179529843735625240e-05 4.799967423325539357e+02 1.608317661571115423e+04 0.000000000000000000e+00 0.000000000000000000e+00
3.294117647058823241e-03 0.000000000000000000e+00 7.888472230805214167e+02 1.485391790079627484e-05 4.782451363086870515e+02 1.755259996324367603e+04 0.000000000000000000e+00 0.000000000000000000e+00
3.431372549019607796e-03 0.000000000000000000e+00 7.996217059203389681e+02 1.267079654917709930e-05 4.781080743385472829e+02 1.841950649585870997e+04 0.000000000000000000e+00 0.000000000000000000e+00
3.568627450980391917e-03 0.000000000000000000e+00 8.014520101023817915e+02 1.248978331446906617e-05 4.780990962244935076e+02 1.874526308040690128e+04 0.000000000000000000e+00 0.000000000000000000e+00
3.705882352941176471e-03 0.000000000000000000e+00 8.015911880509730736e+02 1.248296649727186166e-05 4.780987855166957274e+02 1.880316701966536129e+04 0.000000000000000000e+00 0.000000000000000000e+00
3.843137254901960592e-03 0.000000000000000000e+00 8.015911880509730736e+02 1.248296649727186166e-05 4.780987855166957274e+02 1.880316701966536129e+04 0.000000000000000000e+00 0.000000000000000000e+00
3.980392156862745147e-03 0.000000000000000000e+00 8.015911880509730736e+02 1.248296649727186166e-05 4.780987855166957274e+02 1.880316701966536129e+04 0.000000000000000000e+00 0.000000000000000000e+00
4.117647058823529702e-03 0.000000000000000000e+00 5.370118608791320867e+02 2.333403180536529459e-05 4.353456942566953103e+02 1.536480398911698830e+04 1.233478353623433804e+03 0.000000000000000000e+00
4.254901960784313389e-03 0.000000000000000000e+00 5.049657153260172890e+02 3.409069928574199010e-05 4.391909464415472826e+02 1.437635061934025543e+04 1.244617368400578926e+03 0.000000000000000000e+00
4.392156862745097944e-03 0.000000000000000000e+00 4.992043769351035962e+02 4.099494825704247565e-05 4.395366788928289452e+02 1.381762523698423502e+04 1.246341852135118415e+03 0.000000000000000000e+00
4.529411764705882498e-03 0.000000000000000000e+00 4.649059777597720995e+02 3.946975775938426332e-05 4.257546452110480573e+02 1.257798493099206098e+04 0.000000000000000000e+00 6.709651145232957788e+03
4.666666666666666186e-03 0.000000000000000000e+00 4.385018351372073653e+02 3.898662866988106854e-05 4.238720650718641991e+02 1.186342889206875407e+04 0.000000000000000000e+00 7.647199464746836384e+03
4.803921568627450740e-03 0.000000000000000000e+00 4.339082765835385089e+02 3.869943568981667971e-05 4.237029668066693944e+02 1.149296674864648958e+04 0.000000000000000000e+00 7.901888702033738809e+03
4.941176470588235295e-03 0.000000000000000000e+00 4.331775314891052062e+02 3.858787849106910296e-05 4.236882733921579529e+02 1.129610118904207411e+04 0.000000000000000000e+00 7.962563567564177902e+03
5.078431372549019850e-03 0.000000000000000000e+00 6.765163501239733250e+02 2.989898212123108265e-05 4.867761854349520263e+02 1.490744941371760979e+04 0.000000000000000000e+00 0.000000000000000000e+00
5.215686274509803537e-03 0.000000000000000000e+00 7.708077791205279254e+02 1.803466374121956276e-05 4.787336425363290004e+02 1.679090350609950474e+04 0.000000000000000000e+00 0.000000000000000000e+00
5.352941176470588092e-03 0.000000000000000000e+00 7.955300472503195124e+02 1.344820421935318521e-05 4.781454626037470916e+02 1.800125731335985620e+04 0.000000000000000000e+00 0.000000000000000000e+00
5.490196078431372646e-03 0.000000000000000000e+00 8.008548341170883305e+02 1.253307130999998372e-05 4.781012561986973992e+02 1.860824092438999287e+04 0.000000000000000000e+00 0.000000000000000000e+00
5.627450980392156334e-03 0.000000000000000000e+00 5.324970025807381262e+02 2.420165136355096418e-05 4.360282066971248014e+02 1.526230996797746593e+04 1.235139884398039158e+03 0.000000000000000000e+00
5.764705882352940888e-03 0.000000000000000000e+00 4.738387563509961069e+02 3.254904752264515090e-05 4.257497757830315663e+02 1.337178131649888564e+04 0.000000000000000000e+00 6.654189157673898080e+03
5.901960784313725443e-03 0.000000000000000000e+00 4.402817162011584173e+02 3.804072737013435365e-05 4.239058873373805909e+02 1.214377951132478665e+04 0.000000000000000000e+00 7.604937748058008765e+03
6.039215686274509998e-03 0.000000000000000000e+00 6.206451870236300010e+02 3.648535821307987228e-05 4.956701637920874646e+02 1.453966813384437955e+04 0.000000000000000000e+00 0.000000000000000000e+00
6.176470588235293685e-03 0.000000000000000000e+00 7.555475569295107334e+02 2.038834139195000336e-05 4.794119649314182539e+02 1.645481542806427387e+04 0.000000000000000000e+00 0.000000000000000000e+00
6.313725490196078240e-03 0.000000000000000000e+00 7.915811344576266038e+02 1.430507529226255671e-05 4.781991523601033691e+02 1.773334698114069761e+04 0.000000000000000000e+00 0.000000000000000000e+00
6.450980392156862794e-03 0.000000000000000000e+00 8.001503133175660878e+02 1.260539884055575660e-05 4.781048189412500165e+02 1.849232525797159542e+04 0.000000000000000000e+00 0.000000000000000000e+00
6.588235294117646482e-03 0.000000000000000000e+00 8.015096918170850131e+02 1.248677995520923901e-05 4.780989506167388754e+02 1.876455491248836552e+04 0.000000000000000000e+00 0.000000000000000000e+00
6.725490196078431036e-03 0.000000000000000000e+00 8.015911880509730736e+02 1.248296649727186166e-05 4.780987855166957274e+02 1.880316701966536129e+04 0.000000000000000000e+00 0.000000000000000000e+00
6.862745098039215591e-03 0.000000000000000000e+00 0.000000000000000000e+00 0.000000000000000000e+00 0.000000000000000000e+00 0.000000000000000000e+00 0.000000000000000000e+00 0.000000000000000000e+00
