0.000000000000000000e+00 1.000000000000000000e+00 6.000000000000000000e+00 7.000000000000000000e+00 8.000000000000000000e+00 1.400000000000000000e+01 2.600000000000000000e+01 2.900000000000000000e+01
0.000000000000000000e+00 0.000000000000000000e+00 8.016043284949679446e+02 1.248296649727187013e-05 4.780911210887037441e+02 1.880316701966536493e+04 0.000000000000000000e+00 0.000000000000000000e+00
1.372549019607843107e-04 0.000000000000000000e+00 8.016043284949679446e+02 1.248296649727187013e-05 4.780911210887037441e+02 1.880316701966536493e+04 0.000000000000000000e+00 0.000000000000000000e+00
2.745098039215686215e-04 0.000000000000000000e+00 8.016043284949679446e+02 1.248476042694191049e-05 4.780911210887037441e+02 1.878884688196036950e+04 0.000000000000000000e+00 0.000000000000000000e+00
4.117647058823529051e-04 0.000000000000000000e+00 8.014782894591065769e+02 1.253175325809506132e-05 4.780916870224483546e+02 1.867352102802649097e+04 0.000000000000000000e+00 0.000000000000000000e+00
5.490196078431372429e-04 0.000000000000000000e+00 7.999668535482219340e+02 1.313248360800447306e-05 4.781053631852540775e+02 1.833715347434339128e+04 0.000000000000000000e+00 0.000000000000000000e+00
6.862745098039215808e-04 0.000000000000000000e+00 7.914762816586595591e+02 1.665243597650687898e-05 4.782974340077852275e+02 1.766048779311335966e+04 0.000000000000000000e+00 0.000000000000000000e+00
8.235294117647058102e-04 0.000000000000000000e+00 7.575886843365713048e+02 2.543948504264978764e-05 4.806419204567725956e+02 1.663776113053666631e+04 0.000000000000000000e+00 0.000000000000000000e+00
9.607843137254901481e-04 0.000000000000000000e+00 6.759650669292469729e+02 4.359046845251627418e-05 4.926691487625897139e+02 1.528775206529879506e+04 0.000000000000000000e+00 0.000000000000000000e+00
1.098039215686274486e-03 0.000000000000000000e+00 4.983308271983111126e+02 4.228249108489423884e-05 4.395601608295996812e+02 1.353926420047141801e+04 1.246572437376081780e+03 0.000000000000000000e+00
1.235294117647058824e-03 0.000000000000000000e+00 4.983308271983111126e+02 4.228244755221993376e-05 4.395601608295996812e+02 1.353750424224789458e+04 1.246572437376081780e+03 0.000000000000000000e+00
1.372549019607843162e-03 0.000000000000000000e+00 4.983269876734000832e+02 4.228065520092490242e-05 4.395601369948440720e+02 1.350701976983943314e+04 1.246573654735988839e+03 0.000000000000000000e+00
1.509803921568627499e-03 0.000000000000000000e+00 4.982301960910947400e+02 4.225960824720808993e-05 4.395592930552649591e+02 1.340098643323816577e+04 1.246610707528571993e+03 0.000000000000000000e+00
1.647058823529411620e-03 0.000000000000000000e+00 4.974674795889767438e+02 4.211854046262972033e-05 4.395476710384011767e+02 1.315882899270075723e+04 1.246985678195416767e+03 0.000000000000000000e+00
1.784313725490195958e-03 0.000000000000000000e+00 4.932996133666303535e+02 4.181898109694080182e-05 4.394222141009690290e+02 1.276767849689922878e+04 1.249720777402526664e+03 0.000000000000000000e+00
1.921568627450980296e-03 0.000000000000000000e+00 4.761738540997425844e+02 4.132468847586035328e-05 4.384379218965069072e+02 1.219948338360616071e+04 1.264774829900886743e+03 0.000000000000000000e+00
2.058823529411764851e-03 0.000000000000000000e+00 4.330921289391579876e+02 3.857701977646508617e-05 4.236812174141650189e+02 1.121910608515985405e+04 0.000000000000000000e+00 7.973247679566053193e+03
2.196078431372548972e-03 0.000000000000000000e+00 4.330921289391579876e+02 3.857684650705170198e-05 4.236812174141650189e+02 1.121957763168426209e+04 0.000000000000000000e+00 7.973247679566053193e+03
2.333333333333333093e-03 0.000000000000000000e+00 4.330928884991608925e+02 3.854734736549047272e-05 4.236811996668397455e+02 1.126141448378347377e+04 0.000000000000000000e+00 7.973244105839167787e+03
2.470588235294117647e-03 0.000000000000000000e+00 4.331951090202971386e+02 3.815821682812396714e-05 4.236787226836624427e+02 1.145346563775429968e+04 0.000000000000000000e+00 7.972876708380658783e+03
2.607843137254901768e-03 0.000000000000000000e+00 4.343342207654702634e+02 3.491359263440873992e-05 4.236390314898505949e+02 1.196397493119946193e+04 0.000000000000000000e+00 7.970163692547972460e+03
2.745098039215686323e-03 0.000000000000000000e+00 4.424558344504349634e+02 2.759857090563564501e-05 4.231841635988557755e+02 1.292302213911527360e+04 0.000000000000000000e+00 7.958248410226868145e+03
2.882352941176470444e-03 0.000000000000000000e+00 4.905241949050558787e+02 1.812625808112774302e-05 4.183822506605887952e+02 1.449933166249048918e+04 0.000000000000000000e+00 7.919634009613236231e+03
3.019607843137254999e-03 0.000000000000000000e+00 8.016043284949679446e+02 1.248296649727187013e-05 4.780911210887037441e+02 1.880316701966536493e+04 0.000000000000000000e+00 0.000000000000000000e+00
3.156862745098039120e-03 0.000000000000000000e+00 8.016043284949679446e+02 1.248296649727187013e-05 4.780911210887037441e+02 1.880316701966536493e+04 0.000000000000000000e+00 0.000000000000000000e+00
3.294117647058823241e-03 0.000000000000000000e+00 8.016043284949679446e+02 1.248616685365694427e-05 4.780911210887037441e+02 1.878093521876642990e+04 0.000000000000000000e+00 0.000000000000000000e+00
3.431372549019607796e-03 0.000000000000000000e+00 8.014056122252080741e+02 1.255524395996819803e-05 4.780920653136761302e+02 1.864228785081423848e+04 0.000000000000000000e+00 0.000000000000000000e+00
3.568627450980391917e-03 0.000000000000000000e+00 7.994180516478053278e+02 1.340213043010195358e-05 4.781122078224751135e+02 1.826122669156575284e+04 0.000000000000000000e+00 0.000000000000000000e+00
3.705882352941176471e-03 0.000000000000000000e+00 7.888941090861558223e+02 1.750438875071361056e-05 4.783856698488046391e+02 1.753646245016169632e+04 0.000000000000000000e+00 0.000000000000000000e+00
3.843137254901960592e-03 0.000000000000000000e+00 7.481638025490361770e+02 2.741829919040496174e-05 4.817197448516526492e+02 1.643483842218304562e+04 0.000000000000000000e+00 0.000000000000000000e+00
3.980392156862745147e-03 0.000000000000000000e+00 6.654314425711356762e+02 4.603613578236228021e-05 4.941872050497466944e+02 1.501750307420253739e+04 0.000000000000000000e+00 0.000000000000000000e+00
4.117647058823529702e-03 0.000000000000000000e+00 4.977681174619281705e+02 4.216308206134361715e-05 4.395530486271958921e+02 1.322342898178642099e+04 1.246827535000566741e+03 0.000000000000000000e+00
4.254901960784313389e-03 0.000000000000000000e+00 4.948279560161632276e+02 4.189264041215878039e-05 4.394788157126064334e+02 1.287339977347644344e+04 1.248628680828134748e+03 0.000000000000000000e+00
4.392156862745097944e-03 0.000000000000000000e+00 4.809614390648551421e+02 4.134579256454932067e-05 4.387424905953268990e+02 1.243350114778782518e+04 1.260279837490948694e+03 0.000000000000000000e+00
4.529411764705882498e-03 0.000000000000000000e+00 4.334252717578132774e+02 3.744384700238235548e-05 4.236717144202997360e+02 1.162077734977715772e+04 0.000000000000000000e+00 7.972224930946640598e+03
4.666666666666666186e-03 0.000000000000000000e+00 4.361941049364301080e+02 3.208274386389527389e-05 4.235515245823984287e+02 1.231623660504970758e+04 0.000000000000000000e+00 7.966823025218254770e+03
4.803921568627450740e-03 0.000000000000000000e+00 4.539221089778199598e+02 2.379968401845175021e-05 4.222402703921759439e+02 1.348103445637381083e+04 0.000000000000000000e+00 7.946573283422230816e+03
4.941176470588235295e-03 0.000000000000000000e+00 5.287174930771689105e+02 1.372632270224451444e-05 4.141426596865771330e+02 1.514991671702218264e+04 0.000000000000000000e+00 7.894085718390214424e+03
5.078431372549019850e-03 0.000000000000000000e+00 7.990945878604587733e+02 1.356788007431517384e-05 4.781165363937117831e+02 1.819926011296157958e+04 0.000000000000000000e+00 0.000000000000000000e+00
5.215686274509803537e-03 0.000000000000000000e+00 7.873258383217010987e+02 1.796205940565643143e-05 4.784408228181592335e+02 1.736409858091787464e+04 0.000000000000000000e+00 0.000000000000000000e+00
5.352941176470588092e-03 0.000000000000000000e+00 7.420996415067222642e+02 2.835541747259525609e-05 4.823978868208191102e+02 1.611219355527322296e+04 0.000000000000000000e+00 0.000000000000000000e+00
5.490196078431372646e-03 0.000000000000000000e+00 6.572447803959339581e+02 4.589534304975526264e-05 4.949343070531697322e+02 1.474072000035747442e+04 0.000000000000000000e+00 0.000000000000000000e+00
5.627450980392156334e-03 0.000000000000000000e+00 4.852492698454665856e+02 3.665624415602736203e-05 4.388246669722360025e+02 1.331049045993490836e+04 1.257205621172975725e+03 0.000000000000000000e+00
5.764705882352940888e-03 0.000000000000000000e+00 4.453057441060766450e+02 2.636584230012747228e-05 4.229788401565175491e+02 1.310222207229726337e+04 0.000000000000000000e+00 7.955021736926281847e+03
5.901960784313725443e-03 0.000000000000000000e+00 5.039477609564050908e+02 1.663964270225938775e-05 4.168958313734205490e+02 1.478051485743519515e+04 0.000000000000000000e+00 7.911236961200560472e+03
6.039215686274509998e-03 0.000000000000000000e+00 8.016043284949679446e+02 1.248296649727187013e-05 4.780911210887037441e+02 1.880316701966536493e+04 0.000000000000000000e+00 0.000000000000000000e+00
6.176470588235293685e-03 0.000000000000000000e+00 8.016043284949679446e+02 1.248296649727187013e-05 4.780911210887037441e+02 1.880316701966536493e+04 0.000000000000000000e+00 0.000000000000000000e+00
6.313725490196078240e-03 0.000000000000000000e+00 8.016043284949679446e+02 1.248296649727187013e-05 4.780911210887037441e+02 1.880316701966536493e+04 0.000000000000000000e+00 0.000000000000000000e+00
6.450980392156862794e-03 0.000000000000000000e+00 8.016043284949679446e+02 1.248296649727187013e-05 4.780911210887037441e+02 1.880316701966536493e+04 0.000000000000000000e+00 0.000000000000000000e+00
6.588235294117646482e-03 0.000000000000000000e+00 8.016043284949679446e+02 1.248296649727187521e-05 4.780911210887037441e+02 1.880316701966536493e+04 0.000000000000000000e+00 0.000000000000000000e+00
6.725490196078431036e-03 0.000000000000000000e+00 8.016043284949679446e+02 1.248296649727187860e-05 4.780911210887037441e+02 1.880316701966536493e+04 0.000000000000000000e+00 0.000000000000000000e+00
6.862745098039215591e-03 0.000000000000000000e+00 0.000000000000000000e+00 0.000000000000000000e+00 0.000000000000000000e+00 0.000000000000000000e+00 0.000000000000000000e+00 0.000000000000000000e+00
