0.000000000000000000e+00 1.000000000000000000e+00 6.000000000000000000e+00 7.000000000000000000e+00 8.000000000000000000e+00 1.400000000000000000e+01 2.600000000000000000e+01 2.900000000000000000e+01
0.000000000000000000e+00 0.000000000000000000e+00 8.015911880509730736e+02 1.248296649727186166e-05 4.780987855166957274e+02 1.880316701966536129e+04 0.000000000000000000e+00 0.000000000000000000e+00
6.930693069306931428e-05 0.000000000000000000e+00 8.015911880509730736e+02 1.248296649727186166e-05 4.780987855166957274e+02 1.880316701966536129e+04 0.000000000000000000e+00 0.000000000000000000e+00
1.386138613861386286e-04 0.000000000000000000e+00 8.015911880509730736e+02 1.248296649727186166e-05 4.780987855166957274e+02 1.880316701966536129e+04 0.000000000000000000e+00 0.000000000000000000e+00
2.079207920792079428e-04 0.000000000000000000e+00 8.015911880509730736e+02 1.248296649727186166e-05 4.780987855166957274e+02 1.880316701966536129e+04 0.000000000000000000e+00 0.000000000000000000e+00
2.772277227722772571e-04 0.000000000000000000e+00 8.015911880509730736e+02 1.248296649727186166e-05 4.780987855166957274e+02 1.880316701966536129e+04 0.000000000000000000e+00 0.000000000000000000e+00
3.465346534653465714e-04 0.000000000000000000e+00 8.015867328301284260e+02 1.248327090767492518e-05 4.780987967213996512e+02 1.879992209652856036e+04 0.000000000000000000e+00 0.000000000000000000e+00
4.158415841584158857e-04 0.000000000000000000e+00 8.015257267698575561e+02 1.248739106433189192e-05 4.780989984727130491e+02 1.877604871593773350e+04 0.000000000000000000e+00 0.000000000000000000e+00
4.851485148514851999e-04 0.000000000000000000e+00 8.012589604817984537e+02 1.251134802079212921e-05 4.781003013461934188e+02 1.871303064190770601e+04 0.000000000000000000e+00 0.000000000000000000e+00
5.544554455445545142e-04 0.000000000000000000e+00 8.004440244696198761e+02 1.262432323209134401e-05 4.781064519850370971e+02 1.858962327866526903e+04 0.000000000000000000e+00 0.000000000000000000e+00
6.237623762376238827e-04 0.000000000000000000e+00 7.983533827113111556e+02 1.310702983569547329e-05 4.781316111609897916e+02 1.837774286134313661e+04 0.000000000000000000e+00 0.000000000000000000e+00
6.930693069306931428e-04 0.000000000000000000e+00 7.935098842242800856e+02 1.453859923894021929e-05 4.782276230203322598e+02 1.805605979495999782e+04 0.000000000000000000e+00 0.000000000000000000e+00
7.623762376237624028e-04 0.000000000000000000e+00 7.834397433666755433e+02 1.709687892174372863e-05 4.785741194866891988e+02 1.763369714939308687e+04 0.000000000000000000e+00 0.000000000000000000e+00
8.316831683168317713e-04 0.000000000000000000e+00 7.636398105767724473e+02 2.121115897770204975e-05 4.798226672325999402e+02 1.710172055743987949e+04 0.000000000000000000e+00 0.000000000000000000e+00
9.009900990099011398e-04 0.000000000000000000e+00 7.245657480637103163e+02 2.781535220062548972e-05 4.845772427989370499e+02 1.642736386895462056e+04 0.000000000000000000e+00 0.000000000000000000e+00
9.702970297029703999e-04 0.000000000000000000e+00 6.517481344252814779e+02 3.951522436926894956e-05 5.001704380882357555e+02 1.549921696799397432e+04 0.000000000000000000e+00 0.000000000000000000e+00
1.039603960396039660e-03 0.000000000000000000e+00 4.983255213435009523e+02 4.228249108489434048e-05 4.395662117510145777e+02 1.353926420047141983e+04 1.246575828846528793e+03 0.000000000000000000e+00
1.108910891089109028e-03 0.000000000000000000e+00 4.983255213435009523e+02 4.228249108489434048e-05 4.395662117510145777e+02 1.353926420047141983e+04 1.246575828846528793e+03 0.000000000000000000e+00
1.178217821782178397e-03 0.000000000000000000e+00 4.983255213435009523e+02 4.228249108489434048e-05 4.395662117510145777e+02 1.353926420047141983e+04 1.246575828846528793e+03 0.000000000000000000e+00
1.247524752475247765e-03 0.000000000000000000e+00 4.983255213435009523e+02 4.228249108489434048e-05 4.395662117510145777e+02 1.353926420047141983e+04 1.246575828846528793e+03 0.000000000000000000e+00
1.316831683168316917e-03 0.000000000000000000e+00 4.983255041202971256e+02 4.228248733843732488e-05 4.395662116742098533e+02 1.353908236574143848e+04 1.246575833519740172e+03 0.000000000000000000e+00
1.386138613861386286e-03 0.000000000000000000e+00 4.983231085592570366e+02 4.228232748166391045e-05 4.395661999282365855e+02 1.353400176501605165e+04 1.246576535506497976e+03 0.000000000000000000e+00
1.455445544554455654e-03 0.000000000000000000e+00 4.983074882068067382e+02 4.228130660004477477e-05 4.395661040233567860e+02 1.351641600299850506e+04 1.246581670407056436e+03 0.000000000000000000e+00
1.524752475247524806e-03 0.000000000000000000e+00 4.982483577188064032e+02 4.227668511146072698e-05 4.395656313119571905e+02 1.347788666087948150e+04 1.246603704760638948e+03 0.000000000000000000e+00
1.594059405940594174e-03 0.000000000000000000e+00 4.980695967895748595e+02 4.225828476607139465e-05 4.395637227472773247e+02 1.340785477954027556e+04 1.246679646839067573e+03 0.000000000000000000e+00
1.663366336633663543e-03 0.000000000000000000e+00 4.975866913886006841e+02 4.219666040708597174e-05 4.395566766301957955e+02 1.329341434841541377e+04 1.246914833467356857e+03 0.000000000000000000e+00
1.732673267326732911e-03 0.000000000000000000e+00 4.964045761122646923e+02 4.208479632970917701e-05 4.395324541047011735e+02 1.313398331532331031e+04 1.247581453232329750e+03 0.000000000000000000e+00
1.801980198019802280e-03 0.000000000000000000e+00 4.936997174254518654e+02 4.192754385184367996e-05 4.394516957466655072e+02 1.292920967173015742e+04 1.249369354044803913e+03 0.000000000000000000e+00
1.871287128712871431e-03 0.000000000000000000e+00 4.875680731797373824e+02 4.171687634618077449e-05 4.391753865369888672e+02 1.266940759708125915e+04 1.254169705709635991e+03 0.000000000000000000e+00
1.940594059405940800e-03 0.000000000000000000e+00 4.728501633940207967e+02 4.142708843825060734e-05 4.381435045990418757e+02 1.232871156731073461e+04 1.267958625169379275e+03 0.000000000000000000e+00
2.009900990099009951e-03 0.000000000000000000e+00 4.330887604019798118e+02 3.857701977646508617e-05 4.236872034159832765e+02 1.121910608515985405e+04 0.000000000000000000e+00 7.973116475432098923e+03
2.079207920792079320e-03 0.000000000000000000e+00 4.330887604019798118e+02 3.857701977646508617e-05 4.236872034159832765e+02 1.121910608515985405e+04 0.000000000000000000e+00 7.973116475432098923e+03
2.148514851485148688e-03 0.000000000000000000e+00 4.330887604019798118e+02 3.857701977646508617e-05 4.236872034159832765e+02 1.121910608515985405e+04 0.000000000000000000e+00 7.973116475432098923e+03
2.217821782178218057e-03 0.000000000000000000e+00 4.330887604019798118e+02 3.857701977646508617e-05 4.236872034159832765e+02 1.121910608515985405e+04 0.000000000000000000e+00 7.973116475432098923e+03
2.287128712871287425e-03 0.000000000000000000e+00 4.330887604019798118e+02 3.857701977646508617e-05 4.236872034159832765e+02 1.121910608515985405e+04 0.000000000000000000e+00 7.973116475432098923e+03
2.356435643564356794e-03 0.000000000000000000e+00 4.330900427576260086e+02 3.857502117620534337e-05 4.236871798304329673e+02 1.122358944972853715e+04 0.000000000000000000e+00 7.973109688092423312e+03
2.425742574257426162e-03 0.000000000000000000e+00 4.331054851504306953e+02 3.855622099068845097e-05 4.236868719167981681e+02 1.124983270827666456e+04 0.000000000000000000e+00 7.973040524412102968e+03
2.495049504950495531e-03 0.000000000000000000e+00 4.331812769307701387e+02 3.846417165575354539e-05 4.236851104371027077e+02 1.131750359133437632e+04 0.000000000000000000e+00 7.972763620673066725e+03
2.564356435643564466e-03 0.000000000000000000e+00 4.334518983750091934e+02 3.808956173939254445e-05 4.236775047058500263e+02 1.145156753628092520e+04 0.000000000000000000e+00 7.971968610937989069e+03
2.633663366336633834e-03 0.000000000000000000e+00 4.342832222028394540e+02 3.669870127817676436e-05 4.236484300146252053e+02 1.168727807469069739e+04 0.000000000000000000e+00 7.970025455287618570e+03
2.702970297029703203e-03 0.000000000000000000e+00 4.366097396654683962e+02 3.361442387355870979e-05 4.235448354874545771e+02 1.205145392152407112e+04 0.000000000000000000e+00 7.965775542062611748e+03
2.772277227722772571e-03 0.000000000000000000e+00 4.426292198271970051e+02 2.953991964502807139e-05 4.231941142297233682e+02 1.254951364763175297e+04 0.000000000000000000e+00 7.957456022248444242e+03
2.841584158415841940e-03 0.000000000000000000e+00 4.577388683610271869e+02 2.472019508121617247e-05 4.219987193439829980e+02 1.321111210479517467e+04 0.000000000000000000e+00 7.942144343318840583e+03
2.910891089108911308e-03 0.000000000000000000e+00 4.967146862263551270e+02 1.909720591512941673e-05 4.176480965355068520e+02 1.410625799634940449e+04 0.000000000000000000e+00 7.914133753873283240e+03
2.980198019801980677e-03 0.000000000000000000e+00 5.788736741066072682e+02 1.199039543285301549e-05 4.060415575514370516e+02 1.545566841295641279e+04 0.000000000000000000e+00 7.869517150348788164e+03
3.049504950495049611e-03 0.000000000000000000e+00 8.015911880509730736e+02 1.248296649727186166e-05 4.780987855166957274e+02 1.880316701966536129e+04 0.000000000000000000e+00 0.000000000000000000e+00
3.118811881188118980e-03 0.000000000000000000e+00 8.015911880509730736e+02 1.248296649727186166e-05 4.780987855166957274e+02 1.880316701966536129e+04 0.000000000000000000e+00 0.000000000000000000e+00
3.188118811881188348e-03 0.000000000000000000e+00 8.015911880509730736e+02 1.248296649727186166e-05 4.780987855166957274e+02 1.880316701966536129e+04 0.000000000000000000e+00 0.000000000000000000e+00
3.257425742574257717e-03 0.000000000000000000e+00 8.015911880509730736e+02 1.248296649727186166e-05 4.780987855166957274e+02 1.880316701966536129e+04 0.000000000000000000e+00 0.000000000000000000e+00
3.326732673267327085e-03 0.000000000000000000e+00 8.015903278658948921e+02 1.248305048426325649e-05 4.780987875755070604e+02 1.880214466147394705e+04 0.000000000000000000e+00 0.000000000000000000e+00
3.396039603960396454e-03 0.000000000000000000e+00 8.015556154796516921e+02 1.248532452563340324e-05 4.780988905721937954e+02 1.878603045090636442e+04 0.000000000000000000e+00 0.000000000000000000e+00
3.465346534653465822e-03 0.000000000000000000e+00 8.013718497875019011e+02 1.250031680264353514e-05 4.780996865377663312e+02 1.873616198656446431e+04 0.000000000000000000e+00 0.000000000000000000e+00
3.534653465346535191e-03 0.000000000000000000e+00 8.007665292246668969e+02 1.257361897674822359e-05 4.781036937697418807e+02 1.863243611191517994e+04 0.000000000000000000e+00 0.000000000000000000e+00
3.603960396039604559e-03 0.000000000000000000e+00 7.991510517721616225e+02 1.289520603838722947e-05 4.781206134771182406e+02 1.844918451195949092e+04 0.000000000000000000e+00 0.000000000000000000e+00
3.673267326732673494e-03 0.000000000000000000e+00 7.952977810331499313e+02 1.402558801127717358e-05 4.781864342370373038e+02 1.815836740655817630e+04 0.000000000000000000e+00 0.000000000000000000e+00
3.742574257425742863e-03 0.000000000000000000e+00 7.870638422472718503e+02 1.623308770859857483e-05 4.784265388523986644e+02 1.776508668599774683e+04 0.000000000000000000e+00 0.000000000000000000e+00
3.811881188118812231e-03 0.000000000000000000e+00 7.707200670220031498e+02 1.983334455215890354e-05 4.792862669188967288e+02 1.726693179580885044e+04 0.000000000000000000e+00 0.000000000000000000e+00
3.881188118811881600e-03 0.000000000000000000e+00 7.387137397608598803e+02 2.557383194502865258e-05 4.824816246687365151e+02 1.663500273489260508e+04 0.000000000000000000e+00 0.000000000000000000e+00
3.950495049504950534e-03 0.000000000000000000e+00 6.737222553172630342e+02 3.525290975044285345e-05 4.950872280181015981e+02 1.579257899019028264e+04 0.000000000000000000e+00 0.000000000000000000e+00
4.019801980198019903e-03 0.000000000000000000e+00 4.982552418177788809e+02 4.227728268443047184e-05 4.395656919402443918e+02 1.348155098138023641e+04 1.246601018995532741e+03 0.000000000000000000e+00
4.089108910891089271e-03 0.000000000000000000e+00 4.980890069045792075e+02 4.226058737315636454e-05 4.395639535142973386e+02 1.341419517303464818e+04 1.246670969688346077e+03 0.000000000000000000e+00
4.158415841584158640e-03 0.000000000000000000e+00 4.976377007430955928e+02 4.220283745724793758e-05 4.395575142638834905e+02 1.330308802564928192e+04 1.246888616905404206e+03 0.000000000000000000e+00
4.227722772277228008e-03 0.000000000000000000e+00 4.965252771131022200e+02 4.209431197631957508e-05 4.395352810952672939e+02 1.314678503540396559e+04 1.247509189660859874e+03 0.000000000000000000e+00
4.297029702970297377e-03 0.000000000000000000e+00 4.939723144740750058e+02 4.194033253535113808e-05 4.394611248889873991e+02 1.294541855417274201e+04 1.249177217593372916e+03 0.000000000000000000e+00
4.366336633663366745e-03 0.000000000000000000e+00 4.881925440201118249e+02 4.173066740155689357e-05 4.392080954600178870e+02 1.269715893610559760e+04 1.253647553925895863e+03 0.000000000000000000e+00
4.435643564356436114e-03 0.000000000000000000e+00 4.743823133260938221e+02 4.142211994357563790e-05 4.382649443763129398e+02 1.239711338524728671e+04 1.266435879719966124e+03 0.000000000000000000e+00
4.504950495049505482e-03 0.000000000000000000e+00 4.332031026355946324e+02 3.843719759935279226e-05 4.236845592927743382e+02 1.133180746765430195e+04 0.000000000000000000e+00 7.972691631615222832e+03
4.574257425742574851e-03 0.000000000000000000e+00 4.335228691905700202e+02 3.798320030124824261e-05 4.236753067841237907e+02 1.147798637817430608e+04 0.000000000000000000e+00 7.971781815273029679e+03
4.643564356435644219e-03 0.000000000000000000e+00 4.344923556819946953e+02 3.633742043614953310e-05 4.236402265204346804e+02 1.173169021879787579e+04 0.000000000000000000e+00 7.969590682858864966e+03
4.712871287128713588e-03 0.000000000000000000e+00 4.371676895141721957e+02 3.307860106778685562e-05 4.235166643639454378e+02 1.211413496208299330e+04 0.000000000000000000e+00 7.964885642863647263e+03
4.782178217821782956e-03 0.000000000000000000e+00 4.440381089112416930e+02 2.889930312725171239e-05 4.230993721929286266e+02 1.263284338518470940e+04 0.000000000000000000e+00 7.955785766121766756e+03
4.851485148514852325e-03 0.000000000000000000e+00 4.612804732712186819e+02 2.397443622956053208e-05 4.216696944301983194e+02 1.331879944737989172e+04 0.000000000000000000e+00 7.939066194095276842e+03
4.920792079207921693e-03 0.000000000000000000e+00 5.061834469250069901e+02 1.822880422974903870e-05 4.163873046778099365e+02 1.423588098372139029e+04 0.000000000000000000e+00 7.907913704192279511e+03
4.990099009900991062e-03 0.000000000000000000e+00 5.889433370758937372e+02 1.107897372030669761e-05 4.045663450813765962e+02 1.561521251213079449e+04 0.000000000000000000e+00 7.861593825154958722e+03
5.059405940594059563e-03 0.000000000000000000e+00 8.003502691402607070e+02 1.264105990531055501e-05 4.781073202131453286e+02 1.857765198077854438e+04 0.000000000000000000e+00 0.000000000000000000e+00
5.128712871287128931e-03 0.000000000000000000e+00 7.981139292757757175e+02 1.317483466645283717e-05 4.781351235005843705e+02 1.835284129412070615e+04 0.000000000000000000e+00 0.000000000000000000e+00
5.198019801980198300e-03 0.000000000000000000e+00 7.929667430082107558e+02 1.468112471017236696e-05 4.782404521752809501e+02 1.800373517806906602e+04 0.000000000000000000e+00 0.000000000000000000e+00
5.267326732673267668e-03 0.000000000000000000e+00 7.822862385006742443e+02 1.732886733483878761e-05 4.786197028433585956e+02 1.753106084672288853e+04 0.000000000000000000e+00 0.000000000000000000e+00
5.336633663366337037e-03 0.000000000000000000e+00 7.612565722786557671e+02 2.156802151765540193e-05 4.799890905924449953e+02 1.691600980491131486e+04 0.000000000000000000e+00 0.000000000000000000e+00
5.405940594059406405e-03 0.000000000000000000e+00 7.195600368702818059e+02 2.834807601782765647e-05 4.852407460435771895e+02 1.613017466863536538e+04 0.000000000000000000e+00 0.000000000000000000e+00
5.475247524752475774e-03 0.000000000000000000e+00 6.445281433344174502e+02 4.050060908761854607e-05 5.012221074983826270e+02 1.507760523053813995e+04 0.000000000000000000e+00 0.000000000000000000e+00
5.544554455445545142e-03 0.000000000000000000e+00 4.944219321598570218e+02 4.159570191468777431e-05 4.394585066842561787e+02 1.316061021859919856e+04 1.248957915276325139e+03 0.000000000000000000e+00
5.613861386138614511e-03 0.000000000000000000e+00 4.895152332588098147e+02 4.035721511918379846e-05 4.391948508561272888e+02 1.312652204734415136e+04 1.252953736598347177e+03 0.000000000000000000e+00
5.683168316831683879e-03 0.000000000000000000e+00 4.780039076829205555e+02 3.722323441360474410e-05 4.382180113222897830e+02 1.314371137300638111e+04 1.264324230930953490e+03 0.000000000000000000e+00
5.752475247524753248e-03 0.000000000000000000e+00 4.403080567722507226e+02 3.078617142465321296e-05 4.233410670881536930e+02 1.239201732242517755e+04 0.000000000000000000e+00 7.960390822417069103e+03
5.821782178217822616e-03 0.000000000000000000e+00 4.519144153984361196e+02 2.617209219564789493e-05 4.225049800503189772e+02 1.300189985083259126e+04 0.000000000000000000e+00 7.947493730973206766e+03
5.891089108910891985e-03 0.000000000000000000e+00 4.813767625763255751e+02 2.078786006562534318e-05 4.195486422939665658e+02 1.381857466590455078e+04 0.000000000000000000e+00 7.924034274510013347e+03
5.960396039603961353e-03 0.000000000000000000e+00 5.562397409284192236e+02 1.440600182891429930e-05 4.092480272251120255e+02 1.499003099004387150e+04 0.000000000000000000e+00 7.881770155933508249e+03
6.029702970297030722e-03 0.000000000000000000e+00 8.015911880509730736e+02 1.248296649727186166e-05 4.780987855166957274e+02 1.880316701966536129e+04 0.000000000000000000e+00 0.000000000000000000e+00
6.099009900990099223e-03 0.000000000000000000e+00 8.015911880509730736e+02 1.248296649727186166e-05 4.780987855166957274e+02 1.880316701966536129e+04 0.000000000000000000e+00 0.000000000000000000e+00
6.168316831683168591e-03 0.000000000000000000e+00 8.015911880509730736e+02 1.248296649727186166e-05 4.780987855166957274e+02 1.880316701966536129e+04 0.000000000000000000e+00 0.000000000000000000e+00
6.237623762376237960e-03 0.000000000000000000e+00 8.015911880509730736e+02 1.248296649727186166e-05 4.780987855166957274e+02 1.880316701966536129e+04 0.000000000000000000e+00 0.000000000000000000e+00
6.306930693069307328e-03 0.000000000000000000e+00 8.015911880509730736e+02 1.248296649727186166e-05 4.780987855166957274e+02 1.880316701966536129e+04 0.000000000000000000e+00 0.000000000000000000e+00
6.376237623762376697e-03 0.000000000000000000e+00 8.015911880509730736e+02 1.248296649727186166e-05 4.780987855166957274e+02 1.880316701966536129e+04 0.000000000000000000e+00 0.000000000000000000e+00
6.445544554455446065e-03 0.000000000000000000e+00 8.015911880509730736e+02 1.248296649727186166e-05 4.780987855166957274e+02 1.880316701966536129e+04 0.000000000000000000e+00 0.000000000000000000e+00
6.514851485148515434e-03 0.000000000000000000e+00 8.015911880509730736e+02 1.248296649727186166e-05 4.780987855166957274e+02 1.880316701966536129e+04 0.000000000000000000e+00 0.000000000000000000e+00
6.584158415841584802e-03 0.000000000000000000e+00 8.015911880509730736e+02 1.248296649727186674e-05 4.780987855166957274e+02 1.880316701966536129e+04 0.000000000000000000e+00 0.000000000000000000e+00
6.653465346534654171e-03 0.000000000000000000e+00 8.015911880509730736e+02 1.248296649727186505e-05 4.780987855166957274e+02 1.880316701966536129e+04 0.000000000000000000e+00 0.000000000000000000e+00
6.722772277227723539e-03 0.000000000000000000e+00 8.015911880509730736e+02 1.248296649727186843e-05 4.780987855166957274e+02 1.880316701966536129e+04 0.000000000000000000e+00 0.000000000000000000e+00
6.792079207920792908e-03 0.000000000000000000e+00 8.015911880509729599e+02 1.248296649727187352e-05 4.780987855166957274e+02 1.880316701966536129e+04 0.000000000000000000e+00 0.000000000000000000e+00
6.861386138613862276e-03 0.000000000000000000e+00 8.015911880509729599e+02 1.248296649727187182e-05 4.780987855166957274e+02 1.880316701966536129e+04 0.000000000000000000e+00 0.000000000000000000e+00
6.930693069306931645e-03 0.000000000000000000e+00 0.000000000000000000e+00 0.000000000000000000e+00 0.000000000000000000e+00 0.000000000000000000e+00 0.000000000000000000e+00 0.000000000000000000e+00
