0.000000000000000000e+00 1.000000000000000000e+00 6.000000000000000000e+00 7.000000000000000000e+00 8.000000000000000000e+00 1.400000000000000000e+01 2.600000000000000000e+01 2.900000000000000000e+01
0.000000000000000000e+00 0.000000000000000000e+00 8.016043284949679446e+02 1.248296649727187013e-05 4.780911210887037441e+02 1.880316701966536493e+04 0.000000000000000000e+00 0.000000000000000000e+00
1.372549019607843107e-04 0.000000000000000000e+00 8.016043284949679446e+02 1.248296649727188368e-05 4.780911210887037441e+02 1.880316701966536493e+04 0.000000000000000000e+00 0.000000000000000000e+00
2.745098039215686215e-04 0.000000000000000000e+00 8.016043284949679446e+02 1.248296649727188199e-05 4.780911210887037441e+02 1.880316701966536493e+04 0.000000000000000000e+00 0.000000000000000000e+00
4.117647058823529051e-04 0.000000000000000000e+00 8.016043284949679446e+02 1.248296649727187521e-05 4.780911210887037441e+02 1.880316701966536493e+04 0.000000000000000000e+00 0.000000000000000000e+00
5.490196078431372429e-04 0.000000000000000000e+00 8.016043284949679446e+02 1.248296649727187013e-05 4.780911210887037441e+02 1.880316701966536493e+04 0.000000000000000000e+00 0.000000000000000000e+00
6.862745098039215808e-04 0.000000000000000000e+00 8.016043284949679446e+02 1.248296649727187013e-05 4.780911210887037441e+02 1.880316701966536493e+04 0.000000000000000000e+00 0.000000000000000000e+00
8.235294117647058102e-04 0.000000000000000000e+00 8.016043284949679446e+02 1.248296649727187013e-05 4.780911210887037441e+02 1.880316701966536493e+04 0.000000000000000000e+00 0.000000000000000000e+00
9.607843137254901481e-04 0.000000000000000000e+00 8.016043284949679446e+02 1.248296649727187013e-05 4.780911210887037441e+02 1.880316701966536493e+04 0.000000000000000000e+00 0.000000000000000000e+00
1.098039215686274486e-03 0.000000000000000000e+00 5.596941046033546172e+02 2.147730572238087723e-05 4.314852782865872314e+02 1.556044780462516246e+04 1.224998161672740025e+03 0.000000000000000000e+00
1.235294117647058824e-03 0.000000000000000000e+00 5.102480058600739881e+02 3.274444250969628161e-05 4.387011740987856570e+02 1.448743857490695336e+04 1.242891912333538585e+03 0.000000000000000000e+00
1.372549019607843162e-03 0.000000000000000000e+00 5.001654524452503097e+02 4.040863666341976178e-05 4.394832019098029718e+02 1.387478910274728332e+04 1.246062498720009444e+03 0.000000000000000000e+00
1.509803921568627499e-03 0.000000000000000000e+00 4.985143767956399756e+02 4.216913176208777445e-05 4.395551062262094888e+02 1.361009861708089193e+04 1.246524933259430099e+03 0.000000000000000000e+00
1.647058823529411620e-03 0.000000000000000000e+00 4.983345597762144052e+02 4.228056445865711053e-05 4.395600721346680189e+02 1.354230838134412443e+04 1.246571442118696950e+03 0.000000000000000000e+00
1.784313725490195958e-03 0.000000000000000000e+00 4.983308271983111126e+02 4.228249108489423884e-05 4.395601608295996812e+02 1.353926420047141801e+04 1.246572437376081780e+03 0.000000000000000000e+00
1.921568627450980296e-03 0.000000000000000000e+00 4.983308271983111126e+02 4.228249108489423884e-05 4.395601608295996812e+02 1.353926420047141801e+04 1.246572437376081780e+03 0.000000000000000000e+00
2.058823529411764851e-03 0.000000000000000000e+00 4.555210341966912324e+02 3.937823144875661886e-05 4.249142732129886895e+02 1.233480077676107612e+04 0.000000000000000000e+00 7.003079242162044466e+03
2.196078431372548972e-03 0.000000000000000000e+00 4.382143374398482365e+02 3.890999783207257370e-05 4.238640032410851290e+02 1.176603208295737022e+04 0.000000000000000000e+00 7.668607955409402166e+03
2.333333333333333093e-03 0.000000000000000000e+00 4.338929017502275656e+02 3.865975871013809510e-05 4.236975133648115843e+02 1.143676626843848862e+04 0.000000000000000000e+00 7.905277644359570331e+03
2.470588235294117647e-03 0.000000000000000000e+00 4.331824287416038146e+02 3.858289100749873684e-05 4.236823948148733621e+02 1.127380899361805314e+04 0.000000000000000000e+00 7.962913036165897211e+03
2.607843137254901768e-03 0.000000000000000000e+00 4.330964665017166908e+02 3.857720037139121858e-05 4.236812595879086984e+02 1.122417613960677772e+04 0.000000000000000000e+00 7.972617213657733373e+03
2.745098039215686323e-03 0.000000000000000000e+00 4.330921289391579876e+02 3.857701977646508617e-05 4.236812174141650189e+02 1.121910608515985405e+04 0.000000000000000000e+00 7.973247679566053193e+03
2.882352941176470444e-03 0.000000000000000000e+00 4.330921289391579876e+02 3.857701977646508617e-05 4.236812174141650189e+02 1.121910608515985405e+04 0.000000000000000000e+00 7.973247679566053193e+03
3.019607843137254999e-03 0.000000000000000000e+00 6.243619679736852959e+02 4.106369616239744630e-05 4.923400524120409614e+02 1.365950092224801665e+04 0.000000000000000000e+00 0.000000000000000000e+00
3.156862745098039120e-03 0.000000000000000000e+00 7.310340117604787338e+02 2.179529843735626934e-05 4.813097165772005042e+02 1.608317661571115787e+04 0.000000000000000000e+00 0.000000000000000000e+00
3.294117647058823241e-03 0.000000000000000000e+00 7.845306783937114687e+02 1.485391790079628500e-05 4.783526383425027007e+02 1.755259996324367967e+04 0.000000000000000000e+00 0.000000000000000000e+00
3.431372549019607796e-03 0.000000000000000000e+00 7.986180039267920847e+02 1.267079654917710947e-05 4.781098699868581434e+02 1.841950649585871724e+04 0.000000000000000000e+00 0.000000000000000000e+00
3.568627450980391917e-03 0.000000000000000000e+00 8.013272325846583044e+02 1.248978331446907464e-05 4.780919624820093077e+02 1.874526308040690856e+04 0.000000000000000000e+00 0.000000000000000000e+00
3.705882352941176471e-03 0.000000000000000000e+00 8.016043284949679446e+02 1.248296649727187013e-05 4.780911210887037441e+02 1.880316701966536493e+04 0.000000000000000000e+00 0.000000000000000000e+00
3.843137254901960592e-03 0.000000000000000000e+00 8.016043284949679446e+02 1.248296649727187013e-05 4.780911210887037441e+02 1.880316701966536493e+04 0.000000000000000000e+00 0.000000000000000000e+00
3.980392156862745147e-03 0.000000000000000000e+00 8.016043284949679446e+02 1.248296649727187013e-05 4.780911210887037441e+02 1.880316701966536493e+04 0.000000000000000000e+00 0.000000000000000000e+00
4.117647058823529702e-03 0.000000000000000000e+00 5.487419055225195734e+02 2.333403180536528781e-05 4.332396984557472592e+02 1.536480398911698103e+04 1.228997351399241097e+03 0.000000000000000000e+00
4.254901960784313389e-03 0.000000000000000000e+00 5.076190280817419875e+02 3.409069928574197654e-05 4.389495308469095676e+02 1.437635061934025180e+04 1.243754600010355489e+03 0.000000000000000000e+00
4.392156862745097944e-03 0.000000000000000000e+00 4.996956857930327374e+02 4.099494825704240111e-05 4.395070831701509064e+02 1.381762523698423138e+04 1.246198657904672928e+03 0.000000000000000000e+00
4.529411764705882498e-03 0.000000000000000000e+00 4.591619767318468348e+02 3.946975775938426332e-05 4.251312811832401053e+02 1.257798493099206098e+04 0.000000000000000000e+00 6.871850823984814269e+03
4.666666666666666186e-03 0.000000000000000000e+00 4.405977461385543279e+02 3.898662866988106854e-05 4.239882090860817243e+02 1.186342889206875407e+04 0.000000000000000000e+00 7.563746938758898978e+03
4.803921568627450740e-03 0.000000000000000000e+00 4.343113456037805236e+02 3.869943568981667971e-05 4.237088738121536835e+02 1.149296674864648958e+04 0.000000000000000000e+00 7.876898922022800434e+03
4.941176470588235295e-03 0.000000000000000000e+00 4.332429044916431735e+02 3.858787849106910296e-05 4.236833557760687654e+02 1.129610118904207411e+04 0.000000000000000000e+00 7.957014419414349504e+03
5.078431372549019850e-03 0.000000000000000000e+00 6.662017891470321729e+02 2.989898212123108943e-05 4.879761693138834744e+02 1.490744941371761342e+04 0.000000000000000000e+00 0.000000000000000000e+00
5.215686274509803537e-03 0.000000000000000000e+00 7.624712665930396724e+02 1.803466374121956954e-05 4.791722786075490035e+02 1.679090350609951201e+04 0.000000000000000000e+00 0.000000000000000000e+00
5.352941176470588092e-03 0.000000000000000000e+00 7.931471310327505080e+02 1.344820421935320046e-05 4.781773115487491168e+02 1.800125731335986347e+04 0.000000000000000000e+00 0.000000000000000000e+00
5.490196078431372646e-03 0.000000000000000000e+00 8.004086319637805218e+02 1.253307130999999388e-05 4.780964872582508178e+02 1.860824092438999651e+04 0.000000000000000000e+00 0.000000000000000000e+00
5.627450980392156334e-03 0.000000000000000000e+00 5.435110625130312201e+02 2.420165136355095401e-05 4.340649409298038677e+02 1.526230996797746229e+04 1.230904715356901079e+03 0.000000000000000000e+00
5.764705882352940888e-03 0.000000000000000000e+00 4.681632655139565600e+02 3.254904752264515090e-05 4.247583004308545469e+02 1.337178131649888564e+04 0.000000000000000000e+00 6.901341788971976712e+03
5.901960784313725443e-03 0.000000000000000000e+00 4.431434326393521701e+02 3.804072737013435365e-05 4.240346149456202625e+02 1.214377951132478665e+04 0.000000000000000000e+00 7.516072795058918928e+03
6.039215686274509998e-03 0.000000000000000000e+00 6.403199016361647864e+02 3.648535821307988584e-05 4.910391124960007687e+02 1.453966813384438683e+04 0.000000000000000000e+00 0.000000000000000000e+00
6.176470588235293685e-03 0.000000000000000000e+00 7.437131193324798915e+02 2.038834139195000675e-05 4.803575663924223136e+02 1.645481542806428115e+04 0.000000000000000000e+00 0.000000000000000000e+00
6.313725490196078240e-03 0.000000000000000000e+00 7.880055729171940584e+02 1.430507529226257026e-05 4.782744966482667905e+02 1.773334698114070125e+04 0.000000000000000000e+00 0.000000000000000000e+00
6.450980392156862794e-03 0.000000000000000000e+00 7.993616219335973483e+02 1.260539884055576507e-05 4.781037885097380240e+02 1.849232525797160633e+04 0.000000000000000000e+00 0.000000000000000000e+00
6.588235294117646482e-03 0.000000000000000000e+00 8.014278128581074725e+02 1.248677995520924748e-05 4.780916256950376351e+02 1.876455491248837279e+04 0.000000000000000000e+00 0.000000000000000000e+00
6.725490196078431036e-03 0.000000000000000000e+00 8.016043284949679446e+02 1.248296649727187013e-05 4.780911210887037441e+02 1.880316701966536493e+04 0.000000000000000000e+00 0.000000000000000000e+00
6.862745098039215591e-03 0.000000000000000000e+00 0.000000000000000000e+00 0.000000000000000000e+00 0.000000000000000000e+00 0.000000000000000000e+00 0.000000000000000000e+00 0.000000000000000000e+00
