0.000000000000000000e+00 1.000000000000000000e+00 6.000000000000000000e+00 7.000000000000000000e+00 8.000000000000000000e+00 1.400000000000000000e+01 2.600000000000000000e+01 2.900000000000000000e+01
0.000000000000000000e+00 0.000000000000000000e+00 8.016043284949679446e+02 1.248296649727187013e-05 4.780911210887037441e+02 1.880316701966536493e+04 0.000000000000000000e+00 0.000000000000000000e+00
6.930693069306931428e-05 0.000000000000000000e+00 8.016043284949679446e+02 1.248296649727188368e-05 4.780911210887037441e+02 1.880316701966536493e+04 0.000000000000000000e+00 0.000000000000000000e+00
1.386138613861386286e-04 0.000000000000000000e+00 8.016043284949679446e+02 1.248296649727188029e-05 4.780911210887037441e+02 1.880316701966536493e+04 0.000000000000000000e+00 0.000000000000000000e+00
2.079207920792079428e-04 0.000000000000000000e+00 8.016043284949679446e+02 1.248296649727188199e-05 4.780911210887037441e+02 1.880316701966536493e+04 0.000000000000000000e+00 0.000000000000000000e+00
2.772277227722772571e-04 0.000000000000000000e+00 8.016043284949679446e+02 1.248296649727187690e-05 4.780911210887037441e+02 1.880316701966536493e+04 0.000000000000000000e+00 0.000000000000000000e+00
3.465346534653465714e-04 0.000000000000000000e+00 8.016043284949679446e+02 1.248296649727187521e-05 4.780911210887037441e+02 1.880316701966536493e+04 0.000000000000000000e+00 0.000000000000000000e+00
4.158415841584158857e-04 0.000000000000000000e+00 8.016043284949679446e+02 1.248296649727187182e-05 4.780911210887037441e+02 1.880316701966536493e+04 0.000000000000000000e+00 0.000000000000000000e+00
4.851485148514851999e-04 0.000000000000000000e+00 8.016043284949679446e+02 1.248296649727187013e-05 4.780911210887037441e+02 1.880316701966536493e+04 0.000000000000000000e+00 0.000000000000000000e+00
5.544554455445545142e-04 0.000000000000000000e+00 8.016043284949679446e+02 1.248296649727187013e-05 4.780911210887037441e+02 1.880316701966536493e+04 0.000000000000000000e+00 0.000000000000000000e+00
6.237623762376238827e-04 0.000000000000000000e+00 8.016043284949679446e+02 1.248296649727187013e-05 4.780911210887037441e+02 1.880316701966536493e+04 0.000000000000000000e+00 0.000000000000000000e+00
6.930693069306931428e-04 0.000000000000000000e+00 8.016043284949679446e+02 1.248296649727187013e-05 4.780911210887037441e+02 1.880316701966536493e+04 0.000000000000000000e+00 0.000000000000000000e+00
7.623762376237624028e-04 0.000000000000000000e+00 8.016043284949679446e+02 1.248296649727187013e-05 4.780911210887037441e+02 1.880316701966536493e+04 0.000000000000000000e+00 0.000000000000000000e+00
8.316831683168317713e-04 0.000000000000000000e+00 8.016043284949679446e+02 1.248296649727187013e-05 4.780911210887037441e+02 1.880316701966536493e+04 0.000000000000000000e+00 0.000000000000000000e+00
9.009900990099011398e-04 0.000000000000000000e+00 8.016043284949679446e+02 1.248296649727187013e-05 4.780911210887037441e+02 1.880316701966536493e+04 0.000000000000000000e+00 0.000000000000000000e+00
9.702970297029703999e-04 0.000000000000000000e+00 8.016043284949679446e+02 1.248296649727187013e-05 4.780911210887037441e+02 1.880316701966536493e+04 0.000000000000000000e+00 0.000000000000000000e+00
1.039603960396039660e-03 0.000000000000000000e+00 5.883183565266454025e+02 1.547046554156947273e-05 4.269138432104331855e+02 1.628016402974969606e+04 1.214583029427405336e+03 0.000000000000000000e+00
1.108910891089109028e-03 0.000000000000000000e+00 5.535602442865090325e+02 2.251161520485098208e-05 4.324698438274747332e+02 1.544981447167087936e+04 1.227235544802764935e+03 0.000000000000000000e+00
1.178217821782178397e-03 0.000000000000000000e+00 5.228394142045061699e+02 2.847160252584481882e-05 4.371731402249774305e+02 1.486204560907933774e+04 1.238480569494107840e+03 0.000000000000000000e+00
1.247524752475247765e-03 0.000000000000000000e+00 5.085331955141471099e+02 3.359352749537007187e-05 4.388669527381042030e+02 1.441712829288397916e+04 1.243457889232700154e+03 0.000000000000000000e+00
1.316831683168316917e-03 0.000000000000000000e+00 5.024475557393398049e+02 3.785279167097502809e-05 4.393429932424485287e+02 1.407898345540041191e+04 1.245372688513184812e+03 0.000000000000000000e+00
1.386138613861386286e-03 0.000000000000000000e+00 4.998257547399207965e+02 4.083853510358418883e-05 4.395007479950548372e+02 1.383428603327462770e+04 1.246161349292482555e+03 0.000000000000000000e+00
1.455445544554455654e-03 0.000000000000000000e+00 4.988323370021054188e+02 4.191714443876737561e-05 4.395436959182087548e+02 1.368160199315689533e+04 1.246438607785015620e+03 0.000000000000000000e+00
1.524752475247524806e-03 0.000000000000000000e+00 4.984668743441800984e+02 4.220186769970402389e-05 4.395565884072394738e+02 1.359608085335090982e+04 1.246537481002412278e+03 0.000000000000000000e+00
1.594059405940594174e-03 0.000000000000000000e+00 4.983590482674382542e+02 4.226913024926460529e-05 4.395594768530226588e+02 1.355480077986178912e+04 1.246565090270530618e+03 0.000000000000000000e+00
1.663366336633663543e-03 0.000000000000000000e+00 4.983320785972516092e+02 4.228167565568681231e-05 4.395601311581651771e+02 1.354066102969371241e+04 1.246572100770641555e+03 0.000000000000000000e+00
1.732673267326732911e-03 0.000000000000000000e+00 4.983308271983111126e+02 4.228249108489423884e-05 4.395601608295996812e+02 1.353926420047141801e+04 1.246572437376081780e+03 0.000000000000000000e+00
1.801980198019802280e-03 0.000000000000000000e+00 4.983308271983111126e+02 4.228249108489423884e-05 4.395601608295996812e+02 1.353926420047141801e+04 1.246572437376081780e+03 0.000000000000000000e+00
1.871287128712871431e-03 0.000000000000000000e+00 4.983308271983111126e+02 4.228249108489423884e-05 4.395601608295996812e+02 1.353926420047141801e+04 1.246572437376081780e+03 0.000000000000000000e+00
1.940594059405940800e-03 0.000000000000000000e+00 4.983308271983111126e+02 4.228249108489423884e-05 4.395601608295996812e+02 1.353926420047141801e+04 1.246572437376081780e+03 0.000000000000000000e+00
2.009900990099009951e-03 0.000000000000000000e+00 4.613276316354609889e+02 3.966219925822558179e-05 4.252803455260919350e+02 1.267064982867471736e+04 0.000000000000000000e+00 6.789291221105535442e+03
2.079207920792079320e-03 0.000000000000000000e+00 4.527694838800260300e+02 3.928566830266815675e-05 4.247399392147749495e+02 1.222701658025350844e+04 0.000000000000000000e+00 7.103811056198702317e+03
2.148514851485148688e-03 0.000000000000000000e+00 4.425399593140916750e+02 3.903970066147626345e-05 4.240991452432222673e+02 1.192732016630349972e+04 0.000000000000000000e+00 7.484213326336076534e+03
2.217821782178218057e-03 0.000000000000000000e+00 4.369284038628604776e+02 3.885877598632531279e-05 4.238039753675721499e+02 1.170181887324897070e+04 0.000000000000000000e+00 7.730028521270806777e+03
2.287128712871287425e-03 0.000000000000000000e+00 4.346273135495478641e+02 3.872538469342275299e-05 4.237181080050010564e+02 1.152836057866586270e+04 0.000000000000000000e+00 7.856704395570272936e+03
2.356435643564356794e-03 0.000000000000000000e+00 4.336586273952217425e+02 3.863419172083704453e-05 4.236917385177820279e+02 1.139795520400769419e+04 0.000000000000000000e+00 7.922382760907706142e+03
2.425742574257426162e-03 0.000000000000000000e+00 4.332859573663898232e+02 3.859188692311871238e-05 4.236840774812573045e+02 1.131016514736906720e+04 0.000000000000000000e+00 7.953010125207646524e+03
2.495049504950495531e-03 0.000000000000000000e+00 4.331491365499766744e+02 3.858045460352102599e-05 4.236819050308371857e+02 1.125905713779421603e+04 0.000000000000000000e+00 7.966371028124911390e+03
2.564356435643564466e-03 0.000000000000000000e+00 4.331057966434277660e+02 3.857767101281079969e-05 4.236813561636132590e+02 1.123247657145644189e+04 0.000000000000000000e+00 7.971374931574746370e+03
2.633663366336633834e-03 0.000000000000000000e+00 4.330938116273916307e+02 3.857709004402318860e-05 4.236812334059191585e+02 1.122143516187321802e+04 0.000000000000000000e+00 7.972994416299049590e+03
2.702970297029703203e-03 0.000000000000000000e+00 4.330921289391579876e+02 3.857701977646508617e-05 4.236812174141650189e+02 1.121910608515985405e+04 0.000000000000000000e+00 7.973247679566053193e+03
2.772277227722772571e-03 0.000000000000000000e+00 4.330921289391579876e+02 3.857701977646508617e-05 4.236812174141650189e+02 1.121910608515985405e+04 0.000000000000000000e+00 7.973247679566053193e+03
2.841584158415841940e-03 0.000000000000000000e+00 4.330921289391579876e+02 3.857701977646508617e-05 4.236812174141650189e+02 1.121910608515985405e+04 0.000000000000000000e+00 7.973247679566053193e+03
2.910891089108911308e-03 0.000000000000000000e+00 4.330921289391579876e+02 3.857701977646508617e-05 4.236812174141650189e+02 1.121910608515985405e+04 0.000000000000000000e+00 7.973247679566053193e+03
2.980198019801980677e-03 0.000000000000000000e+00 4.330921289391579876e+02 3.857701977646508617e-05 4.236812174141650189e+02 1.121910608515985405e+04 0.000000000000000000e+00 7.973247679566053193e+03
3.049504950495049611e-03 0.000000000000000000e+00 6.449707273548931425e+02 3.444584856344965661e-05 4.902571482096381033e+02 1.435228948376456719e+04 0.000000000000000000e+00 0.000000000000000000e+00
3.118811881188118980e-03 0.000000000000000000e+00 7.010312866863037016e+02 2.515182639284932367e-05 4.841644011624710515e+02 1.555158311110998511e+04 0.000000000000000000e+00 0.000000000000000000e+00
3.188118811881188348e-03 0.000000000000000000e+00 7.497330634194117920e+02 1.961599104243883613e-05 4.799167942708953092e+02 1.647666128200963794e+04 0.000000000000000000e+00 0.000000000000000000e+00
3.257425742574257717e-03 0.000000000000000000e+00 7.762773477952399617e+02 1.613069989370774423e-05 4.785852277631759648e+02 1.722064039944815886e+04 0.000000000000000000e+00 0.000000000000000000e+00
3.326732673267327085e-03 0.000000000000000000e+00 7.899119205789904754e+02 1.398620046718850816e-05 4.782347191212707003e+02 1.781465158206881824e+04 0.000000000000000000e+00 0.000000000000000000e+00
3.396039603960396454e-03 0.000000000000000000e+00 7.967858087614155238e+02 1.288500816450081146e-05 4.781276350063549216e+02 1.825802970016915060e+04 0.000000000000000000e+00 0.000000000000000000e+00
3.465346534653465822e-03 0.000000000000000000e+00 7.998066030875874048e+02 1.257141892527706910e-05 4.781004856321917487e+02 1.853912876189358212e+04 0.000000000000000000e+00 0.000000000000000000e+00
3.534653465346535191e-03 0.000000000000000000e+00 8.010666050143116763e+02 1.249990534859835835e-05 4.780929739604051179e+02 1.869910970620809530e+04 0.000000000000000000e+00 0.000000000000000000e+00
3.603960396039604559e-03 0.000000000000000000e+00 8.014887168437040827e+02 1.248527024759507780e-05 4.780914366323477793e+02 1.877644357849175867e+04 0.000000000000000000e+00 0.000000000000000000e+00
3.673267326732673494e-03 0.000000000000000000e+00 8.016013543326135959e+02 1.248304862443897901e-05 4.780911277801658343e+02 1.880156609170376760e+04 0.000000000000000000e+00 0.000000000000000000e+00
3.742574257425742863e-03 0.000000000000000000e+00 8.016043284949679446e+02 1.248296649727187013e-05 4.780911210887037441e+02 1.880316701966536493e+04 0.000000000000000000e+00 0.000000000000000000e+00
3.811881188118812231e-03 0.000000000000000000e+00 8.016043284949679446e+02 1.248296649727187013e-05 4.780911210887037441e+02 1.880316701966536493e+04 0.000000000000000000e+00 0.000000000000000000e+00
3.881188118811881600e-03 0.000000000000000000e+00 8.016043284949679446e+02 1.248296649727187013e-05 4.780911210887037441e+02 1.880316701966536493e+04 0.000000000000000000e+00 0.000000000000000000e+00
3.950495049504950534e-03 0.000000000000000000e+00 8.016043284949679446e+02 1.248296649727187013e-05 4.780911210887037441e+02 1.880316701966536493e+04 0.000000000000000000e+00 0.000000000000000000e+00
4.019801980198019903e-03 0.000000000000000000e+00 5.967330861700841069e+02 1.281012836349491039e-05 4.256207936146449811e+02 1.660568716835300802e+04 1.211543335118135928e+03 0.000000000000000000e+00
4.089108910891089271e-03 0.000000000000000000e+00 5.647254484064008011e+02 2.064398097784915558e-05 4.306743533696659938e+02 1.565503935077952337e+04 1.223165045401579391e+03 0.000000000000000000e+00
4.158415841584158640e-03 0.000000000000000000e+00 5.295649112002538459e+02 2.686279044339208040e-05 4.362213464608261688e+02 1.501344924159767834e+04 1.236044789166827286e+03 0.000000000000000000e+00
4.227722772277228008e-03 0.000000000000000000e+00 5.114551012571828892e+02 3.220865535528714881e-05 4.385759837828844070e+02 1.453260313981932268e+04 1.242485372960035420e+03 0.000000000000000000e+00
4.297029702970297377e-03 0.000000000000000000e+00 5.037213124084393030e+02 3.674070891985459301e-05 4.392543538863342860e+02 1.416594989527511643e+04 1.244979114122142164e+03 0.000000000000000000e+00
4.366336633663366745e-03 0.000000000000000000e+00 5.003445351147344695e+02 4.018085135121832142e-05 4.394734842421628969e+02 1.389463469963122770e+04 1.246009721990781600e+03 0.000000000000000000e+00
4.435643564356436114e-03 0.000000000000000000e+00 4.990282951652639554e+02 4.173590864956946533e-05 4.395360008313813864e+02 1.371711903782342779e+04 1.246384717034125288e+03 0.000000000000000000e+00
4.504950495049505482e-03 0.000000000000000000e+00 4.616040086725379865e+02 3.957075005803728187e-05 4.252823636152275526e+02 1.277095900672917014e+04 0.000000000000000000e+00 6.789059253518502373e+03
4.574257425742574851e-03 0.000000000000000000e+00 4.535212009059157481e+02 3.928549437473298538e-05 4.247841645927272793e+02 1.227426510938036881e+04 0.000000000000000000e+00 7.078697941742834701e+03
4.643564356435644219e-03 0.000000000000000000e+00 4.431521178035526418e+02 3.905291270972652761e-05 4.241352123000946790e+02 1.194899944146531925e+04 0.000000000000000000e+00 7.460178923338035929e+03
4.712871287128713588e-03 0.000000000000000000e+00 4.371904930838981613e+02 3.886991079813843726e-05 4.238156931208877722e+02 1.171594997858830175e+04 0.000000000000000000e+00 7.717140513203105911e+03
4.782178217821782956e-03 0.000000000000000000e+00 4.347327134831149351e+02 3.873348989952996323e-05 4.237212820472720409e+02 1.153925993439246668e+04 0.000000000000000000e+00 7.850149888220326829e+03
4.851485148514852325e-03 0.000000000000000000e+00 4.337027746363589245e+02 3.863922086186041724e-05 4.236927850174756713e+02 1.140589052382673253e+04 0.000000000000000000e+00 7.919069846589508415e+03
4.920792079207921693e-03 0.000000000000000000e+00 4.333018576780529543e+02 3.859348539295459792e-05 4.236843515218077982e+02 1.131511832866503573e+04 0.000000000000000000e+00 7.951563529291768646e+03
4.990099009900991062e-03 0.000000000000000000e+00 4.331547458266038575e+02 3.858086309464696753e-05 4.236819844332477487e+02 1.126179104013579308e+04 0.000000000000000000e+00 7.965773817528201107e+03
5.059405940594059563e-03 0.000000000000000000e+00 6.518511260525609714e+02 3.277959728646408178e-05 4.895294232016603928e+02 1.457006239597532658e+04 0.000000000000000000e+00 0.000000000000000000e+00
5.128712871287128931e-03 0.000000000000000000e+00 7.094432146638317818e+02 2.419540966966378739e-05 4.833062087937631759e+02 1.570113090615780311e+04 0.000000000000000000e+00 0.000000000000000000e+00
5.198019801980198300e-03 0.000000000000000000e+00 7.546708046274633261e+02 1.901672321273161317e-05 4.796077661466812287e+02 1.659302574411942987e+04 0.000000000000000000e+00 0.000000000000000000e+00
5.267326732673267668e-03 0.000000000000000000e+00 7.787731752530216909e+02 1.575198090883940617e-05 4.785066513607289949e+02 1.731437787745097376e+04 0.000000000000000000e+00 0.000000000000000000e+00
5.336633663366337037e-03 0.000000000000000000e+00 7.912355934864965548e+02 1.376561862471528775e-05 4.782098513645503886e+02 1.788767671472436996e+04 0.000000000000000000e+00 0.000000000000000000e+00
5.405940594059406405e-03 0.000000000000000000e+00 7.973816719074407047e+02 1.280962934231174461e-05 4.781213255881659734e+02 1.830714238153337647e+04 0.000000000000000000e+00 0.000000000000000000e+00
5.475247524752475774e-03 0.000000000000000000e+00 8.000696833324188901e+02 1.255369664097859862e-05 4.780986656838613271e+02 1.856841233114766510e+04 0.000000000000000000e+00 0.000000000000000000e+00
5.544554455445545142e-03 0.000000000000000000e+00 5.858705079683376198e+02 1.607938137996262081e-05 4.272548721116886554e+02 1.612597454423805175e+04 1.215392096631306458e+03 0.000000000000000000e+00
5.613861386138614511e-03 0.000000000000000000e+00 5.507550784908751211e+02 2.298693546900564707e-05 4.329090074976239748e+02 1.538334756395758632e+04 1.228243424300181687e+03 0.000000000000000000e+00
5.683168316831683879e-03 0.000000000000000000e+00 5.213798743652296253e+02 2.886844025269230240e-05 4.373695179240907578e+02 1.482534373488831261e+04 1.239004042841293540e+03 0.000000000000000000e+00
5.752475247524753248e-03 0.000000000000000000e+00 4.700104512379732000e+02 3.185503244501797807e-05 4.246902819600453540e+02 1.350813292161636855e+04 0.000000000000000000e+00 6.897835471919817792e+03
5.821782178217822616e-03 0.000000000000000000e+00 4.572522595364857239e+02 3.542575134079625396e-05 4.246212185938794619e+02 1.274450938847519865e+04 0.000000000000000000e+00 7.111663213105891373e+03
5.891089108910891985e-03 0.000000000000000000e+00 4.446630363584009160e+02 3.783880076642695518e-05 4.241042994081491884e+02 1.221071863023350852e+04 0.000000000000000000e+00 7.465793676084483195e+03
5.960396039603961353e-03 0.000000000000000000e+00 4.377026474033579007e+02 3.857080360928486813e-05 4.238083884298332578e+02 1.184338366687118469e+04 0.000000000000000000e+00 7.717320876471136216e+03
6.029702970297030722e-03 0.000000000000000000e+00 6.340729380733279186e+02 3.862903749670647659e-05 4.916996003080640776e+02 1.434224388930748864e+04 0.000000000000000000e+00 0.000000000000000000e+00
6.099009900990099223e-03 0.000000000000000000e+00 6.847501210615790797e+02 2.735602571075541087e-05 4.860378710517899208e+02 1.549613489185802064e+04 0.000000000000000000e+00 0.000000000000000000e+00
6.168316831683168591e-03 0.000000000000000000e+00 7.388841176949634928e+02 2.095933575550561982e-05 4.807184911291477647e+02 1.636265759736395194e+04 0.000000000000000000e+00 0.000000000000000000e+00
6.237623762376237960e-03 0.000000000000000000e+00 7.706163000774815828e+02 1.697070976869668530e-05 4.788023991455953023e+02 1.708410838786359818e+04 0.000000000000000000e+00 0.000000000000000000e+00
6.306930693069307328e-03 0.000000000000000000e+00 7.868856319747102361e+02 1.448564720426567737e-05 4.782990870198731272e+02 1.768139207944231748e+04 0.000000000000000000e+00 0.000000000000000000e+00
6.376237623762376697e-03 0.000000000000000000e+00 7.953616707673813835e+02 1.309155158059265313e-05 4.781450919973812006e+02 1.815322019749212632e+04 0.000000000000000000e+00 0.000000000000000000e+00
6.445544554455446065e-03 0.000000000000000000e+00 7.991692934914519810e+02 1.262087374709813586e-05 4.781053012474814636e+02 1.847336144773176056e+04 0.000000000000000000e+00 0.000000000000000000e+00
6.514851485148515434e-03 0.000000000000000000e+00 8.008287051953425362e+02 1.251067001738069081e-05 4.780941073584700121e+02 1.866335390145040947e+04 0.000000000000000000e+00 0.000000000000000000e+00
6.584158415841584802e-03 0.000000000000000000e+00 8.014091974875465212e+02 1.248728825339972027e-05 4.780916860961262387e+02 1.876092796961843487e+04 0.000000000000000000e+00 0.000000000000000000e+00
6.653465346534654171e-03 0.000000000000000000e+00 8.015890322533326753e+02 1.248326408673134681e-05 4.780911573144732074e+02 1.879809168504574700e+04 0.000000000000000000e+00 0.000000000000000000e+00
6.722772277227723539e-03 0.000000000000000000e+00 8.016043284949679446e+02 1.248296649727187013e-05 4.780911210887037441e+02 1.880316701966536493e+04 0.000000000000000000e+00 0.000000000000000000e+00
6.792079207920792908e-03 0.000000000000000000e+00 8.016043284949679446e+02 1.248296649727187013e-05 4.780911210887037441e+02 1.880316701966536493e+04 0.000000000000000000e+00 0.000000000000000000e+00
6.861386138613862276e-03 0.000000000000000000e+00 8.016043284949679446e+02 1.248296649727187013e-05 4.780911210887037441e+02 1.880316701966536493e+04 0.000000000000000000e+00 0.000000000000000000e+00
6.930693069306931645e-03 0.000000000000000000e+00 0.000000000000000000e+00 0.000000000000000000e+00 0.000000000000000000e+00 0.000000000000000000e+00 0.000000000000000000e+00 0.000000000000000000e+00
