0.000000000000000000e+00 1.000000000000000000e+00 6.000000000000000000e+00 7.000000000000000000e+00 8.000000000000000000e+00 1.400000000000000000e+01 2.600000000000000000e+01 2.900000000000000000e+01
0.000000000000000000e+00 0.000000000000000000e+00 8.015911880509730736e+02 1.248296649727186166e-05 4.780987855166957274e+02 1.880316701966536129e+04 0.000000000000000000e+00 0.000000000000000000e+00
6.930693069306931428e-05 0.000000000000000000e+00 8.015911880509729599e+02 1.248296649727187013e-05 4.780987855166957274e+02 1.880316701966536129e+04 0.000000000000000000e+00 0.000000000000000000e+00
1.386138613861386286e-04 0.000000000000000000e+00 8.015911880509729599e+02 1.248296649727187182e-05 4.780987855166957274e+02 1.880316701966536129e+04 0.000000000000000000e+00 0.000000000000000000e+00
2.079207920792079428e-04 0.000000000000000000e+00 8.015911880509729599e+02 1.248296649727187013e-05 4.780987855166957274e+02 1.880316701966536129e+04 0.000000000000000000e+00 0.000000000000000000e+00
2.772277227722772571e-04 0.000000000000000000e+00 8.015911880509730736e+02 1.248296649727186674e-05 4.780987855166957274e+02 1.880316701966536129e+04 0.000000000000000000e+00 0.000000000000000000e+00
3.465346534653465714e-04 0.000000000000000000e+00 8.015911880509730736e+02 1.248296649727186335e-05 4.780987855166957274e+02 1.880316701966536129e+04 0.000000000000000000e+00 0.000000000000000000e+00
4.158415841584158857e-04 0.000000000000000000e+00 8.015911880509730736e+02 1.248296649727186335e-05 4.780987855166957274e+02 1.880316701966536129e+04 0.000000000000000000e+00 0.000000000000000000e+00
4.851485148514851999e-04 0.000000000000000000e+00 8.015911880509730736e+02 1.248296649727186166e-05 4.780987855166957274e+02 1.880316701966536129e+04 0.000000000000000000e+00 0.000000000000000000e+00
5.544554455445545142e-04 0.000000000000000000e+00 8.015911880509730736e+02 1.248296649727186166e-05 4.780987855166957274e+02 1.880316701966536129e+04 0.000000000000000000e+00 0.000000000000000000e+00
6.237623762376238827e-04 0.000000000000000000e+00 8.015911880509730736e+02 1.248296649727186166e-05 4.780987855166957274e+02 1.880316701966536129e+04 0.000000000000000000e+00 0.000000000000000000e+00
6.930693069306931428e-04 0.000000000000000000e+00 8.015911880509730736e+02 1.248296649727186166e-05 4.780987855166957274e+02 1.880316701966536129e+04 0.000000000000000000e+00 0.000000000000000000e+00
7.623762376237624028e-04 0.000000000000000000e+00 8.015911880509730736e+02 1.248296649727186166e-05 4.780987855166957274e+02 1.880316701966536129e+04 0.000000000000000000e+00 0.000000000000000000e+00
8.316831683168317713e-04 0.000000000000000000e+00 8.015911880509730736e+02 1.248296649727186166e-05 4.780987855166957274e+02 1.880316701966536129e+04 0.000000000000000000e+00 0.000000000000000000e+00
9.009900990099011398e-04 0.000000000000000000e+00 8.015911880509730736e+02 1.248296649727186166e-05 4.780987855166957274e+02 1.880316701966536129e+04 0.000000000000000000e+00 0.000000000000000000e+00
9.702970297029703999e-04 0.000000000000000000e+00 8.015911880509730736e+02 1.248296649727186166e-05 4.780987855166957274e+02 1.880316701966536129e+04 0.000000000000000000e+00 0.000000000000000000e+00
1.039603960396039660e-03 0.000000000000000000e+00 6.013009577045554579e+02 1.547046554156948289e-05 4.225393486187196004e+02 1.628016402974970333e+04 1.207978106675252548e+03 0.000000000000000000e+00
1.108910891089109028e-03 0.000000000000000000e+00 5.415636887398135286e+02 2.251161520485098886e-05 4.346074835461357679e+02 1.544981447167088299e+04 1.231765792717545992e+03 0.000000000000000000e+00
1.178217821782178397e-03 0.000000000000000000e+00 5.163356877335409081e+02 2.847160252584482899e-05 4.381261114480966512e+02 1.486204560907934501e+04 1.240879489273141644e+03 0.000000000000000000e+00
1.247524752475247765e-03 0.000000000000000000e+00 5.056577006701405708e+02 3.359352749537008543e-05 4.391383164796939127e+02 1.441712829288398825e+04 1.244399437257393402e+03 0.000000000000000000e+00
1.316831683168316917e-03 0.000000000000000000e+00 5.011237934416998314e+02 3.785279167097506874e-05 4.394425910177066044e+02 1.407898345540041373e+04 1.245789157628975317e+03 0.000000000000000000e+00
1.386138613861386286e-03 0.000000000000000000e+00 4.992945337321527859e+02 4.083853510358426337e-05 4.395329464900040648e+02 1.383428603327463497e+04 1.246316746991459468e+03 0.000000000000000000e+00
1.455445544554455654e-03 0.000000000000000000e+00 4.986217719528439147e+02 4.191714443876747048e-05 4.395580845744713656e+02 1.368160199315689715e+04 1.246499798027123916e+03 0.000000000000000000e+00
1.524752475247524806e-03 0.000000000000000000e+00 4.983986642717509881e+02 4.220186769970412554e-05 4.395645564080429608e+02 1.359608085335090982e+04 1.246557595820990173e+03 0.000000000000000000e+00
1.594059405940594174e-03 0.000000000000000000e+00 4.983371531656854359e+02 4.226913024926470694e-05 4.395659866375570459e+02 1.355480077986179094e+04 1.246572976352290880e+03 0.000000000000000000e+00
1.663366336633663543e-03 0.000000000000000000e+00 4.983259946089114010e+02 4.228167565568691395e-05 4.395662031555152112e+02 1.354066102969371423e+04 1.246575710627393619e+03 0.000000000000000000e+00
1.732673267326732911e-03 0.000000000000000000e+00 4.983255213435009523e+02 4.228249108489434048e-05 4.395662117510145777e+02 1.353926420047141983e+04 1.246575828846528793e+03 0.000000000000000000e+00
1.801980198019802280e-03 0.000000000000000000e+00 4.983255213435009523e+02 4.228249108489434048e-05 4.395662117510145777e+02 1.353926420047141983e+04 1.246575828846528793e+03 0.000000000000000000e+00
1.871287128712871431e-03 0.000000000000000000e+00 4.983255213435009523e+02 4.228249108489434048e-05 4.395662117510145777e+02 1.353926420047141983e+04 1.246575828846528793e+03 0.000000000000000000e+00
1.940594059405940800e-03 0.000000000000000000e+00 4.983255213435009523e+02 4.228249108489434048e-05 4.395662117510145777e+02 1.353926420047141983e+04 1.246575828846528793e+03 0.000000000000000000e+00
2.009900990099009951e-03 0.000000000000000000e+00 4.696536532830295414e+02 3.966219925822558179e-05 4.261366779450547710e+02 1.267064982867471736e+04 0.000000000000000000e+00 6.553278596708735677e+03
2.079207920792079320e-03 0.000000000000000000e+00 4.505310540916614741e+02 3.928566830266815675e-05 4.246175213366757930e+02 1.222701658025350844e+04 0.000000000000000000e+00 7.176366823659090187e+03
2.148514851485148688e-03 0.000000000000000000e+00 4.399708566462444423e+02 3.903970066147626345e-05 4.239436733626662885e+02 1.192732016630349972e+04 0.000000000000000000e+00 7.580562157419105461e+03
2.217821782178218057e-03 0.000000000000000000e+00 4.358287481625428654e+02 3.885877598632531279e-05 4.237616257270237838e+02 1.170181887324897070e+04 0.000000000000000000e+00 7.782483902726913584e+03
2.287128712871287425e-03 0.000000000000000000e+00 4.341355502460144180e+02 3.872538469342275299e-05 4.237086731428170765e+02 1.152836057866586270e+04 0.000000000000000000e+00 7.885848736599736185e+03
2.356435643564356794e-03 0.000000000000000000e+00 4.334577001540730521e+02 3.863419172083704453e-05 4.236930794907139557e+02 1.139795520400769419e+04 0.000000000000000000e+00 7.936800802273060981e+03
2.425742574257426162e-03 0.000000000000000000e+00 4.332055992626220586e+02 3.859188692311871238e-05 4.236886809864093948e+02 1.131016514736906720e+04 0.000000000000000000e+00 7.959683440996750505e+03
2.495049504950495531e-03 0.000000000000000000e+00 4.331203381946334048e+02 3.858045460352102599e-05 4.236875288492729510e+02 1.125905713779421603e+04 0.000000000000000000e+00 7.968914126057808971e+03
2.564356435643564466e-03 0.000000000000000000e+00 4.330950331821092050e+02 3.857767101281079969e-05 4.236872575495717115e+02 1.123247657145644189e+04 0.000000000000000000e+00 7.972159174519857515e+03
2.633663366336633834e-03 0.000000000000000000e+00 4.330893726044841969e+02 3.857709004402318860e-05 4.236872080280797945e+02 1.122143516187321802e+04 0.000000000000000000e+00 7.973010906618308582e+03
2.702970297029703203e-03 0.000000000000000000e+00 4.330887604019798118e+02 3.857701977646508617e-05 4.236872034159832765e+02 1.121910608515985405e+04 0.000000000000000000e+00 7.973116475432098923e+03
2.772277227722772571e-03 0.000000000000000000e+00 4.330887604019798118e+02 3.857701977646508617e-05 4.236872034159832765e+02 1.121910608515985405e+04 0.000000000000000000e+00 7.973116475432098923e+03
2.841584158415841940e-03 0.000000000000000000e+00 4.330887604019798118e+02 3.857701977646508617e-05 4.236872034159832765e+02 1.121910608515985405e+04 0.000000000000000000e+00 7.973116475432098923e+03
2.910891089108911308e-03 0.000000000000000000e+00 4.330887604019798118e+02 3.857701977646508617e-05 4.236872034159832765e+02 1.121910608515985405e+04 0.000000000000000000e+00 7.973116475432098923e+03
2.980198019801980677e-03 0.000000000000000000e+00 4.330887604019798118e+02 3.857701977646508617e-05 4.236872034159832765e+02 1.121910608515985405e+04 0.000000000000000000e+00 7.973116475432098923e+03
3.049504950495049611e-03 0.000000000000000000e+00 6.344336612426795909e+02 3.444584856344963628e-05 4.931600267891730027e+02 1.435228948376455992e+04 0.000000000000000000e+00 0.000000000000000000e+00
3.118811881188118980e-03 0.000000000000000000e+00 7.187091363209647170e+02 2.515182639284931011e-05 4.819859342605249140e+02 1.555158311110998147e+04 0.000000000000000000e+00 0.000000000000000000e+00
3.188118811881188348e-03 0.000000000000000000e+00 7.605448323011141838e+02 1.961599104243882597e-05 4.791523966853467869e+02 1.647666128200963067e+04 0.000000000000000000e+00 0.000000000000000000e+00
3.257425742574257717e-03 0.000000000000000000e+00 7.821014064295075059e+02 1.613069989370773745e-05 4.783897622179810583e+02 1.722064039944815522e+04 0.000000000000000000e+00 0.000000000000000000e+00
3.326732673267327085e-03 0.000000000000000000e+00 7.930742566790614774e+02 1.398620046718849799e-05 4.781766549901760754e+02 1.781465158206881097e+04 0.000000000000000000e+00 0.000000000000000000e+00
3.396039603960396454e-03 0.000000000000000000e+00 7.982618068989679614e+02 1.288500816450080130e-05 4.781181928391480938e+02 1.825802970016914333e+04 0.000000000000000000e+00 0.000000000000000000e+00
3.465346534653465822e-03 0.000000000000000000e+00 8.004559694758954720e+02 1.257141892527705894e-05 4.781031534971345422e+02 1.853912876189357485e+04 0.000000000000000000e+00 0.000000000000000000e+00
3.534653465346535191e-03 0.000000000000000000e+00 8.012862392480893732e+02 1.249990534859834988e-05 4.780995882727391404e+02 1.869910970620808803e+04 0.000000000000000000e+00 0.000000000000000000e+00
3.603960396039604559e-03 0.000000000000000000e+00 8.015411607390299196e+02 1.248527024759506932e-05 4.780988792477743345e+02 1.877644357849175503e+04 0.000000000000000000e+00 0.000000000000000000e+00
3.673267326732673494e-03 0.000000000000000000e+00 8.015899588900152821e+02 1.248304862443897054e-05 4.780987873575530784e+02 1.880156609170376032e+04 0.000000000000000000e+00 0.000000000000000000e+00
3.742574257425742863e-03 0.000000000000000000e+00 8.015911880509730736e+02 1.248296649727186166e-05 4.780987855166957274e+02 1.880316701966536129e+04 0.000000000000000000e+00 0.000000000000000000e+00
3.811881188118812231e-03 0.000000000000000000e+00 8.015911880509730736e+02 1.248296649727186166e-05 4.780987855166957274e+02 1.880316701966536129e+04 0.000000000000000000e+00 0.000000000000000000e+00
3.881188118811881600e-03 0.000000000000000000e+00 8.015911880509730736e+02 1.248296649727186166e-05 4.780987855166957274e+02 1.880316701966536129e+04 0.000000000000000000e+00 0.000000000000000000e+00
3.950495049504950534e-03 0.000000000000000000e+00 8.015911880509730736e+02 1.248296649727186166e-05 4.780987855166957274e+02 1.880316701966536129e+04 0.000000000000000000e+00 0.000000000000000000e+00
4.019801980198019903e-03 0.000000000000000000e+00 6.192010633494688818e+02 1.281012836349491886e-05 4.187899840396033824e+02 1.660568716835301893e+04 1.200798628647429950e+03 0.000000000000000000e+00
4.089108910891089271e-03 0.000000000000000000e+00 5.541378242783675887e+02 2.064398097784916235e-05 4.323680252216491908e+02 1.565503935077952701e+04 1.226909966537450828e+03 0.000000000000000000e+00
4.158415841584158640e-03 0.000000000000000000e+00 5.214794761272902406e+02 2.686279044339209056e-05 4.375189865915963310e+02 1.501344924159768198e+04 1.239093032503640416e+03 0.000000000000000000e+00
4.227722772277228008e-03 0.000000000000000000e+00 5.078556699966302403e+02 3.220865535528716236e-05 4.389591555817523272e+02 1.453260313981933177e+04 1.243697531025620037e+03 0.000000000000000000e+00
4.297029702970297377e-03 0.000000000000000000e+00 5.020444486790081555e+02 3.674070891985460656e-05 4.393885802918363765e+02 1.416594989527512189e+04 1.245514111316039362e+03 0.000000000000000000e+00
4.366336633663366745e-03 0.000000000000000000e+00 4.996528340314637262e+02 4.018085135121839596e-05 4.395172795381664628e+02 1.389463469963123680e+04 1.246215880698487581e+03 0.000000000000000000e+00
4.435643564356436114e-03 0.000000000000000000e+00 4.987485728503039013e+02 4.173590864956954664e-05 4.395538486674382739e+02 1.371711903782343143e+04 1.246466028180338981e+03 0.000000000000000000e+00
4.504950495049505482e-03 0.000000000000000000e+00 4.707031603247860403e+02 3.957075005803728187e-05 4.262196218643969132e+02 1.277095900672917014e+04 0.000000000000000000e+00 6.527693305765881632e+03
4.574257425742574851e-03 0.000000000000000000e+00 4.517876554874010822e+02 3.928549437473298538e-05 4.247102768645401056e+02 1.227426510938036881e+04 0.000000000000000000e+00 7.134476326777486975e+03
4.643564356435644219e-03 0.000000000000000000e+00 4.404369253619012170e+02 3.905291270972652761e-05 4.239675406424223070e+02 1.194899944146531925e+04 0.000000000000000000e+00 7.560289966873337107e+03
4.712871287128713588e-03 0.000000000000000000e+00 4.360172981661915514e+02 3.886991079813843726e-05 4.237684335703063425e+02 1.171594997858830175e+04 0.000000000000000000e+00 7.772096361187172079e+03
4.782178217821782956e-03 0.000000000000000000e+00 4.342124236218824649e+02 3.873348989952996323e-05 4.237106823155363031e+02 1.153925993439246668e+04 0.000000000000000000e+00 7.880584899882413083e+03
4.851485148514852325e-03 0.000000000000000000e+00 4.334873585765786288e+02 3.863922086186041724e-05 4.236936588908156978e+02 1.140589052382673253e+04 0.000000000000000000e+00 7.934323241826221420e+03
4.920792079207921693e-03 0.000000000000000000e+00 4.332161884452937102e+02 3.859348539295459792e-05 4.236888404003239543e+02 1.131511832866503573e+04 0.000000000000000000e+00 7.958623601280109142e+03
4.990099009900991062e-03 0.000000000000000000e+00 4.331236622965665788e+02 3.858086309464696753e-05 4.236875677921601095e+02 1.126179104013579308e+04 0.000000000000000000e+00 7.968517950462933186e+03
5.059405940594059563e-03 0.000000000000000000e+00 6.495364568522678610e+02 3.277959728646405468e-05 4.907518936160414000e+02 1.457006239597531930e+04 0.000000000000000000e+00 0.000000000000000000e+00
5.128712871287128931e-03 0.000000000000000000e+00 7.265292525347319952e+02 2.419540966966378062e-05 4.813177591325563753e+02 1.570113090615779765e+04 0.000000000000000000e+00 0.000000000000000000e+00
5.198019801980198300e-03 0.000000000000000000e+00 7.645380701260310161e+02 1.901672321273160639e-05 4.789763921425152944e+02 1.659302574411941896e+04 0.000000000000000000e+00 0.000000000000000000e+00
5.267326732673267668e-03 0.000000000000000000e+00 7.841673225980923689e+02 1.575198090883938922e-05 4.783406539748763180e+02 1.731437787745096284e+04 0.000000000000000000e+00 0.000000000000000000e+00
5.336633663366337037e-03 0.000000000000000000e+00 7.940891905947771647e+02 1.376561862471527589e-05 4.781629729718589488e+02 1.788767671472436632e+04 0.000000000000000000e+00 0.000000000000000000e+00
5.405940594059406405e-03 0.000000000000000000e+00 7.987075343352848904e+02 1.280962934231173445e-05 4.781145941237822967e+02 1.830714238153336919e+04 0.000000000000000000e+00 0.000000000000000000e+00
5.475247524752475774e-03 0.000000000000000000e+00 8.006321221964534516e+02 1.255369664097859015e-05 4.781022746291404815e+02 1.856841233114766146e+04 0.000000000000000000e+00 0.000000000000000000e+00
5.544554455445545142e-03 0.000000000000000000e+00 5.960633743032742586e+02 1.607938137996263098e-05 4.236295015662570336e+02 1.612597454423806448e+04 1.210035678651640183e+03 0.000000000000000000e+00
5.613861386138614511e-03 0.000000000000000000e+00 5.388932599490765369e+02 2.298693546900565723e-05 4.350425594001657714e+02 1.538334756395759359e+04 1.232767254148177244e+03 0.000000000000000000e+00
5.683168316831683879e-03 0.000000000000000000e+00 5.152332106970942505e+02 2.886844025269230579e-05 4.382473350671126013e+02 1.482534373488831807e+04 1.241256236875470677e+03 0.000000000000000000e+00
5.752475247524753248e-03 0.000000000000000000e+00 4.769374395912437876e+02 3.185503244501797807e-05 4.258621281284121665e+02 1.350813292161636855e+04 0.000000000000000000e+00 6.602128898245127857e+03
5.821782178217822616e-03 0.000000000000000000e+00 4.547443206899169468e+02 3.542575134079625396e-05 4.246560166295926138e+02 1.274450938847519865e+04 0.000000000000000000e+00 7.143763564454789957e+03
5.891089108910891985e-03 0.000000000000000000e+00 4.414239779020021501e+02 3.783880076642695518e-05 4.239526084574720244e+02 1.221071863023350852e+04 0.000000000000000000e+00 7.562347876512543735e+03
5.960396039603961353e-03 0.000000000000000000e+00 4.363276542154712843e+02 3.857080360928486813e-05 4.237654355556484234e+02 1.184338366687118469e+04 0.000000000000000000e+00 7.771091634068593521e+03
6.029702970297030722e-03 0.000000000000000000e+00 6.078082388704947334e+02 3.862903749670643593e-05 4.976927632527288097e+02 1.434224388930748501e+04 0.000000000000000000e+00 0.000000000000000000e+00
6.099009900990099223e-03 0.000000000000000000e+00 7.010132415883998647e+02 2.735602571075538715e-05 4.838525915831866087e+02 1.549613489185801336e+04 0.000000000000000000e+00 0.000000000000000000e+00
6.168316831683168591e-03 0.000000000000000000e+00 7.515406197374051089e+02 2.095933575550561304e-05 4.796301869758466978e+02 1.636265759736394648e+04 0.000000000000000000e+00 0.000000000000000000e+00
6.237623762376237960e-03 0.000000000000000000e+00 7.773975905344261719e+02 1.697070976869667852e-05 4.785211409489681387e+02 1.708410838786359091e+04 0.000000000000000000e+00 0.000000000000000000e+00
6.306930693069307328e-03 0.000000000000000000e+00 7.907051556221679220e+02 1.448564720426566551e-05 4.782132960904216930e+02 1.768139207944231384e+04 0.000000000000000000e+00 0.000000000000000000e+00
6.376237623762376697e-03 0.000000000000000000e+00 7.971869375269874354e+02 1.309155158059264296e-05 4.781279710028452428e+02 1.815322019749211904e+04 0.000000000000000000e+00 0.000000000000000000e+00
6.445544554455446065e-03 0.000000000000000000e+00 8.000160295821433465e+02 1.262087374709812739e-05 4.781056063672033929e+02 1.847336144773175693e+04 0.000000000000000000e+00 0.000000000000000000e+00
6.514851485148515434e-03 0.000000000000000000e+00 8.011306019392699227e+02 1.251067001738068234e-05 4.781001355962397383e+02 1.866335390145040583e+04 0.000000000000000000e+00 0.000000000000000000e+00
6.584158415841584802e-03 0.000000000000000000e+00 8.014994220883079379e+02 1.248728825339971180e-05 4.780989754450585565e+02 1.876092796961843123e+04 0.000000000000000000e+00 0.000000000000000000e+00
6.653465346534654171e-03 0.000000000000000000e+00 8.015848533513736811e+02 1.248326408673133834e-05 4.780987955283612223e+02 1.879809168504574336e+04 0.000000000000000000e+00 0.000000000000000000e+00
6.722772277227723539e-03 0.000000000000000000e+00 8.015911880509730736e+02 1.248296649727186166e-05 4.780987855166957274e+02 1.880316701966536129e+04 0.000000000000000000e+00 0.000000000000000000e+00
6.792079207920792908e-03 0.000000000000000000e+00 8.015911880509730736e+02 1.248296649727186166e-05 4.780987855166957274e+02 1.880316701966536129e+04 0.000000000000000000e+00 0.000000000000000000e+00
6.861386138613862276e-03 0.000000000000000000e+00 8.015911880509730736e+02 1.248296649727186166e-05 4.780987855166957274e+02 1.880316701966536129e+04 0.000000000000000000e+00 0.000000000000000000e+00
6.930693069306931645e-03 0.000000000000000000e+00 0.000000000000000000e+00 0.000000000000000000e+00 0.000000000000000000e+00 0.000000000000000000e+00 0.000000000000000000e+00 0.000000000000000000e+00
