0.000000000000000000e+00 1.000000000000000000e+00 6.000000000000000000e+00 7.000000000000000000e+00 8.000000000000000000e+00 1.400000000000000000e+01 2.600000000000000000e+01 2.900000000000000000e+01
0.000000000000000000e+00 0.000000000000000000e+00 8.015911880509730736e+02 1.248296649727186166e-05 4.780987855166957274e+02 1.880316701966536129e+04 0.000000000000000000e+00 0.000000000000000000e+00
1.372549019607843107e-04 0.000000000000000000e+00 8.015911880509730736e+02 1.248296649727186166e-05 4.780987855166957274e+02 1.880316701966536129e+04 0.000000000000000000e+00 0.000000000000000000e+00
2.745098039215686215e-04 0.000000000000000000e+00 8.015911880509730736e+02 1.248306194811395176e-05 4.780987855166957274e+02 1.880201166096358429e+04 0.000000000000000000e+00 0.000000000000000000e+00
4.117647058823529051e-04 0.000000000000000000e+00 8.015330904594484309e+02 1.249717117263458141e-05 4.780989706201022500e+02 1.874270470406945606e+04 0.000000000000000000e+00 0.000000000000000000e+00
5.490196078431372429e-04 0.000000000000000000e+00 8.005425078972954225e+02 1.276330456305453112e-05 4.781055665349322794e+02 1.849661346089312065e+04 0.000000000000000000e+00 0.000000000000000000e+00
6.862745098039215808e-04 0.000000000000000000e+00 7.941675013666286986e+02 1.526850982207415166e-05 4.782117071269814801e+02 1.790479032547767565e+04 0.000000000000000000e+00 0.000000000000000000e+00
8.235294117647058102e-04 0.000000000000000000e+00 7.667199046298873100e+02 2.260558381169332936e-05 4.795769929807018457e+02 1.693440446831318695e+04 0.000000000000000000e+00 0.000000000000000000e+00
9.607843137254901481e-04 0.000000000000000000e+00 6.618544045700981542e+02 4.133086265782184355e-05 4.978923759077940758e+02 1.541197780960060845e+04 0.000000000000000000e+00 0.000000000000000000e+00
1.098039215686274486e-03 0.000000000000000000e+00 4.983255213435009523e+02 4.228249108489434048e-05 4.395662117510145777e+02 1.353926420047141983e+04 1.246575828846528793e+03 0.000000000000000000e+00
1.235294117647058824e-03 0.000000000000000000e+00 4.983255213435009523e+02 4.228249108489434048e-05 4.395662117510145777e+02 1.353926420047141983e+04 1.246575828846528793e+03 0.000000000000000000e+00
1.372549019607843162e-03 0.000000000000000000e+00 4.983240641600978620e+02 4.228201319865846735e-05 4.395662047981690534e+02 1.352699106833748010e+04 1.246576248470463497e+03 0.000000000000000000e+00
1.509803921568627499e-03 0.000000000000000000e+00 4.982674474669782967e+02 4.227276301901573212e-05 4.395657961306462198e+02 1.345476768632244421e+04 1.246596318446395344e+03 0.000000000000000000e+00
1.647058823529411620e-03 0.000000000000000000e+00 4.977432234983747321e+02 4.217637790926387717e-05 4.395591820737031981e+02 1.325415620054223109e+04 1.246835284012503735e+03 0.000000000000000000e+00
1.784313725490195958e-03 0.000000000000000000e+00 4.946054577336042826e+02 4.190543098238202482e-05 4.394819302917890695e+02 1.289017497218935205e+04 1.248740367446554728e+03 0.000000000000000000e+00
1.921568627450980296e-03 0.000000000000000000e+00 4.782762294870494202e+02 4.143045473207612593e-05 4.385701954791707067e+02 1.231743271183496290e+04 1.262606284290411622e+03 0.000000000000000000e+00
2.058823529411764851e-03 0.000000000000000000e+00 4.330887604019798118e+02 3.857701977646508617e-05 4.236872034159832765e+02 1.121910608515985405e+04 0.000000000000000000e+00 7.973116475432098923e+03
2.196078431372548972e-03 0.000000000000000000e+00 4.330887604019798118e+02 3.857701977646508617e-05 4.236872034159832765e+02 1.121910608515985405e+04 0.000000000000000000e+00 7.973116475432098923e+03
2.333333333333333093e-03 0.000000000000000000e+00 4.330890356096128926e+02 3.857118382372705368e-05 4.236871983330922262e+02 1.123054813102499793e+04 0.000000000000000000e+00 7.973114955109663242e+03
2.470588235294117647e-03 0.000000000000000000e+00 4.331418841260501722e+02 3.841284804157529478e-05 4.236860660370343794e+02 1.134801039015930110e+04 0.000000000000000000e+00 7.972900387342286194e+03
2.607843137254901768e-03 0.000000000000000000e+00 4.338654697385981649e+02 3.646819997483922266e-05 4.236638945843592410e+02 1.173925572874268073e+04 0.000000000000000000e+00 7.970946605007956350e+03
2.745098039215686323e-03 0.000000000000000000e+00 4.395871795015485759e+02 2.958964025753802455e-05 4.233840952370537138e+02 1.258784947132656634e+04 0.000000000000000000e+00 7.961359988368376435e+03
2.882352941176470444e-03 0.000000000000000000e+00 4.759140014967950378e+02 1.994969725409931818e-05 4.201727011840666819e+02 1.404910418967400437e+04 0.000000000000000000e+00 7.927844490015856536e+03
3.019607843137254999e-03 0.000000000000000000e+00 8.015911880509730736e+02 1.248296649727186166e-05 4.780987855166957274e+02 1.880316701966536129e+04 0.000000000000000000e+00 0.000000000000000000e+00
3.156862745098039120e-03 0.000000000000000000e+00 8.015911880509730736e+02 1.248296649727186166e-05 4.780987855166957274e+02 1.880316701966536129e+04 0.000000000000000000e+00 0.000000000000000000e+00
3.294117647058823241e-03 0.000000000000000000e+00 8.015911880509730736e+02 1.248327708701446476e-05 4.780987855166957274e+02 1.879984174689450083e+04 0.000000000000000000e+00 0.000000000000000000e+00
3.431372549019607796e-03 0.000000000000000000e+00 8.014916481739214760e+02 1.250564476324975870e-05 4.780991340093378312e+02 1.872234672672022498e+04 0.000000000000000000e+00 0.000000000000000000e+00
3.568627450980391917e-03 0.000000000000000000e+00 8.001542193404141017e+02 1.289573393880387420e-05 4.781092278825298649e+02 1.843663412298779440e+04 0.000000000000000000e+00 0.000000000000000000e+00
3.705882352941176471e-03 0.000000000000000000e+00 7.921368997858575085e+02 1.595616046515403025e-05 4.782635681720515777e+02 1.779036771031915123e+04 0.000000000000000000e+00 0.000000000000000000e+00
3.843137254901960592e-03 0.000000000000000000e+00 7.588858083236223138e+02 2.428401297096962166e-05 4.802382405170990296e+02 1.675272529891122758e+04 0.000000000000000000e+00 0.000000000000000000e+00
3.980392156862745147e-03 0.000000000000000000e+00 6.416351005476138880e+02 4.506733890535726965e-05 5.023733599073419214e+02 1.511883011678818184e+04 0.000000000000000000e+00 0.000000000000000000e+00
4.117647058823529702e-03 0.000000000000000000e+00 4.979537074103712939e+02 4.221311169397434527e-05 4.395622370545276567e+02 1.331133726032138475e+04 1.246733015047291929e+03 0.000000000000000000e+00
4.254901960784313389e-03 0.000000000000000000e+00 4.957624805314817991e+02 4.197759525825607222e-05 4.395161131805538730e+02 1.298225936643049863e+04 1.247978771531491020e+03 0.000000000000000000e+00
4.392156862745097944e-03 0.000000000000000000e+00 4.844529107232019101e+02 4.152494817796834845e-05 4.389943564944168202e+02 1.250883250414870963e+04 1.256874808138430353e+03 0.000000000000000000e+00
4.529411764705882498e-03 0.000000000000000000e+00 4.332759682448840977e+02 3.806319865854338271e-05 4.236826394218859946e+02 1.146873182978363548e+04 0.000000000000000000e+00 7.972464427782156235e+03
4.666666666666666186e-03 0.000000000000000000e+00 4.351106898104530956e+02 3.395007186802673281e-05 4.236146922779349779e+02 1.204309334280983239e+04 0.000000000000000000e+00 7.968381975739517657e+03
4.803921568627450740e-03 0.000000000000000000e+00 4.478414923968697394e+02 2.577571409117196966e-05 4.228271808911053995e+02 1.311463516729707771e+04 0.000000000000000000e+00 7.951590267178043177e+03
4.941176470588235295e-03 0.000000000000000000e+00 5.305249631724512938e+02 1.491600154192937257e-05 4.129573363315869869e+02 1.492049808562540784e+04 0.000000000000000000e+00 7.894148734882106510e+03
5.078431372549019850e-03 0.000000000000000000e+00 7.999193882810850482e+02 1.298476902993108313e-05 4.781116459172135933e+02 1.839801719781569045e+04 0.000000000000000000e+00 0.000000000000000000e+00
5.215686274509803537e-03 0.000000000000000000e+00 7.909045160536614958e+02 1.633625987704302908e-05 4.782971180845170238e+02 1.766789400124071108e+04 0.000000000000000000e+00 0.000000000000000000e+00
5.352941176470588092e-03 0.000000000000000000e+00 7.538838548605499454e+02 2.516011011637478556e-05 4.806692203933422434e+02 1.645923117850579001e+04 0.000000000000000000e+00 0.000000000000000000e+00
5.490196078431372646e-03 0.000000000000000000e+00 6.301895796169449113e+02 4.595281765679421745e-05 5.043889138964244125e+02 1.474307505238498379e+04 0.000000000000000000e+00 0.000000000000000000e+00
5.627450980392156334e-03 0.000000000000000000e+00 4.880077055743562937e+02 3.855622662383857951e-05 4.390925771293860862e+02 1.319747035180842977e+04 1.254312135021292306e+03 0.000000000000000000e+00
5.764705882352940888e-03 0.000000000000000000e+00 4.416687564043364773e+02 2.836831750985005667e-05 4.232564455905726390e+02 1.275195728298793074e+04 0.000000000000000000e+00 7.958639639411328972e+03
5.901960784313725443e-03 0.000000000000000000e+00 4.892428016939712734e+02 1.835343339691904253e-05 4.185969769858496079e+02 1.433740649750146622e+04 0.000000000000000000e+00 7.918826580891269259e+03
6.039215686274509998e-03 0.000000000000000000e+00 8.015911880509730736e+02 1.248296649727186166e-05 4.780987855166957274e+02 1.880316701966536129e+04 0.000000000000000000e+00 0.000000000000000000e+00
6.176470588235293685e-03 0.000000000000000000e+00 8.015911880509730736e+02 1.248296649727186166e-05 4.780987855166957274e+02 1.880316701966536129e+04 0.000000000000000000e+00 0.000000000000000000e+00
6.313725490196078240e-03 0.000000000000000000e+00 8.015911880509730736e+02 1.248296649727186166e-05 4.780987855166957274e+02 1.880316701966536129e+04 0.000000000000000000e+00 0.000000000000000000e+00
6.450980392156862794e-03 0.000000000000000000e+00 8.015911880509730736e+02 1.248296649727186166e-05 4.780987855166957274e+02 1.880316701966536129e+04 0.000000000000000000e+00 0.000000000000000000e+00
6.588235294117646482e-03 0.000000000000000000e+00 8.015911880509730736e+02 1.248296649727186505e-05 4.780987855166957274e+02 1.880316701966536129e+04 0.000000000000000000e+00 0.000000000000000000e+00
6.725490196078431036e-03 0.000000000000000000e+00 8.015911880509730736e+02 1.248296649727186843e-05 4.780987855166957274e+02 1.880316701966536129e+04 0.000000000000000000e+00 0.000000000000000000e+00
6.862745098039215591e-03 0.000000000000000000e+00 0.000000000000000000e+00 0.000000000000000000e+00 0.000000000000000000e+00 0.000000000000000000e+00 0.000000000000000000e+00 0.000000000000000000e+00
