0.000000000000000000e+00 1.000000000000000000e+00 6.000000000000000000e+00 7.000000000000000000e+00 8.000000000000000000e+00 1.400000000000000000e+01 2.600000000000000000e+01 2.900000000000000000e+01
0.000000000000000000e+00 0.000000000000000000e+00 8.446651480667711667e+02 5.407322256191485772e-12 4.780361556788260486e+02 9.525502750961031779e+03 0.000000000000000000e+00 0.000000000000000000e+00
2.745098039215686215e-04 0.000000000000000000e+00 8.446651480667711667e+02 5.407322256191485772e-12 4.780361556788260486e+02 9.525502750961031779e+03 0.000000000000000000e+00 0.000000000000000000e+00
5.490196078431372429e-04 0.000000000000000000e+00 8.446651480667711667e+02 5.407322256191489003e-12 4.780361556788260486e+02 9.525502750961029960e+03 0.000000000000000000e+00 0.000000000000000000e+00
8.235294117647058102e-04 0.000000000000000000e+00 8.446651480667711667e+02 5.407322256191486580e-12 4.780361556788260486e+02 9.525502750961029960e+03 0.000000000000000000e+00 0.000000000000000000e+00
1.098039215686274486e-03 0.000000000000000000e+00 8.446651480667711667e+02 5.407322256191485772e-12 4.780361556788260486e+02 9.525502750961031779e+03 0.000000000000000000e+00 0.000000000000000000e+00
1.372549019607843162e-03 0.000000000000000000e+00 8.446651480667711667e+02 5.407322256191485772e-12 4.780361556788260486e+02 9.525502750961031779e+03 0.000000000000000000e+00 0.000000000000000000e+00
1.647058823529411620e-03 0.000000000000000000e+00 8.446651480667711667e+02 5.407322256191485772e-12 4.780361556788260486e+02 9.525502750961031779e+03 0.000000000000000000e+00 0.000000000000000000e+00
1.921568627450980296e-03 0.000000000000000000e+00 8.446651480667711667e+02 5.407322256191485772e-12 4.780361556788260486e+02 9.525502750961031779e+03 0.000000000000000000e+00 0.000000000000000000e+00
2.196078431372548972e-03 0.000000000000000000e+00 5.348662896952691881e+02 1.919863634447962781e-11 4.378046105198803275e+02 6.514412255160991663e+03 1.245352624191173163e+03 0.000000000000000000e+00
2.470588235294117647e-03 0.000000000000000000e+00 5.079443499772990549e+02 3.963218830372427368e-11 4.396002906343940140e+02 5.648937388265529989e+03 1.252368001164786619e+03 0.000000000000000000e+00
2.745098039215686323e-03 0.000000000000000000e+00 5.060617160261269873e+02 5.600440150246188822e-11 4.396232914445086521e+02 5.181862244985021789e+03 1.252672341161052373e+03 0.000000000000000000e+00
3.019607843137254999e-03 0.000000000000000000e+00 5.059324589394042846e+02 5.812170229682141545e-11 4.396236594641302986e+02 4.995229601136272322e+03 1.252686957155065556e+03 0.000000000000000000e+00
3.294117647058823241e-03 0.000000000000000000e+00 5.059262615570068533e+02 5.814310560759435340e-11 4.396236648549063943e+02 4.952083685916706600e+03 1.252687502471334483e+03 0.000000000000000000e+00
3.568627450980391917e-03 0.000000000000000000e+00 5.059262059241827387e+02 5.814317900904887009e-11 4.396236648785978787e+02 4.950611120047316035e+03 1.252687507005821317e+03 0.000000000000000000e+00
3.843137254901960592e-03 0.000000000000000000e+00 5.059262059241827387e+02 5.814317900904887009e-11 4.396236648785978787e+02 4.950611120047316035e+03 1.252687507005821317e+03 0.000000000000000000e+00
4.117647058823529702e-03 0.000000000000000000e+00 4.525375567752760730e+02 5.038830190045868979e-11 4.244026464004252261e+02 4.101478794072188066e+03 0.000000000000000000e+00 7.518368165070242867e+03
4.392156862745097944e-03 0.000000000000000000e+00 4.376200853960750123e+02 4.920035494763907962e-11 4.237199615827467483e+02 3.734228957883051862e+03 0.000000000000000000e+00 8.278599893638980575e+03
4.666666666666666186e-03 0.000000000000000000e+00 4.368770053706214185e+02 4.859878788953951311e-11 4.237124346809393955e+02 3.529421370626868338e+03 0.000000000000000000e+00 8.380220731883768167e+03
4.941176470588235295e-03 0.000000000000000000e+00 4.368341264139736495e+02 4.847040738920794678e-11 4.237123244312134034e+02 3.433942304785255146e+03 0.000000000000000000e+00 8.394139951472623579e+03
5.215686274509803537e-03 0.000000000000000000e+00 4.368320919775811717e+02 4.846865682872845620e-11 4.237123228122078444e+02 3.407526475619954908e+03 0.000000000000000000e+00 8.395522048100836400e+03
5.490196078431372646e-03 0.000000000000000000e+00 4.368320549901904428e+02 4.846864675292707959e-11 4.237123228000398854e+02 3.405235190571871499e+03 0.000000000000000000e+00 8.395568314518031912e+03
5.764705882352940888e-03 0.000000000000000000e+00 4.368320549901904428e+02 4.846864675292707959e-11 4.237123228000398854e+02 3.405235190571871499e+03 0.000000000000000000e+00 8.395568314518031912e+03
6.039215686274509998e-03 0.000000000000000000e+00 6.452580946582668275e+02 5.384299122663023937e-11 4.910636661123921272e+02 5.090304063125119683e+03 0.000000000000000000e+00 0.000000000000000000e+00
6.313725490196078240e-03 0.000000000000000000e+00 8.140966899560431784e+02 1.587760427234648392e-11 4.782498643192977852e+02 7.100185653624042970e+03 0.000000000000000000e+00 0.000000000000000000e+00
6.588235294117646482e-03 0.000000000000000000e+00 8.405264789299758377e+02 7.126138787268745537e-12 4.780385273737889520e+02 8.399011823179194835e+03 0.000000000000000000e+00 0.000000000000000000e+00
6.862745098039215591e-03 0.000000000000000000e+00 8.442336638770786976e+02 5.438024448910328110e-12 4.780361848231582371e+02 9.187987850232360870e+03 0.000000000000000000e+00 0.000000000000000000e+00
7.137254901960783833e-03 0.000000000000000000e+00 8.446423982076049697e+02 5.407474285998866139e-12 4.780361559391837432e+02 9.478020944750020135e+03 0.000000000000000000e+00 0.000000000000000000e+00
7.411764705882352942e-03 0.000000000000000000e+00 8.446651480667711667e+02 5.407322256191485772e-12 4.780361556788260486e+02 9.525502750961031779e+03 0.000000000000000000e+00 0.000000000000000000e+00
7.686274509803921184e-03 0.000000000000000000e+00 8.446651480667711667e+02 5.407322256191485772e-12 4.780361556788260486e+02 9.525502750961031779e+03 0.000000000000000000e+00 0.000000000000000000e+00
7.960784313725490294e-03 0.000000000000000000e+00 8.446651480667711667e+02 5.407322256191485772e-12 4.780361556788260486e+02 9.525502750961031779e+03 0.000000000000000000e+00 0.000000000000000000e+00
8.235294117647059403e-03 0.000000000000000000e+00 5.253601305701816955e+02 2.237563416326246749e-11 4.387037767040025074e+02 6.353484111850733825e+03 1.248159020138831238e+03 0.000000000000000000e+00
8.509803921568626778e-03 0.000000000000000000e+00 5.073091649030477583e+02 4.236681755120192373e-11 4.396110430147471675e+02 5.562408419658114326e+03 1.252481385755235124e+03 0.000000000000000000e+00
8.784313725490195887e-03 0.000000000000000000e+00 5.060161227230148029e+02 5.699728933996245185e-11 4.396234614941358245e+02 5.140392545688226164e+03 1.252677889596981458e+03 0.000000000000000000e+00
9.058823529411764996e-03 0.000000000000000000e+00 4.617776849017105860e+02 5.078613629387523386e-11 4.249592969956011075e+02 4.257429890013505428e+03 0.000000000000000000e+00 7.165033925452438780e+03
9.333333333333332371e-03 0.000000000000000000e+00 4.383022951115707428e+02 4.939313050732813307e-11 4.237323069188047384e+02 3.795792225875624808e+03 0.000000000000000000e+00 8.217227554961267742e+03
9.607843137254901481e-03 0.000000000000000000e+00 4.369160684940273995e+02 4.868941772288233468e-11 4.237126025497932460e+02 3.563670322405740080e+03 0.000000000000000000e+00 8.371331436047708848e+03
9.882352941176470590e-03 0.000000000000000000e+00 4.368362329850862693e+02 4.847345157200384975e-11 4.237123270022306656e+02 3.446460612901629702e+03 0.000000000000000000e+00 8.393077464335892728e+03
1.015686274509803970e-02 0.000000000000000000e+00 7.468071483906680896e+02 2.976817444692548812e-11 4.813364401870965708e+02 6.102858709429644477e+03 0.000000000000000000e+00 0.000000000000000000e+00
1.043137254901960707e-02 0.000000000000000000e+00 8.315354560814388378e+02 1.070346504488280809e-11 4.780661257200121099e+02 7.717345919927211980e+03 0.000000000000000000e+00 0.000000000000000000e+00
1.070588235294117618e-02 0.000000000000000000e+00 8.430209284621986399e+02 5.877027449701802795e-12 4.780365144016353725e+02 8.807915489924409485e+03 0.000000000000000000e+00 0.000000000000000000e+00
1.098039215686274529e-02 0.000000000000000000e+00 8.445249869660051445e+02 5.410724475325344059e-12 4.780361598409766657e+02 9.357439699372642281e+03 0.000000000000000000e+00 0.000000000000000000e+00
1.125490196078431267e-02 0.000000000000000000e+00 5.219457900825774459e+02 2.379002233794419253e-11 4.389581803823416521e+02 6.271854682955904536e+03 1.249089025616343861e+03 0.000000000000000000e+00
1.152941176470588178e-02 0.000000000000000000e+00 4.665256961948660432e+02 3.834937323590077801e-11 4.251717516075349863e+02 4.802028512668953226e+03 0.000000000000000000e+00 7.031885684626462535e+03
1.180392156862745089e-02 0.000000000000000000e+00 4.388955288589419865e+02 4.876998278668718696e-11 4.237443251952476544e+02 3.969303054873184919e+03 0.000000000000000000e+00 8.176943899736023013e+03
1.207843137254902000e-02 0.000000000000000000e+00 6.766284326124401787e+02 4.349661632302022318e-11 4.880329401801546965e+02 5.756419758204591744e+03 0.000000000000000000e+00 0.000000000000000000e+00
1.235294117647058737e-02 0.000000000000000000e+00 8.216804001602547487e+02 1.382219439562706507e-11 4.781450996493179559e+02 7.404585102936456678e+03 0.000000000000000000e+00 0.000000000000000000e+00
1.262745098039215648e-02 0.000000000000000000e+00 8.416085079960125768e+02 6.604820572152645666e-12 4.780374066533489668e+02 8.559249604799133522e+03 0.000000000000000000e+00 0.000000000000000000e+00
1.290196078431372559e-02 0.000000000000000000e+00 8.443651066735767472e+02 5.422324026358023532e-12 4.780361708858989118e+02 9.253552641277443399e+03 0.000000000000000000e+00 0.000000000000000000e+00
1.317647058823529296e-02 0.000000000000000000e+00 8.446522707308636200e+02 5.407388365011975367e-12 4.780361557970941249e+02 9.494375857279510456e+03 0.000000000000000000e+00 0.000000000000000000e+00
1.345098039215686207e-02 0.000000000000000000e+00 8.446651480667711667e+02 5.407322256191485772e-12 4.780361556788260486e+02 9.525502750961031779e+03 0.000000000000000000e+00 0.000000000000000000e+00
1.372549019607843118e-02 0.000000000000000000e+00 0.000000000000000000e+00 0.000000000000000000e+00 0.000000000000000000e+00 0.000000000000000000e+00 0.000000000000000000e+00 0.000000000000000000e+00
