0.000000000000000000e+00 1.000000000000000000e+00 6.000000000000000000e+00 7.000000000000000000e+00 8.000000000000000000e+00 1.400000000000000000e+01 2.600000000000000000e+01 2.900000000000000000e+01
0.000000000000000000e+00 0.000000000000000000e+00 8.446651480667711667e+02 5.407322256191485772e-12 4.780361556788260486e+02 9.525502750961031779e+03 0.000000000000000000e+00 0.000000000000000000e+00
2.745098039215686215e-04 0.000000000000000000e+00 8.446651480667711667e+02 5.407322256191485772e-12 4.780361556788260486e+02 9.525502750961031779e+03 0.000000000000000000e+00 0.000000000000000000e+00
5.490196078431372429e-04 0.000000000000000000e+00 8.446651480667711667e+02 5.407322256191485772e-12 4.780361556788260486e+02 9.525502750961031779e+03 0.000000000000000000e+00 0.000000000000000000e+00
8.235294117647058102e-04 0.000000000000000000e+00 8.446557841197306971e+02 5.407390000383933422e-12 4.780361558117388086e+02 9.505397668150988466e+03 0.000000000000000000e+00 0.000000000000000000e+00
1.098039215686274486e-03 0.000000000000000000e+00 8.444402789531882263e+02 5.422712935769783832e-12 4.780361728138609010e+02 9.347048581417582682e+03 0.000000000000000000e+00 0.000000000000000000e+00
1.372549019607843162e-03 0.000000000000000000e+00 8.423294888022759324e+02 6.639359198376070012e-12 4.780375663422698267e+02 8.871859944689364056e+03 0.000000000000000000e+00 0.000000000000000000e+00
1.647058823529411620e-03 0.000000000000000000e+00 8.268312544638757799e+02 1.415180121082596237e-11 4.781590303897015701e+02 8.017909160081617301e+03 0.000000000000000000e+00 0.000000000000000000e+00
1.921568627450980296e-03 0.000000000000000000e+00 7.129210556722474621e+02 4.530435420842456404e-11 4.893271880004238596e+02 6.664118769334511853e+03 0.000000000000000000e+00 0.000000000000000000e+00
2.196078431372548972e-03 0.000000000000000000e+00 5.059262059241827387e+02 5.814317900904887009e-11 4.396236648785978787e+02 4.950611120047316035e+03 1.252687507005821317e+03 0.000000000000000000e+00
2.470588235294117647e-03 0.000000000000000000e+00 5.059262059241827387e+02 5.814317900904887009e-11 4.396236648785978787e+02 4.950611120047316035e+03 1.252687507005821317e+03 0.000000000000000000e+00
2.745098039215686323e-03 0.000000000000000000e+00 5.059261496192980871e+02 5.814317416112096280e-11 4.396236648717872981e+02 4.948783835280229141e+03 1.252687511225489516e+03 0.000000000000000000e+00
3.019607843137254999e-03 0.000000000000000000e+00 5.059227329775131921e+02 5.814211423967185817e-11 4.396236637493959734e+02 4.919190262099013125e+03 1.252687904407621318e+03 0.000000000000000000e+00
3.294117647058823241e-03 0.000000000000000000e+00 5.058626678104671441e+02 5.804507811407604989e-11 4.396235890880193438e+02 4.809232434330077922e+03 1.252699519465815456e+03 0.000000000000000000e+00
3.568627450980391917e-03 0.000000000000000000e+00 5.050595422755251320e+02 5.741958111661405287e-11 4.396188397323207369e+02 4.574983211133318036e+03 1.252982052924265190e+03 0.000000000000000000e+00
3.843137254901960592e-03 0.000000000000000000e+00 4.935544045043068309e+02 5.619964431286951698e-11 4.392254565602964931e+02 4.196256217653452040e+03 1.260977423981598122e+03 0.000000000000000000e+00
4.117647058823529702e-03 0.000000000000000000e+00 4.368320549901904428e+02 4.846864675292707959e-11 4.237123228000398854e+02 3.405235190571871499e+03 0.000000000000000000e+00 8.395568314518031912e+03
4.392156862745097944e-03 0.000000000000000000e+00 4.368320549901904428e+02 4.846864675292707959e-11 4.237123228000398854e+02 3.405235190571871499e+03 0.000000000000000000e+00 8.395568314518031912e+03
4.666666666666666186e-03 0.000000000000000000e+00 4.368320606227059102e+02 4.846863177922327831e-11 4.237123227961074008e+02 3.405710089552027966e+03 0.000000000000000000e+00 8.395567985398292876e+03
4.941176470588235295e-03 0.000000000000000000e+00 4.368338162901785608e+02 4.845998054064227050e-11 4.237123208895148423e+02 3.440127135926322353e+03 0.000000000000000000e+00 8.395511386775177016e+03
5.215686274509803537e-03 0.000000000000000000e+00 4.368839467112181865e+02 4.753413141494249748e-11 4.237121758172571617e+02 3.613831893903212404e+03 0.000000000000000000e+00 8.394785632152214021e+03
5.490196078431372646e-03 0.000000000000000000e+00 4.378407759471637632e+02 3.551067598699133563e-11 4.237026731926304706e+02 4.100549526206047631e+03 0.000000000000000000e+00 8.389405031677295483e+03
5.764705882352940888e-03 0.000000000000000000e+00 4.555417670795227991e+02 1.893079581846525952e-11 4.229628790728954755e+02 5.060345390011032578e+03 0.000000000000000000e+00 8.358460756323851456e+03
6.039215686274509998e-03 0.000000000000000000e+00 8.446651480667711667e+02 5.407322256191485772e-12 4.780361556788260486e+02 9.525502750961031779e+03 0.000000000000000000e+00 0.000000000000000000e+00
6.313725490196078240e-03 0.000000000000000000e+00 8.446651480667711667e+02 5.407322256191485772e-12 4.780361556788260486e+02 9.525502750961031779e+03 0.000000000000000000e+00 0.000000000000000000e+00
6.588235294117646482e-03 0.000000000000000000e+00 8.446651480667711667e+02 5.407322256191485772e-12 4.780361556788260486e+02 9.525502750961031779e+03 0.000000000000000000e+00 0.000000000000000000e+00
6.862745098039215591e-03 0.000000000000000000e+00 8.446485195529199927e+02 5.407478085820638375e-12 4.780361559715884709e+02 9.494763273084814500e+03 0.000000000000000000e+00 0.000000000000000000e+00
7.137254901960783833e-03 0.000000000000000000e+00 8.443408131479690155e+02 5.438825516529737576e-12 4.780361885223696845e+02 9.303525303247875854e+03 0.000000000000000000e+00 0.000000000000000000e+00
7.411764705882352942e-03 0.000000000000000000e+00 8.414969846208288118e+02 7.177859113451633495e-12 4.780388302733184105e+02 8.771808202232579788e+03 0.000000000000000000e+00 0.000000000000000000e+00
7.686274509803921184e-03 0.000000000000000000e+00 8.209400110432233078e+02 1.631309752429270263e-11 4.782771913850966712e+02 7.862366769537193250e+03 0.000000000000000000e+00 0.000000000000000000e+00
7.960784313725490294e-03 0.000000000000000000e+00 6.882922393197484325e+02 5.668563942468576108e-11 4.927558609657858142e+02 6.356914818575990466e+03 0.000000000000000000e+00 0.000000000000000000e+00
8.235294117647059403e-03 0.000000000000000000e+00 5.058910162273746778e+02 5.810312005797755090e-11 4.396236337561049368e+02 4.843397653400238596e+03 1.252693442599107357e+03 0.000000000000000000e+00
8.509803921568626778e-03 0.000000000000000000e+00 5.054282577388956383e+02 5.759722400182768818e-11 4.396217203107751743e+02 4.635484173727611051e+03 1.252835356163048118e+03 0.000000000000000000e+00
8.784313725490195887e-03 0.000000000000000000e+00 4.991473193044263894e+02 5.652665665233335198e-11 4.394772010258168962e+02 4.302192471265969289e+03 1.256576749392263309e+03 0.000000000000000000e+00
9.058823529411764996e-03 0.000000000000000000e+00 4.368402915369916855e+02 4.839988367213871163e-11 4.237123099098175771e+02 3.488438114091144598e+03 0.000000000000000000e+00 8.395373334706073365e+03
9.333333333333332371e-03 0.000000000000000000e+00 4.370220464666501812e+02 4.372359212144133038e-11 4.237114459584909696e+02 3.776936295094683373e+03 0.000000000000000000e+00 8.393578081490089971e+03
9.607843137254901481e-03 0.000000000000000000e+00 4.403087739269597591e+02 2.859196978429089149e-11 4.236526228437493842e+02 4.437076508603535331e+03 0.000000000000000000e+00 8.382039541442267364e+03
9.882352941176470590e-03 0.000000000000000000e+00 5.077228652106069831e+02 1.101494117486312199e-11 4.183352399385642570e+02 5.711387727230252494e+03 0.000000000000000000e+00 8.315897460243137175e+03
1.015686274509803970e-02 0.000000000000000000e+00 8.442783280901992384e+02 5.452165498667076000e-12 4.780362004408102621e+02 9.278822449121642421e+03 0.000000000000000000e+00 0.000000000000000000e+00
1.043137254901960707e-02 0.000000000000000000e+00 8.409816995302593341e+02 7.498356854882523805e-12 4.780397975268247706e+02 8.693753036558913664e+03 0.000000000000000000e+00 0.000000000000000000e+00
1.070588235294117618e-02 0.000000000000000000e+00 8.172454231641313527e+02 1.754451698025088348e-11 4.783705064701033507e+02 7.655028784398088646e+03 0.000000000000000000e+00 0.000000000000000000e+00
1.098039215686274529e-02 0.000000000000000000e+00 6.764152124500067202e+02 6.375464075885985225e-11 4.942791776006193913e+02 5.967872319067075296e+03 0.000000000000000000e+00 0.000000000000000000e+00
1.125490196078431267e-02 0.000000000000000000e+00 5.009794384465303665e+02 5.466263230198358498e-11 4.395347797250047961e+02 4.647188202556568285e+03 1.255344159202004676e+03 0.000000000000000000e+00
1.152941176470588178e-02 0.000000000000000000e+00 4.383608231465989320e+02 3.325176285467639097e-11 4.236942796442210692e+02 4.202834792701147308e+03 0.000000000000000000e+00 8.387511711927212673e+03
1.180392156862745089e-02 0.000000000000000000e+00 4.659632119279952462e+02 1.628556167863967920e-11 4.222140600640015009e+02 5.261229648338683546e+03 0.000000000000000000e+00 8.347698999057311084e+03
1.207843137254902000e-02 0.000000000000000000e+00 8.446651480667711667e+02 5.407322256191485772e-12 4.780361556788260486e+02 9.525502750961031779e+03 0.000000000000000000e+00 0.000000000000000000e+00
1.235294117647058737e-02 0.000000000000000000e+00 8.446651480667711667e+02 5.407322256191485772e-12 4.780361556788260486e+02 9.525502750961031779e+03 0.000000000000000000e+00 0.000000000000000000e+00
1.262745098039215648e-02 0.000000000000000000e+00 8.446651480667711667e+02 5.407322256191485772e-12 4.780361556788260486e+02 9.525502750961031779e+03 0.000000000000000000e+00 0.000000000000000000e+00
1.290196078431372559e-02 0.000000000000000000e+00 8.446651480667711667e+02 5.407322256191485772e-12 4.780361556788260486e+02 9.525502750961031779e+03 0.000000000000000000e+00 0.000000000000000000e+00
1.317647058823529296e-02 0.000000000000000000e+00 8.446651480667711667e+02 5.407322256191486580e-12 4.780361556788260486e+02 9.525502750961031779e+03 0.000000000000000000e+00 0.000000000000000000e+00
1.345098039215686207e-02 0.000000000000000000e+00 8.446651480667711667e+02 5.407322256191485772e-12 4.780361556788260486e+02 9.525502750961031779e+03 0.000000000000000000e+00 0.000000000000000000e+00
1.372549019607843118e-02 0.000000000000000000e+00 0.000000000000000000e+00 0.000000000000000000e+00 0.000000000000000000e+00 0.000000000000000000e+00 0.000000000000000000e+00 0.000000000000000000e+00
