0.000000000000000000e+00 1.000000000000000000e+00 6.000000000000000000e+00 7.000000000000000000e+00 8.000000000000000000e+00 1.400000000000000000e+01 2.600000000000000000e+01 2.900000000000000000e+01
0.000000000000000000e+00 0.000000000000000000e+00 8.446471695902951069e+02 5.407322256191482541e-12 4.780438357673608607e+02 9.525502750961019046e+03 0.000000000000000000e+00 0.000000000000000000e+00
2.745098039215686215e-04 0.000000000000000000e+00 8.446471695902951069e+02 5.407322256191484156e-12 4.780438357673608607e+02 9.525502750961013589e+03 0.000000000000000000e+00 0.000000000000000000e+00
5.490196078431372429e-04 0.000000000000000000e+00 8.446471695902951069e+02 5.407322256191484964e-12 4.780438357673608607e+02 9.525502750961013589e+03 0.000000000000000000e+00 0.000000000000000000e+00
8.235294117647058102e-04 0.000000000000000000e+00 8.446471695902951069e+02 5.407322256191482541e-12 4.780438357673608607e+02 9.525502750961015408e+03 0.000000000000000000e+00 0.000000000000000000e+00
1.098039215686274486e-03 0.000000000000000000e+00 8.446471695902951069e+02 5.407322256191482541e-12 4.780438357673608607e+02 9.525502750961017227e+03 0.000000000000000000e+00 0.000000000000000000e+00
1.372549019607843162e-03 0.000000000000000000e+00 8.446471695902951069e+02 5.407322256191482541e-12 4.780438357673608607e+02 9.525502750961019046e+03 0.000000000000000000e+00 0.000000000000000000e+00
1.647058823529411620e-03 0.000000000000000000e+00 8.446471695902951069e+02 5.407322256191482541e-12 4.780438357673608607e+02 9.525502750961019046e+03 0.000000000000000000e+00 0.000000000000000000e+00
1.921568627450980296e-03 0.000000000000000000e+00 8.446471695902951069e+02 5.407322256191482541e-12 4.780438357673608607e+02 9.525502750961019046e+03 0.000000000000000000e+00 0.000000000000000000e+00
2.196078431372548972e-03 0.000000000000000000e+00 5.285507266414974765e+02 1.919863634447964396e-11 4.385122754625352854e+02 6.514412255160995301e+03 1.247318223028703414e+03 0.000000000000000000e+00
2.470588235294117647e-03 0.000000000000000000e+00 5.074687547864509156e+02 3.963218830372433831e-11 4.396154663739856687e+02 5.648937388265533627e+03 1.252457453168271968e+03 0.000000000000000000e+00
2.745098039215686323e-03 0.000000000000000000e+00 5.060187724734710173e+02 5.600440150246194638e-11 4.396294843536187500e+02 5.181862244985022699e+03 1.252679264683789597e+03 0.000000000000000000e+00
3.019607843137254999e-03 0.000000000000000000e+00 5.059238725311519147e+02 5.812170229682146715e-11 4.396297022522078919e+02 4.995229601136274141e+03 1.252689511972057744e+03 0.000000000000000000e+00
3.294117647058823241e-03 0.000000000000000000e+00 5.059197987708689652e+02 5.814310560759440509e-11 4.396297051761758894e+02 4.952083685916708419e+03 1.252689856824650860e+03 0.000000000000000000e+00
3.568627450980391917e-03 0.000000000000000000e+00 5.059197763240564427e+02 5.814317900904892179e-11 4.396297051837323693e+02 4.950611120047317854e+03 1.252689858545247944e+03 0.000000000000000000e+00
3.843137254901960592e-03 0.000000000000000000e+00 5.059197763240564427e+02 5.814317900904892179e-11 4.396297051837323693e+02 4.950611120047317854e+03 1.252689858545247944e+03 0.000000000000000000e+00
4.117647058823529702e-03 0.000000000000000000e+00 4.490050296300107107e+02 5.038830190045868979e-11 4.241769278448098248e+02 4.101478794072188066e+03 0.000000000000000000e+00 7.642415519028692870e+03
4.392156862745097944e-03 0.000000000000000000e+00 4.374213989932779327e+02 4.920035494763907962e-11 4.237230584944143175e+02 3.734228957883051862e+03 0.000000000000000000e+00 8.297210204586011969e+03
4.666666666666666186e-03 0.000000000000000000e+00 4.368607796819679265e+02 4.859878788953951311e-11 4.237183738307685417e+02 3.529421370626868338e+03 0.000000000000000000e+00 8.383025898338990373e+03
4.941176470588235295e-03 0.000000000000000000e+00 4.368294771279048518e+02 4.847040738920794678e-11 4.237183069508852782e+02 3.433942304785255146e+03 0.000000000000000000e+00 8.394330692023537267e+03
5.215686274509803537e-03 0.000000000000000000e+00 4.368281017034181559e+02 4.846865682872845620e-11 4.237183060246323976e+02 3.407526475619954908e+03 0.000000000000000000e+00 8.395365395193173754e+03
5.490196078431372646e-03 0.000000000000000000e+00 4.368280823904581780e+02 4.846864675292707959e-11 4.237183060191719051e+02 3.405235190571871499e+03 0.000000000000000000e+00 8.395392149885805338e+03
5.764705882352940888e-03 0.000000000000000000e+00 4.368280823904581780e+02 4.846864675292707959e-11 4.237183060191719051e+02 3.405235190571871499e+03 0.000000000000000000e+00 8.395392149885805338e+03
6.039215686274509998e-03 0.000000000000000000e+00 6.265603965795522754e+02 5.384299122663019413e-11 4.957164107683290695e+02 5.090304063125114226e+03 0.000000000000000000e+00 0.000000000000000000e+00
6.313725490196078240e-03 0.000000000000000000e+00 8.189419596930858916e+02 1.587760427234647100e-11 4.781691978888551944e+02 7.100185653624037514e+03 0.000000000000000000e+00 0.000000000000000000e+00
6.588235294117646482e-03 0.000000000000000000e+00 8.412722616120514658e+02 7.126138787268739883e-12 4.780452036171857912e+02 8.399011823179183921e+03 0.000000000000000000e+00 0.000000000000000000e+00
6.862745098039215591e-03 0.000000000000000000e+00 8.443184866519625302e+02 5.438024448910324879e-12 4.780438518398188421e+02 9.187987850232349956e+03 0.000000000000000000e+00 0.000000000000000000e+00
7.137254901960783833e-03 0.000000000000000000e+00 8.446326512889468177e+02 5.407474285998862908e-12 4.780438358892841961e+02 9.478020944750005583e+03 0.000000000000000000e+00 0.000000000000000000e+00
7.411764705882352942e-03 0.000000000000000000e+00 8.446471695902951069e+02 5.407322256191482541e-12 4.780438357673608607e+02 9.525502750961019046e+03 0.000000000000000000e+00 0.000000000000000000e+00
7.686274509803921184e-03 0.000000000000000000e+00 8.446471695902951069e+02 5.407322256191482541e-12 4.780438357673608607e+02 9.525502750961019046e+03 0.000000000000000000e+00 0.000000000000000000e+00
7.960784313725490294e-03 0.000000000000000000e+00 8.446471695902951069e+02 5.407322256191482541e-12 4.780438357673608607e+02 9.525502750961019046e+03 0.000000000000000000e+00 0.000000000000000000e+00
8.235294117647059403e-03 0.000000000000000000e+00 5.211735444117152838e+02 2.237563416326248688e-11 4.390447932476994879e+02 6.353484111850739282e+03 1.249325732663667850e+03 0.000000000000000000e+00
8.509803921568626778e-03 0.000000000000000000e+00 5.069792829900483184e+02 4.236681755120197543e-11 4.396218703364394287e+02 5.562408419658117964e+03 1.252539290057527069e+03 0.000000000000000000e+00
8.784313725490195887e-03 0.000000000000000000e+00 5.059850631403244279e+02 5.699728933996250355e-11 4.396295833130998290e+02 5.140392545688230712e+03 1.252683145474647972e+03 0.000000000000000000e+00
9.058823529411764996e-03 0.000000000000000000e+00 4.623664455469707377e+02 5.078613629387523386e-11 4.251021961163862670e+02 4.257429890013505428e+03 0.000000000000000000e+00 7.154456788195543595e+03
9.333333333333332371e-03 0.000000000000000000e+00 4.379324470163741125e+02 4.939313050732813307e-11 4.237304402577032647e+02 3.795792225875624808e+03 0.000000000000000000e+00 8.245352788339401741e+03
9.607843137254901481e-03 0.000000000000000000e+00 4.368895538631635418e+02 4.868941772288233468e-11 4.237184730236789392e+02 3.563670322405740080e+03 0.000000000000000000e+00 8.375663296633249047e+03
9.882352941176470590e-03 0.000000000000000000e+00 4.368309415309465749e+02 4.847345157200384975e-11 4.237183084049960939e+02 3.446460612901629702e+03 0.000000000000000000e+00 8.393503272248623034e+03
1.015686274509803970e-02 0.000000000000000000e+00 7.618331863628969813e+02 2.976817444692544935e-11 4.800126062421917936e+02 6.102858709429639930e+03 0.000000000000000000e+00 0.000000000000000000e+00
1.043137254901960707e-02 0.000000000000000000e+00 8.337062530573862205e+02 1.070346504488279840e-11 4.780614367108636316e+02 7.717345919927206523e+03 0.000000000000000000e+00 0.000000000000000000e+00
1.070588235294117618e-02 0.000000000000000000e+00 8.433384536329027696e+02 5.877027449701797949e-12 4.780440414964582487e+02 8.807915489924398571e+03 0.000000000000000000e+00 0.000000000000000000e+00
1.098039215686274529e-02 0.000000000000000000e+00 8.445455366117159883e+02 5.410724475325340828e-12 4.780438379934393538e+02 9.357439699372629548e+03 0.000000000000000000e+00 0.000000000000000000e+00
1.125490196078431267e-02 0.000000000000000000e+00 5.184689741495618591e+02 2.379002233794421192e-11 4.392061823364927022e+02 6.271854682955909084e+03 1.250021134565449074e+03 0.000000000000000000e+00
1.152941176470588178e-02 0.000000000000000000e+00 4.721507848056799048e+02 3.834937323590077801e-11 4.257971476160635120e+02 4.802028512668953226e+03 0.000000000000000000e+00 6.864770055897781276e+03
1.180392156862745089e-02 0.000000000000000000e+00 4.383753685126039841e+02 4.876998278668718696e-11 4.237377665510395559e+02 3.969303054873184919e+03 0.000000000000000000e+00 8.211137020469379422e+03
1.207843137254902000e-02 0.000000000000000000e+00 6.875465180153273650e+02 4.349661632302019733e-11 4.868326834392211140e+02 5.756419758204585378e+03 0.000000000000000000e+00 0.000000000000000000e+00
1.235294117647058737e-02 0.000000000000000000e+00 8.253204922454089001e+02 1.382219439562705053e-11 4.781086325474749970e+02 7.404585102936449402e+03 0.000000000000000000e+00 0.000000000000000000e+00
1.262745098039215648e-02 0.000000000000000000e+00 8.421677629615767273e+02 6.604820572152642435e-12 4.780445633008987443e+02 8.559249604799122608e+03 0.000000000000000000e+00 0.000000000000000000e+00
1.290196078431372559e-02 0.000000000000000000e+00 8.444210707832285152e+02 5.422324026358020301e-12 4.780438441537654057e+02 9.253552641277430666e+03 0.000000000000000000e+00 0.000000000000000000e+00
1.317647058823529296e-02 0.000000000000000000e+00 8.446393009983954698e+02 5.407388365011972136e-12 4.780438358203317648e+02 9.494375857279495904e+03 0.000000000000000000e+00 0.000000000000000000e+00
1.345098039215686207e-02 0.000000000000000000e+00 8.446471695902951069e+02 5.407322256191482541e-12 4.780438357673608607e+02 9.525502750961019046e+03 0.000000000000000000e+00 0.000000000000000000e+00
1.372549019607843118e-02 0.000000000000000000e+00 0.000000000000000000e+00 0.000000000000000000e+00 0.000000000000000000e+00 0.000000000000000000e+00 0.000000000000000000e+00 0.000000000000000000e+00
