0.000000000000000000e+00 1.000000000000000000e+00 6.000000000000000000e+00 7.000000000000000000e+00 8.000000000000000000e+00 1.400000000000000000e+01 2.600000000000000000e+01 2.900000000000000000e+01
0.000000000000000000e+00 0.000000000000000000e+00 8.446471695902951069e+02 5.407322256191482541e-12 4.780438357673608607e+02 9.525502750961019046e+03 0.000000000000000000e+00 0.000000000000000000e+00
2.745098039215686215e-04 0.000000000000000000e+00 8.446471695902951069e+02 5.407322256191482541e-12 4.780438357673608607e+02 9.525502750961019046e+03 0.000000000000000000e+00 0.000000000000000000e+00
5.490196078431372429e-04 0.000000000000000000e+00 8.446471695902951069e+02 5.407322256191482541e-12 4.780438357673608607e+02 9.525502750961019046e+03 0.000000000000000000e+00 0.000000000000000000e+00
8.235294117647058102e-04 0.000000000000000000e+00 8.446414666005802019e+02 5.407506595917391829e-12 4.780438358268694969e+02 9.491701971862774371e+03 0.000000000000000000e+00 0.000000000000000000e+00
1.098039215686274486e-03 0.000000000000000000e+00 8.444782076123869956e+02 5.437633576774881772e-12 4.780438452152459945e+02 9.301239147922893608e+03 0.000000000000000000e+00 0.000000000000000000e+00
1.372549019607843162e-03 0.000000000000000000e+00 8.427568554008774981e+02 7.038348840386369532e-12 4.780446561460254316e+02 8.785766553093229959e+03 0.000000000000000000e+00 0.000000000000000000e+00
1.647058823529411620e-03 0.000000000000000000e+00 8.296713621745922183e+02 1.554933163614898432e-11 4.781169207015634584e+02 7.911976866271015751e+03 0.000000000000000000e+00 0.000000000000000000e+00
1.921568627450980296e-03 0.000000000000000000e+00 7.219159714181598702e+02 5.025129033468617049e-11 4.879571439415331042e+02 6.549391947187263213e+03 0.000000000000000000e+00 0.000000000000000000e+00
2.196078431372548972e-03 0.000000000000000000e+00 5.059197763240564427e+02 5.814317900904892179e-11 4.396297051837323693e+02 4.950611120047317854e+03 1.252689858545247944e+03 0.000000000000000000e+00
2.470588235294117647e-03 0.000000000000000000e+00 5.059197763240564427e+02 5.814317900904892179e-11 4.396297051837323693e+02 4.950611120047317854e+03 1.252689858545247944e+03 0.000000000000000000e+00
2.745098039215686323e-03 0.000000000000000000e+00 5.059197495224374848e+02 5.814316382505049578e-11 4.396297051810631160e+02 4.946653177259367112e+03 1.252689860404597766e+03 0.000000000000000000e+00
3.019607843137254999e-03 0.000000000000000000e+00 5.059174171339261648e+02 5.814105082909917169e-11 4.396297045544716298e+02 4.908920679615944209e+03 1.252690109080906723e+03 0.000000000000000000e+00
3.294117647058823241e-03 0.000000000000000000e+00 5.058724935584766058e+02 5.800187168094322371e-11 4.396296598113423784e+02 4.785579701763146659e+03 1.252698127265792664e+03 0.000000000000000000e+00
3.568627450980391917e-03 0.000000000000000000e+00 5.052486528817676685e+02 5.733484375705786387e-11 4.396267464875637074e+02 4.542552681513154312e+03 1.252899798565362289e+03 0.000000000000000000e+00
3.843137254901960592e-03 0.000000000000000000e+00 4.962266277361136417e+02 5.608579497777896205e-11 4.393822324850762584e+02 4.158338265785395379e+03 1.258661377812848968e+03 0.000000000000000000e+00
4.117647058823529702e-03 0.000000000000000000e+00 4.368280823904581780e+02 4.846864675292707959e-11 4.237183060191719051e+02 3.405235190571871499e+03 0.000000000000000000e+00 8.395392149885805338e+03
4.392156862745097944e-03 0.000000000000000000e+00 4.368280823904581780e+02 4.846864675292707959e-11 4.237183060191719051e+02 3.405235190571871499e+03 0.000000000000000000e+00 8.395392149885805338e+03
4.666666666666666186e-03 0.000000000000000000e+00 4.368280844335545794e+02 4.846856098970735750e-11 4.237183060180441885e+02 3.407318183723968104e+03 0.000000000000000000e+00 8.395392011147605444e+03
4.941176470588235295e-03 0.000000000000000000e+00 4.368291786664437950e+02 4.845028906166494158e-11 4.237183049927970728e+02 3.455433631787091599e+03 0.000000000000000000e+00 8.395352463797653400e+03
5.215686274509803537e-03 0.000000000000000000e+00 4.368645635687675508e+02 4.691964973149444233e-11 4.237182187358673673e+02 3.659535192793012811e+03 0.000000000000000000e+00 8.394773630094532564e+03
5.490196078431372646e-03 0.000000000000000000e+00 4.375748468440857550e+02 3.405543503039661082e-11 4.237123738766075576e+02 4.184987306587754574e+03 0.000000000000000000e+00 8.390213112512423322e+03
5.764705882352940888e-03 0.000000000000000000e+00 4.510071771312424289e+02 1.787436476388337002e-11 4.232461718192226954e+02 5.190430364013743201e+03 0.000000000000000000e+00 8.363061806307039660e+03
6.039215686274509998e-03 0.000000000000000000e+00 8.446471695902951069e+02 5.407322256191482541e-12 4.780438357673608607e+02 9.525502750961019046e+03 0.000000000000000000e+00 0.000000000000000000e+00
6.313725490196078240e-03 0.000000000000000000e+00 8.446471695902951069e+02 5.407322256191482541e-12 4.780438357673608607e+02 9.525502750961019046e+03 0.000000000000000000e+00 0.000000000000000000e+00
6.588235294117646482e-03 0.000000000000000000e+00 8.446471695902951069e+02 5.407322506349215688e-12 4.780438357673608607e+02 9.525162922418989183e+03 0.000000000000000000e+00 0.000000000000000000e+00
6.862745098039215591e-03 0.000000000000000000e+00 8.446365912978485539e+02 5.407721147047008189e-12 4.780438359044079561e+02 9.477385402874966530e+03 0.000000000000000000e+00 0.000000000000000000e+00
7.137254901960783833e-03 0.000000000000000000e+00 8.444007382961207213e+02 5.467077994108485071e-12 4.780438538777302142e+02 9.251583320029572860e+03 0.000000000000000000e+00 0.000000000000000000e+00
7.411764705882352942e-03 0.000000000000000000e+00 8.420685973421611834e+02 7.666365218163478907e-12 4.780453783667068706e+02 8.682121490805988287e+03 0.000000000000000000e+00 0.000000000000000000e+00
7.686274509803921184e-03 0.000000000000000000e+00 8.247140193395542838e+02 1.796081591753412333e-11 4.781852451621494993e+02 7.753618798536918803e+03 0.000000000000000000e+00 0.000000000000000000e+00
7.960784313725490294e-03 0.000000000000000000e+00 6.742075745645428242e+02 6.281640407630924791e-11 4.979848794393481626e+02 6.247210579697800313e+03 0.000000000000000000e+00 0.000000000000000000e+00
8.235294117647059403e-03 0.000000000000000000e+00 5.058938587096466790e+02 5.807677476371428201e-11 4.396296866663381024e+02 4.822635321862101591e+03 1.252693907652798316e+03 0.000000000000000000e+00
8.509803921568626778e-03 0.000000000000000000e+00 5.055348876321924081e+02 5.751968915782197695e-11 4.396285079274391592e+02 4.604498766854608220e+03 1.252795261160189057e+03 0.000000000000000000e+00
8.784313725490195887e-03 0.000000000000000000e+00 5.005861177845042675e+02 5.641647489225967825e-11 4.395379743349012642e+02 4.271559264994545629e+03 1.255507769992482508e+03 0.000000000000000000e+00
9.058823529411764996e-03 0.000000000000000000e+00 4.368335711634863401e+02 4.833689363304458077e-11 4.237182986328426182e+02 3.514394517384851497e+03 0.000000000000000000e+00 8.395246558179313070e+03
9.333333333333332371e-03 0.000000000000000000e+00 4.369652054545757096e+02 4.234134849600163415e-11 4.237177736173104563e+02 3.839684301545788003e+03 0.000000000000000000e+00 8.393772656402754365e+03
9.607843137254901481e-03 0.000000000000000000e+00 4.394327245757816627e+02 2.726818564871417143e-11 4.236811109027462408e+02 4.538662620181546117e+03 0.000000000000000000e+00 8.383824941014814613e+03
9.882352941176470590e-03 0.000000000000000000e+00 4.915352606865395160e+02 1.026548923726570723e-11 4.201303969768570141e+02 5.853464736458218795e+03 0.000000000000000000e+00 8.324827888605525004e+03
1.015686274509803970e-02 0.000000000000000000e+00 8.443510143507021439e+02 5.491039922855666289e-12 4.780438608005309788e+02 9.222482732589513034e+03 0.000000000000000000e+00 0.000000000000000000e+00
1.043137254901960707e-02 0.000000000000000000e+00 8.416388323621172276e+02 8.031903536459293050e-12 4.780459557407857574e+02 8.592374264701227730e+03 0.000000000000000000e+00 0.000000000000000000e+00
1.070588235294117618e-02 0.000000000000000000e+00 8.215855384516070217e+02 1.933696140034579869e-11 4.782416964062231841e+02 7.527796095721281745e+03 0.000000000000000000e+00 0.000000000000000000e+00
1.098039215686274529e-02 0.000000000000000000e+00 6.524076335323553621e+02 6.815517035972162037e-11 5.024703354129881063e+02 5.899822809454714843e+03 0.000000000000000000e+00 0.000000000000000000e+00
1.125490196078431267e-02 0.000000000000000000e+00 5.020142108952330773e+02 5.337862843073050030e-11 4.395731266566750719e+02 4.669423253391270919e+03 1.254623386391423992e+03 0.000000000000000000e+00
1.152941176470588178e-02 0.000000000000000000e+00 4.379606764412570215e+02 3.180961321230734329e-11 4.237074317928646678e+02 4.293040093655791679e+03 0.000000000000000000e+00 8.388588991068481846e+03
1.180392156862745089e-02 0.000000000000000000e+00 4.587924102381443845e+02 1.532990747627421944e-11 4.228076198702382840e+02 5.399317462876384525e+03 0.000000000000000000e+00 8.353633092854444840e+03
1.207843137254902000e-02 0.000000000000000000e+00 8.446471695902951069e+02 5.407322256191482541e-12 4.780438357673608607e+02 9.525502750961019046e+03 0.000000000000000000e+00 0.000000000000000000e+00
1.235294117647058737e-02 0.000000000000000000e+00 8.446471695902951069e+02 5.407322256191482541e-12 4.780438357673608607e+02 9.525502750961019046e+03 0.000000000000000000e+00 0.000000000000000000e+00
1.262745098039215648e-02 0.000000000000000000e+00 8.446471695902951069e+02 5.407322256191482541e-12 4.780438357673608607e+02 9.525502750961019046e+03 0.000000000000000000e+00 0.000000000000000000e+00
1.290196078431372559e-02 0.000000000000000000e+00 8.446471695902951069e+02 5.407322256191482541e-12 4.780438357673608607e+02 9.525502750961015408e+03 0.000000000000000000e+00 0.000000000000000000e+00
1.317647058823529296e-02 0.000000000000000000e+00 8.446471695902951069e+02 5.407322256191483349e-12 4.780438357673608607e+02 9.525502750961015408e+03 0.000000000000000000e+00 0.000000000000000000e+00
1.345098039215686207e-02 0.000000000000000000e+00 8.446471695902951069e+02 5.407322256191485772e-12 4.780438357673608607e+02 9.525502750961017227e+03 0.000000000000000000e+00 0.000000000000000000e+00
1.372549019607843118e-02 0.000000000000000000e+00 0.000000000000000000e+00 0.000000000000000000e+00 0.000000000000000000e+00 0.000000000000000000e+00 0.000000000000000000e+00 0.000000000000000000e+00
