0.000000000000000000e+00 1.000000000000000000e+00 6.000000000000000000e+00 7.000000000000000000e+00 8.000000000000000000e+00 1.400000000000000000e+01 2.600000000000000000e+01 2.900000000000000000e+01
0.000000000000000000e+00 0.000000000000000000e+00 8.446471695902951069e+02 5.407322256191482541e-12 4.780438357673608607e+02 9.525502750961019046e+03 0.000000000000000000e+00 0.000000000000000000e+00
1.386138613861386286e-04 0.000000000000000000e+00 8.446471695902951069e+02 5.407322256191482541e-12 4.780438357673608607e+02 9.525502750961019046e+03 0.000000000000000000e+00 0.000000000000000000e+00
2.772277227722772571e-04 0.000000000000000000e+00 8.446471695902951069e+02 5.407322256191482541e-12 4.780438357673608607e+02 9.525502750961019046e+03 0.000000000000000000e+00 0.000000000000000000e+00
4.158415841584158857e-04 0.000000000000000000e+00 8.446471695902951069e+02 5.407322256191482541e-12 4.780438357673608607e+02 9.525502750961019046e+03 0.000000000000000000e+00 0.000000000000000000e+00
5.544554455445545142e-04 0.000000000000000000e+00 8.446471695902951069e+02 5.407322256191482541e-12 4.780438357673608607e+02 9.525502750961019046e+03 0.000000000000000000e+00 0.000000000000000000e+00
6.930693069306931428e-04 0.000000000000000000e+00 8.446468906432171480e+02 5.407324575145025442e-12 4.780438357688981910e+02 9.523317326510432395e+03 0.000000000000000000e+00 0.000000000000000000e+00
8.316831683168317713e-04 0.000000000000000000e+00 8.446406561551381174e+02 5.407403079735856918e-12 4.780438358382202182e+02 9.503459238450221164e+03 0.000000000000000000e+00 0.000000000000000000e+00
9.702970297029703999e-04 0.000000000000000000e+00 8.446039041440417350e+02 5.408685024456447830e-12 4.780438368168316288e+02 9.447734498252963022e+03 0.000000000000000000e+00 0.000000000000000000e+00
1.108910891089109028e-03 0.000000000000000000e+00 8.444591983916494655e+02 5.425920037379560391e-12 4.780438470885450783e+02 9.335777059782340075e+03 0.000000000000000000e+00 0.000000000000000000e+00
1.247524752475247765e-03 0.000000000000000000e+00 8.439813399928884792e+02 5.630993578181019238e-12 4.780439446909630874e+02 9.139896983130543958e+03 0.000000000000000000e+00 0.000000000000000000e+00
1.386138613861386286e-03 0.000000000000000000e+00 8.425403000734102079e+02 6.813146302060248199e-12 4.780448554220764663e+02 8.837944026226903588e+03 0.000000000000000000e+00 0.000000000000000000e+00
1.524752475247524806e-03 0.000000000000000000e+00 8.385483930718028205e+02 9.547881201434664186e-12 4.780534780960807666e+02 8.443828096556799210e+03 0.000000000000000000e+00 0.000000000000000000e+00
1.663366336633663543e-03 0.000000000000000000e+00 8.277849221517262777e+02 1.500417120573838189e-11 4.781397401623274277e+02 7.954441472176438765e+03 0.000000000000000000e+00 0.000000000000000000e+00
1.801980198019802280e-03 0.000000000000000000e+00 7.976444920793934443e+02 2.589080966749769180e-11 4.790960807547038485e+02 7.345206441349642773e+03 0.000000000000000000e+00 0.000000000000000000e+00
1.940594059405940800e-03 0.000000000000000000e+00 6.995467980660368994e+02 5.031245997086859580e-11 4.924541590635387820e+02 6.524881392901487743e+03 0.000000000000000000e+00 0.000000000000000000e+00
2.079207920792079320e-03 0.000000000000000000e+00 5.059197763240564427e+02 5.814317900904892179e-11 4.396297051837323693e+02 4.950611120047317854e+03 1.252689858545247944e+03 0.000000000000000000e+00
2.217821782178218057e-03 0.000000000000000000e+00 5.059197763240564427e+02 5.814317900904892179e-11 4.396297051837323693e+02 4.950611120047317854e+03 1.252689858545247944e+03 0.000000000000000000e+00
2.356435643564356794e-03 0.000000000000000000e+00 5.059197763240564427e+02 5.814317900904892179e-11 4.396297051837323693e+02 4.950611120047317854e+03 1.252689858545247944e+03 0.000000000000000000e+00
2.495049504950495531e-03 0.000000000000000000e+00 5.059197763240564427e+02 5.814317900904892179e-11 4.396297051837323693e+02 4.950611120047317854e+03 1.252689858545247944e+03 0.000000000000000000e+00
2.633663366336633834e-03 0.000000000000000000e+00 5.059197760827479442e+02 5.814317893603513668e-11 4.396297051837129288e+02 4.950559572907761321e+03 1.252689858559916956e+03 0.000000000000000000e+00
2.772277227722772571e-03 0.000000000000000000e+00 5.059197261486265234e+02 5.814316971670047603e-11 4.396297051783202505e+02 4.947779549615266660e+03 1.252689862161561678e+03 0.000000000000000000e+00
2.910891089108911308e-03 0.000000000000000000e+00 5.059192167720592010e+02 5.814302872697682774e-11 4.396297050869210921e+02 4.936980168506650443e+03 1.252689908259477306e+03 0.000000000000000000e+00
3.049504950495049611e-03 0.000000000000000000e+00 5.059163961323108083e+02 5.814139056086214365e-11 4.396297041611794043e+02 4.912338963735453945e+03 1.252690236176466442e+03 0.000000000000000000e+00
3.188118811881188348e-03 0.000000000000000000e+00 5.059039668037268598e+02 5.812450864435698549e-11 4.396296962078102979e+02 4.865909515658678174e+03 1.252692119827667739e+03 0.000000000000000000e+00
3.326732673267327085e-03 0.000000000000000000e+00 5.058542494150757420e+02 5.799867743725717679e-11 4.396296309633248143e+02 4.787705118613382183e+03 1.252702071843323893e+03 0.000000000000000000e+00
3.465346534653465822e-03 0.000000000000000000e+00 5.056675430461387464e+02 5.771584909520867926e-11 4.396290984183390265e+02 4.677378026590195987e+03 1.252752502603455468e+03 0.000000000000000000e+00
3.603960396039604559e-03 0.000000000000000000e+00 5.049833619488310319e+02 5.730012591799392177e-11 4.396246025782644438e+02 4.535932674332438182e+03 1.253007696952468905e+03 0.000000000000000000e+00
3.742574257425742863e-03 0.000000000000000000e+00 5.023884192616741871e+02 5.673399246861960625e-11 4.395836157340369255e+02 4.357792566387787701e+03 1.254367367738424946e+03 0.000000000000000000e+00
3.881188118811881600e-03 0.000000000000000000e+00 4.914369104442676530e+02 5.594650369830709660e-11 4.391504831195925931e+02 4.126532864762692952e+03 1.262572478030668208e+03 0.000000000000000000e+00
4.019801980198019903e-03 0.000000000000000000e+00 4.368280823904581780e+02 4.846864675292707959e-11 4.237183060191719051e+02 3.405235190571871499e+03 0.000000000000000000e+00 8.395392149885805338e+03
4.158415841584158640e-03 0.000000000000000000e+00 4.368280823904581780e+02 4.846864675292707959e-11 4.237183060191719051e+02 3.405235190571871499e+03 0.000000000000000000e+00 8.395392149885805338e+03
4.297029702970297377e-03 0.000000000000000000e+00 4.368280823904581780e+02 4.846864675292707959e-11 4.237183060191719051e+02 3.405235190571871499e+03 0.000000000000000000e+00 8.395392149885805338e+03
4.435643564356436114e-03 0.000000000000000000e+00 4.368280823904581780e+02 4.846864675292707959e-11 4.237183060191719051e+02 3.405235190571871499e+03 0.000000000000000000e+00 8.395392149885805338e+03
4.574257425742574851e-03 0.000000000000000000e+00 4.368280823904581780e+02 4.846864675292707959e-11 4.237183060191719051e+02 3.405235190571871499e+03 0.000000000000000000e+00 8.395392149885805338e+03
4.712871287128713588e-03 0.000000000000000000e+00 4.368280933250928797e+02 4.846857541243899344e-11 4.237183060129493697e+02 3.407028330912966339e+03 0.000000000000000000e+00 8.395391470994332849e+03
4.851485148514852325e-03 0.000000000000000000e+00 4.368283400801037715e+02 4.846702378742886708e-11 4.237183058281473222e+02 3.420096126891074618e+03 0.000000000000000000e+00 8.395380491914025697e+03
4.990099009900991062e-03 0.000000000000000000e+00 4.368302847183350650e+02 4.844794881013191872e-11 4.237183036408669636e+02 3.456632291587115560e+03 0.000000000000000000e+00 8.395321926501897906e+03
5.128712871287128931e-03 0.000000000000000000e+00 4.368411657375186792e+02 4.824219528313168409e-11 4.237182835460716888e+02 3.533735814943627702e+03 0.000000000000000000e+00 8.395106477613364405e+03
5.267326732673267668e-03 0.000000000000000000e+00 4.368937312318938666e+02 4.634785522556383228e-11 4.237181130581952857e+02 3.677071485945403765e+03 0.000000000000000000e+00 8.394439397786101836e+03
5.405940594059406405e-03 0.000000000000000000e+00 4.371307585920702650e+02 4.014351040957532674e-11 4.237166868058176306e+02 3.911023487971150189e+03 0.000000000000000000e+00 8.392574847402294836e+03
5.544554455445545142e-03 0.000000000000000000e+00 4.381584412793545766e+02 3.236151905399247919e-11 4.237045232856035000e+02 4.244935785086023316e+03 0.000000000000000000e+00 8.387843017297411279e+03
5.683168316831683879e-03 0.000000000000000000e+00 4.426574376726795776e+02 2.400540408004763402e-11 4.235943563665945248e+02 4.707205252979841134e+03 0.000000000000000000e+00 8.376384060783002496e+03
5.821782178217822616e-03 0.000000000000000000e+00 4.637360568780762833e+02 1.520342947455744189e-11 4.224806533945213118e+02 5.359953536891459407e+03 0.000000000000000000e+00 8.348425887811092252e+03
5.960396039603961353e-03 0.000000000000000000e+00 5.798622722997312167e+02 5.331235599941031166e-12 4.091858560807900744e+02 6.395712184143293598e+03 0.000000000000000000e+00 8.273706506313919817e+03
6.099009900990099223e-03 0.000000000000000000e+00 8.446471695902951069e+02 5.407322256191482541e-12 4.780438357673608607e+02 9.525502750961019046e+03 0.000000000000000000e+00 0.000000000000000000e+00
6.237623762376237960e-03 0.000000000000000000e+00 8.446471695902951069e+02 5.407322256191482541e-12 4.780438357673608607e+02 9.525502750961019046e+03 0.000000000000000000e+00 0.000000000000000000e+00
6.376237623762376697e-03 0.000000000000000000e+00 8.446471695902951069e+02 5.407322256191482541e-12 4.780438357673608607e+02 9.525502750961019046e+03 0.000000000000000000e+00 0.000000000000000000e+00
6.514851485148515434e-03 0.000000000000000000e+00 8.446471695902951069e+02 5.407322256191482541e-12 4.780438357673608607e+02 9.525502750961019046e+03 0.000000000000000000e+00 0.000000000000000000e+00
6.653465346534654171e-03 0.000000000000000000e+00 8.446471160014848465e+02 5.407322732367555124e-12 4.780438357676275700e+02 9.524917590251312504e+03 0.000000000000000000e+00 0.000000000000000000e+00
6.792079207920792908e-03 0.000000000000000000e+00 8.446439144132726824e+02 5.407355701962137072e-12 4.780438357962835880e+02 9.511953735288790995e+03 0.000000000000000000e+00 0.000000000000000000e+00
6.930693069306931645e-03 0.000000000000000000e+00 8.446204719105398908e+02 5.407945782198353265e-12 4.780438362783422690e+02 9.468461480744103028e+03 0.000000000000000000e+00 0.000000000000000000e+00
7.069306930693070382e-03 0.000000000000000000e+00 8.445203375427006449e+02 5.416330002232710122e-12 4.780438416100801646e+02 9.374834351296478417e+03 0.000000000000000000e+00 0.000000000000000000e+00
7.207920792079209119e-03 0.000000000000000000e+00 8.441768074608273764e+02 5.518380878267936811e-12 4.780438931719718312e+02 9.206370452108067184e+03 0.000000000000000000e+00 0.000000000000000000e+00
7.346534653465346988e-03 0.000000000000000000e+00 8.431153317389517952e+02 6.346111492767030502e-12 4.780443752683336811e+02 8.934048321914900953e+03 0.000000000000000000e+00 0.000000000000000000e+00
7.485148514851485725e-03 0.000000000000000000e+00 8.401141565815649983e+02 8.560199169127681804e-12 4.780488995463683750e+02 8.565911331137249363e+03 0.000000000000000000e+00 0.000000000000000000e+00
7.623762376237624462e-03 0.000000000000000000e+00 8.320161975223360287e+02 1.305120469677605574e-11 4.780932706462400574e+02 8.105660353385022063e+03 0.000000000000000000e+00 0.000000000000000000e+00
7.762376237623763199e-03 0.000000000000000000e+00 8.097313073901069629e+02 2.193393862880923150e-11 4.785682908320893034e+02 7.533090070807606935e+03 0.000000000000000000e+00 0.000000000000000000e+00
7.900990099009901069e-03 0.000000000000000000e+00 7.417476375952096532e+02 4.081728115049761718e-11 4.846366775934565112e+02 6.788128333543248118e+03 0.000000000000000000e+00 0.000000000000000000e+00
8.039603960396039806e-03 0.000000000000000000e+00 5.059167757617134384e+02 5.814165946100344626e-11 4.396297043145531802e+02 4.914696083389549131e+03 1.252690188111523867e+03 0.000000000000000000e+00
8.178217821782178543e-03 0.000000000000000000e+00 5.059055402979815881e+02 5.812748863634196205e-11 4.396296974718205206e+02 4.870235713224048595e+03 1.252691857965351119e+03 0.000000000000000000e+00
8.316831683168317280e-03 0.000000000000000000e+00 5.058603928522437627e+02 5.801344420091566272e-11 4.396296412537936362e+02 4.794411413278636246e+03 1.252700713162707643e+03 0.000000000000000000e+00
8.455445544554456017e-03 0.000000000000000000e+00 5.056902505695535979e+02 5.774023835357932300e-11 4.396291829619585201e+02 4.686197379265278869e+03 1.252745661890271776e+03 0.000000000000000000e+00
8.594059405940594754e-03 0.000000000000000000e+00 5.050669845415105215e+02 5.733449585281572900e-11 4.396253301080087112e+02 4.547127821728075105e+03 1.252972703651970733e+03 0.000000000000000000e+00
8.732673267326733491e-03 0.000000000000000000e+00 5.027129301233884462e+02 5.677984978459493131e-11 4.395904450701876840e+02 4.375174618382490735e+03 1.254175972056602632e+03 0.000000000000000000e+00
8.871287128712872228e-03 0.000000000000000000e+00 4.928942769121844663e+02 5.601060349645618222e-11 4.392271955846510423e+02 4.166724530117625363e+03 1.261342131202180553e+03 0.000000000000000000e+00
9.009900990099010964e-03 0.000000000000000000e+00 4.368309704795776156e+02 4.843935225585681564e-11 4.237183026996161175e+02 3.464646024004928222e+03 0.000000000000000000e+00 8.395304769384045358e+03
9.148514851485149701e-03 0.000000000000000000e+00 4.368446816115201727e+02 4.815777873105535111e-11 4.237182753321744144e+02 3.549383101416759473e+03 0.000000000000000000e+00 8.395049668799236315e+03
9.287128712871288438e-03 0.000000000000000000e+00 4.369101526891118397e+02 4.563799340075760882e-11 4.237180437086217921e+02 3.704941548829574913e+03 0.000000000000000000e+00 8.394271713003119658e+03
9.425742574257427175e-03 0.000000000000000000e+00 4.372028868882448478e+02 3.908532739887992146e-11 4.237161079372629047e+02 3.952228675115523401e+03 0.000000000000000000e+00 8.392131211343938048e+03
9.564356435643565912e-03 0.000000000000000000e+00 4.384699395470408376e+02 3.120987885380925157e-11 4.236994921081580969e+02 4.302134559487944898e+03 0.000000000000000000e+00 8.386753377491604624e+03
9.702970297029704649e-03 0.000000000000000000e+00 4.440483981965713838e+02 2.279964633243348442e-11 4.235471796175588111e+02 4.784894695492548635e+03 0.000000000000000000e+00 8.373756791020818127e+03
9.841584158415843386e-03 0.000000000000000000e+00 4.706406026235696345e+02 1.401600248233233157e-11 4.219689427486035811e+02 5.459387973468414202e+03 0.000000000000000000e+00 8.341779262027448567e+03
9.980198019801982123e-03 0.000000000000000000e+00 6.045687494980013525e+02 4.401017285979038826e-12 4.059792968805256805e+02 6.536274873406957340e+03 0.000000000000000000e+00 8.260167024353737361e+03
1.011881188118811913e-02 0.000000000000000000e+00 8.444405546254353112e+02 5.429702083978734714e-12 4.780438490816376316e+02 9.324953364837583649e+03 0.000000000000000000e+00 0.000000000000000000e+00
1.025742574257425786e-02 0.000000000000000000e+00 8.439213691839855755e+02 5.673829076101240876e-12 4.780439637469181662e+02 9.118063664645149402e+03 0.000000000000000000e+00 0.000000000000000000e+00
1.039603960396039660e-02 0.000000000000000000e+00 8.423660029478133993e+02 6.949390053682751234e-12 4.780450316824678225e+02 8.793874911336160949e+03 0.000000000000000000e+00 0.000000000000000000e+00
1.053465346534653534e-02 0.000000000000000000e+00 8.380738090960517184e+02 9.828370788243596702e-12 4.780551623675794986e+02 8.359890004546281489e+03 0.000000000000000000e+00 0.000000000000000000e+00
1.067326732673267407e-02 0.000000000000000000e+00 8.264851512236153894e+02 1.554576735067745930e-11 4.781571575764931481e+02 7.804817962566484312e+03 0.000000000000000000e+00 0.000000000000000000e+00
1.081188118811881281e-02 0.000000000000000000e+00 7.938674371489469195e+02 2.693197003898798606e-11 4.792985409677042981e+02 7.105910577077084781e+03 0.000000000000000000e+00 0.000000000000000000e+00
1.095049504950495155e-02 0.000000000000000000e+00 6.866796119426811629e+02 5.284823280769586676e-11 4.951760651461282237e+02 6.185882608193045598e+03 0.000000000000000000e+00 0.000000000000000000e+00
1.108910891089109028e-02 0.000000000000000000e+00 5.051187784319814682e+02 5.721729292820864421e-11 4.396256348169185344e+02 4.678742714225812961e+03 1.252954301532449790e+03 0.000000000000000000e+00
1.122772277227722902e-02 0.000000000000000000e+00 5.029229037998291574e+02 5.548609248471853948e-11 4.395933153880496320e+02 4.647910582280243034e+03 1.254075204557695997e+03 0.000000000000000000e+00
1.136633663366336776e-02 0.000000000000000000e+00 4.938030575641213886e+02 4.883187251194890773e-11 4.392592475174969877e+02 4.657782033691270044e+03 1.260720962397494077e+03 0.000000000000000000e+00
1.150495049504950650e-02 0.000000000000000000e+00 4.377020334694666985e+02 3.467573608223519209e-11 4.237108440710416062e+02 4.137888958404156256e+03 0.000000000000000000e+00 8.389648307135388677e+03
1.164356435643564523e-02 0.000000000000000000e+00 4.406422019697339465e+02 2.645285317891342352e-11 4.236525059788427825e+02 4.559007786646474415e+03 0.000000000000000000e+00 8.380731351969558091e+03
1.178217821782178397e-02 0.000000000000000000e+00 4.540492351013375014e+02 1.777637298201525720e-11 4.230850780604930605e+02 5.147108119981002346e+03 0.000000000000000000e+00 8.359158323172938253e+03
1.192079207920792271e-02 0.000000000000000000e+00 5.252554070348352298e+02 8.788019864608651272e-12 4.163316242416057094e+02 6.029810776377744332e+03 0.000000000000000000e+00 8.303103625837782602e+03
1.205940594059406144e-02 0.000000000000000000e+00 8.446471695902951069e+02 5.407322256191482541e-12 4.780438357673608607e+02 9.525502750961019046e+03 0.000000000000000000e+00 0.000000000000000000e+00
1.219801980198019845e-02 0.000000000000000000e+00 8.446471695902951069e+02 5.407322256191482541e-12 4.780438357673608607e+02 9.525502750961019046e+03 0.000000000000000000e+00 0.000000000000000000e+00
1.233663366336633718e-02 0.000000000000000000e+00 8.446471695902951069e+02 5.407322256191482541e-12 4.780438357673608607e+02 9.525502750961019046e+03 0.000000000000000000e+00 0.000000000000000000e+00
1.247524752475247592e-02 0.000000000000000000e+00 8.446471695902951069e+02 5.407322256191482541e-12 4.780438357673608607e+02 9.525502750961019046e+03 0.000000000000000000e+00 0.000000000000000000e+00
1.261386138613861466e-02 0.000000000000000000e+00 8.446471695902951069e+02 5.407322256191482541e-12 4.780438357673608607e+02 9.525502750961019046e+03 0.000000000000000000e+00 0.000000000000000000e+00
1.275247524752475339e-02 0.000000000000000000e+00 8.446471695902951069e+02 5.407322256191482541e-12 4.780438357673608607e+02 9.525502750961019046e+03 0.000000000000000000e+00 0.000000000000000000e+00
1.289108910891089213e-02 0.000000000000000000e+00 8.446471695902951069e+02 5.407322256191482541e-12 4.780438357673608607e+02 9.525502750961019046e+03 0.000000000000000000e+00 0.000000000000000000e+00
1.302970297029703087e-02 0.000000000000000000e+00 8.446471695902951069e+02 5.407322256191482541e-12 4.780438357673608607e+02 9.525502750961015408e+03 0.000000000000000000e+00 0.000000000000000000e+00
1.316831683168316960e-02 0.000000000000000000e+00 8.446471695902951069e+02 5.407322256191483349e-12 4.780438357673608607e+02 9.525502750961015408e+03 0.000000000000000000e+00 0.000000000000000000e+00
1.330693069306930834e-02 0.000000000000000000e+00 8.446471695902951069e+02 5.407322256191485772e-12 4.780438357673608607e+02 9.525502750961015408e+03 0.000000000000000000e+00 0.000000000000000000e+00
1.344554455445544708e-02 0.000000000000000000e+00 8.446471695902951069e+02 5.407322256191484156e-12 4.780438357673608607e+02 9.525502750961011770e+03 0.000000000000000000e+00 0.000000000000000000e+00
1.358415841584158582e-02 0.000000000000000000e+00 8.446471695902951069e+02 5.407322256191481733e-12 4.780438357673608607e+02 9.525502750961011770e+03 0.000000000000000000e+00 0.000000000000000000e+00
1.372277227722772455e-02 0.000000000000000000e+00 8.446471695902951069e+02 5.407322256191481733e-12 4.780438357673608607e+02 9.525502750961015408e+03 0.000000000000000000e+00 0.000000000000000000e+00
1.386138613861386329e-02 0.000000000000000000e+00 0.000000000000000000e+00 0.000000000000000000e+00 0.000000000000000000e+00 0.000000000000000000e+00 0.000000000000000000e+00 0.000000000000000000e+00
