0.000000000000000000e+00 1.000000000000000000e+00 6.000000000000000000e+00 7.000000000000000000e+00 8.000000000000000000e+00 1.400000000000000000e+01 2.600000000000000000e+01 2.900000000000000000e+01
0.000000000000000000e+00 0.000000000000000000e+00 8.446651480667711667e+02 5.407322256191485772e-12 4.780361556788260486e+02 9.525502750961031779e+03 0.000000000000000000e+00 0.000000000000000000e+00
1.386138613861386286e-04 0.000000000000000000e+00 8.446651480667711667e+02 5.407322256191485772e-12 4.780361556788260486e+02 9.525502750961031779e+03 0.000000000000000000e+00 0.000000000000000000e+00
2.772277227722772571e-04 0.000000000000000000e+00 8.446651480667711667e+02 5.407322256191485772e-12 4.780361556788260486e+02 9.525502750961031779e+03 0.000000000000000000e+00 0.000000000000000000e+00
4.158415841584158857e-04 0.000000000000000000e+00 8.446651480667711667e+02 5.407322256191485772e-12 4.780361556788260486e+02 9.525502750961031779e+03 0.000000000000000000e+00 0.000000000000000000e+00
5.544554455445545142e-04 0.000000000000000000e+00 8.446651480667711667e+02 5.407323450230786620e-12 4.780361556788260486e+02 9.524199154983682092e+03 0.000000000000000000e+00 0.000000000000000000e+00
6.930693069306931428e-04 0.000000000000000000e+00 8.446644750880858510e+02 5.407366425701021601e-12 4.780361556843817539e+02 9.509166637740287115e+03 0.000000000000000000e+00 0.000000000000000000e+00
8.316831683168317713e-04 0.000000000000000000e+00 8.446545115664982859e+02 5.407960216566834726e-12 4.780361558374270317e+02 9.465367695101931531e+03 0.000000000000000000e+00 0.000000000000000000e+00
9.702970297029703999e-04 0.000000000000000000e+00 8.446035973666394057e+02 5.414819703205408048e-12 4.780361577118111995e+02 9.376352561297657303e+03 0.000000000000000000e+00 0.000000000000000000e+00
1.108910891089109028e-03 0.000000000000000000e+00 8.444155131250316799e+02 5.484864408777604686e-12 4.780361763256067889e+02 9.221925422915463059e+03 0.000000000000000000e+00 0.000000000000000000e+00
1.247524752475247765e-03 0.000000000000000000e+00 8.438182648068966500e+02 6.069054116971110155e-12 4.780363479151617412e+02 8.976097107693723956e+03 0.000000000000000000e+00 0.000000000000000000e+00
1.386138613861386286e-03 0.000000000000000000e+00 8.420666819356899850e+02 7.864844619571137791e-12 4.780379204750571489e+02 8.639406514272517597e+03 0.000000000000000000e+00 0.000000000000000000e+00
1.524752475247524806e-03 0.000000000000000000e+00 8.373063233972925445e+02 1.153378943070570480e-11 4.780526615457374078e+02 8.221680505407897726e+03 0.000000000000000000e+00 0.000000000000000000e+00
1.663366336633663543e-03 0.000000000000000000e+00 8.245809771640938379e+02 1.860583195822367174e-11 4.781991913907665435e+02 7.715706268134294987e+03 0.000000000000000000e+00 0.000000000000000000e+00
1.801980198019802280e-03 0.000000000000000000e+00 7.890714732554724833e+02 3.252858793283165037e-11 4.798195672202361379e+02 7.096049019380116079e+03 0.000000000000000000e+00 0.000000000000000000e+00
1.940594059405940800e-03 0.000000000000000000e+00 7.005121892208292138e+02 6.192169217869731287e-11 4.910892477480284697e+02 6.322599458815252547e+03 0.000000000000000000e+00 0.000000000000000000e+00
2.079207920792079320e-03 0.000000000000000000e+00 5.059262059241827387e+02 5.814317900904887009e-11 4.396236648785978787e+02 4.950611120047316035e+03 1.252687507005821317e+03 0.000000000000000000e+00
2.217821782178218057e-03 0.000000000000000000e+00 5.059262059241827387e+02 5.814317900904887009e-11 4.396236648785978787e+02 4.950611120047316035e+03 1.252687507005821317e+03 0.000000000000000000e+00
2.356435643564356794e-03 0.000000000000000000e+00 5.059262059241827387e+02 5.814317900904887009e-11 4.396236648785978787e+02 4.950611120047316035e+03 1.252687507005821317e+03 0.000000000000000000e+00
2.495049504950495531e-03 0.000000000000000000e+00 5.059262059241827387e+02 5.814317898825493889e-11 4.396236648785978787e+02 4.950596423553854038e+03 1.252687507005821317e+03 0.000000000000000000e+00
2.633663366336633834e-03 0.000000000000000000e+00 5.059262052846480060e+02 5.814317368032587652e-11 4.396236648785304624e+02 4.948609544789680513e+03 1.252687507048541420e+03 0.000000000000000000e+00
2.772277227722772571e-03 0.000000000000000000e+00 5.059261104348394156e+02 5.814309873999026741e-11 4.396236648662923585e+02 4.940213820906215005e+03 1.252687514409259393e+03 0.000000000000000000e+00
2.910891089108911308e-03 0.000000000000000000e+00 5.059253242852714152e+02 5.814234960605110882e-11 4.396236646957729590e+02 4.920770251334416571e+03 1.252687591187873068e+03 0.000000000000000000e+00
3.049504950495049611e-03 0.000000000000000000e+00 5.059213306092347580e+02 5.813574965694703068e-11 4.396236630954296061e+02 4.884357632407300116e+03 1.252688092947011455e+03 0.000000000000000000e+00
3.188118811881188348e-03 0.000000000000000000e+00 5.059045165820583634e+02 5.808383985037839609e-11 4.396236498519788256e+02 4.822930617995184548e+03 1.252690849519220819e+03 0.000000000000000000e+00
3.326732673267327085e-03 0.000000000000000000e+00 5.058390967840039139e+02 5.788060269621550684e-11 4.396235433448001118e+02 4.730266774603769591e+03 1.252705036256166977e+03 0.000000000000000000e+00
3.465346534653465822e-03 0.000000000000000000e+00 5.055985417116972940e+02 5.755122823774050551e-11 4.396226868396117311e+02 4.609930294174839219e+03 1.252775579999633010e+03 0.000000000000000000e+00
3.603960396039604559e-03 0.000000000000000000e+00 5.047258737500385450e+02 5.709944040061934696e-11 4.396155264070750377e+02 4.460638298762183695e+03 1.253129158195888976e+03 0.000000000000000000e+00
3.742574257425742863e-03 0.000000000000000000e+00 5.014369401357583911e+02 5.650173011810987780e-11 4.395510429304938498e+02 4.276178676158559938e+03 1.254999527374850231e+03 0.000000000000000000e+00
3.881188118811881600e-03 0.000000000000000000e+00 4.878316926347333720e+02 5.568422438275618997e-11 4.389043455983426725e+02 4.040585300805306815e+03 1.265994562906036208e+03 0.000000000000000000e+00
4.019801980198019903e-03 0.000000000000000000e+00 4.368320549901904428e+02 4.846864675292707959e-11 4.237123228000398854e+02 3.405235190571871499e+03 0.000000000000000000e+00 8.395568314518031912e+03
4.158415841584158640e-03 0.000000000000000000e+00 4.368320549901904428e+02 4.846864675292707959e-11 4.237123228000398854e+02 3.405235190571871499e+03 0.000000000000000000e+00 8.395568314518031912e+03
4.297029702970297377e-03 0.000000000000000000e+00 4.368320549901904428e+02 4.846864675292707959e-11 4.237123228000398854e+02 3.405235190571871499e+03 0.000000000000000000e+00 8.395568314518031912e+03
4.435643564356436114e-03 0.000000000000000000e+00 4.368320549901904428e+02 4.846864675292707959e-11 4.237123228000398854e+02 3.405235190571871499e+03 0.000000000000000000e+00 8.395568314518031912e+03
4.574257425742574851e-03 0.000000000000000000e+00 4.368320549901904428e+02 4.846860596608752543e-11 4.237123228000398854e+02 3.406387307165357470e+03 0.000000000000000000e+00 8.395568314518031912e+03
4.712871287128713588e-03 0.000000000000000000e+00 4.368320825675681363e+02 4.846774002174959221e-11 4.237123227809241257e+02 3.416290505398152618e+03 0.000000000000000000e+00 8.395566824360643295e+03
4.851485148514852325e-03 0.000000000000000000e+00 4.368325135988799275e+02 4.845864242210437731e-11 4.237123223997078867e+02 3.444786776929739517e+03 0.000000000000000000e+00 8.395549907295662706e+03
4.990099009900991062e-03 0.000000000000000000e+00 4.368355114171268951e+02 4.837448226103724960e-11 4.237123183834250426e+02 3.505220816690867650e+03 0.000000000000000000e+00 8.395470257283679530e+03
5.128712871287128931e-03 0.000000000000000000e+00 4.368512742005768246e+02 4.768465565749565344e-11 4.237122833227241472e+02 3.616225852413467237e+03 0.000000000000000000e+00 8.395195429976212836e+03
5.267326732673267668e-03 0.000000000000000000e+00 4.369247379953759491e+02 4.367406951969693747e-11 4.237119935927841539e+02 3.803829103119281626e+03 0.000000000000000000e+00 8.394376042795143803e+03
5.405940594059406405e-03 0.000000000000000000e+00 4.372477419808138279e+02 3.686442670015529223e-11 4.237096064381002520e+02 4.079745123918061381e+03 0.000000000000000000e+00 8.392155773215636145e+03
5.544554455445545142e-03 0.000000000000000000e+00 4.386264534228706680e+02 2.926284499636180622e-11 4.236894265264884325e+02 4.457965704981930685e+03 0.000000000000000000e+00 8.386646293609208442e+03
5.683168316831683879e-03 0.000000000000000000e+00 4.446132082507897394e+02 2.138086200696119154e-11 4.235075512224694876e+02 4.970851354597019053e+03 0.000000000000000000e+00 8.373496761876373057e+03
5.821782178217822616e-03 0.000000000000000000e+00 4.725615082687284030e+02 1.330096233169720082e-11 4.216712762404081900e+02 5.685157268002566525e+03 0.000000000000000000e+00 8.341774791188432573e+03
5.960396039603961353e-03 0.000000000000000000e+00 5.623690749845163737e+02 4.477423102859521263e-12 4.129639056269698472e+02 6.635731344407081451e+03 0.000000000000000000e+00 8.281177119251839031e+03
6.099009900990099223e-03 0.000000000000000000e+00 8.446651480667711667e+02 5.407322256191485772e-12 4.780361556788260486e+02 9.525502750961031779e+03 0.000000000000000000e+00 0.000000000000000000e+00
6.237623762376237960e-03 0.000000000000000000e+00 8.446651480667711667e+02 5.407322256191485772e-12 4.780361556788260486e+02 9.525502750961031779e+03 0.000000000000000000e+00 0.000000000000000000e+00
6.376237623762376697e-03 0.000000000000000000e+00 8.446651480667711667e+02 5.407322256191485772e-12 4.780361556788260486e+02 9.525502750961031779e+03 0.000000000000000000e+00 0.000000000000000000e+00
6.514851485148515434e-03 0.000000000000000000e+00 8.446651480667711667e+02 5.407322442526025152e-12 4.780361556788260486e+02 9.525248612344854337e+03 0.000000000000000000e+00 0.000000000000000000e+00
6.653465346534654171e-03 0.000000000000000000e+00 8.446650185843628833e+02 5.407340812435050089e-12 4.780361556797940352e+02 9.515786256621113353e+03 0.000000000000000000e+00 0.000000000000000000e+00
6.792079207920792908e-03 0.000000000000000000e+00 8.446595814328492224e+02 5.407629366437096268e-12 4.780361557444699656e+02 9.481664003585225146e+03 0.000000000000000000e+00 0.000000000000000000e+00
6.930693069306931645e-03 0.000000000000000000e+00 8.446262367792986652e+02 5.411071389729767808e-12 4.780361566700012190e+02 9.407521251643182040e+03 0.000000000000000000e+00 0.000000000000000000e+00
7.069306930693070382e-03 0.000000000000000000e+00 8.444945560841479164e+02 5.447261036881714550e-12 4.780361662278626795e+02 9.274284430090980095e+03 0.000000000000000000e+00 0.000000000000000000e+00
7.207920792079209119e-03 0.000000000000000000e+00 8.440619935033209913e+02 5.790151774094110947e-12 4.780362555557254041e+02 9.056845491167483488e+03 0.000000000000000000e+00 0.000000000000000000e+00
7.346534653465346988e-03 0.000000000000000000e+00 8.427638368781937288e+02 7.202733531819303184e-12 4.780370751179664239e+02 8.743872800993318378e+03 0.000000000000000000e+00 0.000000000000000000e+00
7.485148514851485725e-03 0.000000000000000000e+00 8.391773503073115990e+02 1.022750343204926120e-11 4.780446576835880137e+02 8.349580121134298679e+03 0.000000000000000000e+00 0.000000000000000000e+00
7.623762376237624462e-03 0.000000000000000000e+00 8.296146405430110917e+02 1.609735846116745838e-11 4.781181890474622946e+02 7.868154768494424388e+03 0.000000000000000000e+00 0.000000000000000000e+00
7.762376237623763199e-03 0.000000000000000000e+00 8.034604980341520104e+02 2.748904730504629564e-11 4.788946233793031979e+02 7.276290514371509744e+03 0.000000000000000000e+00 0.000000000000000000e+00
7.900990099009901069e-03 0.000000000000000000e+00 7.279126630754514053e+02 5.147363384465360218e-11 4.871106505823704538e+02 6.521973469038152871e+03 0.000000000000000000e+00 0.000000000000000000e+00
8.039603960396039806e-03 0.000000000000000000e+00 5.059218484059837806e+02 5.813684775562413359e-11 4.396236633495680053e+02 4.887698362299687687e+03 1.252688022108027099e+03 0.000000000000000000e+00
8.178217821782178543e-03 0.000000000000000000e+00 5.059065761257776330e+02 5.809207958261629048e-11 4.396236518747070363e+02 4.828384751018769748e+03 1.252690478523056527e+03 0.000000000000000000e+00
8.316831683168317280e-03 0.000000000000000000e+00 5.058470245214429610e+02 5.789976164622070690e-11 4.396235597481999662e+02 4.737880913346230955e+03 1.252703136820495047e+03 0.000000000000000000e+00
8.455445544554456017e-03 0.000000000000000000e+00 5.056273035598687784e+02 5.757865291838095900e-11 4.396228194780594549e+02 4.619497376774261284e+03 1.252766178067970486e+03 0.000000000000000000e+00
8.594059405940594754e-03 0.000000000000000000e+00 5.048308368981716399e+02 5.713596700630121717e-11 4.396166547238416911e+02 4.474575888808505624e+03 1.253081505288081416e+03 0.000000000000000000e+00
8.732673267326733491e-03 0.000000000000000000e+00 5.018393910218164820e+02 5.654789846296604451e-11 4.395613954108128496e+02 4.306848621424325756e+03 1.254742369380255013e+03 0.000000000000000000e+00
8.871287128712872228e-03 0.000000000000000000e+00 4.894655669735749939e+02 5.573482395448424834e-11 4.389997744273196076e+02 4.111892204374888934e+03 1.264524578819474755e+03 0.000000000000000000e+00
9.009900990099010964e-03 0.000000000000000000e+00 4.368365342172662054e+02 4.834078327611107017e-11 4.237123167297842770e+02 3.517392343876007544e+03 0.000000000000000000e+00 8.395447697255667663e+03
9.148514851485149701e-03 0.000000000000000000e+00 4.368562594764844107e+02 4.742097113643086087e-11 4.237122695046211902e+02 3.637688093541322814e+03 0.000000000000000000e+00 8.395124492088587431e+03
9.287128712871288438e-03 0.000000000000000000e+00 4.369474346237697091e+02 4.278418642682779979e-11 4.237118784162433940e+02 3.837633467899772768e+03 0.000000000000000000e+00 8.394172422212699530e+03
9.425742574257427175e-03 0.000000000000000000e+00 4.373452184919171373e+02 3.580329167222120584e-11 4.237086583648104465e+02 4.126875910461840249e+03 0.000000000000000000e+00 8.391633127716269883e+03
9.564356435643565912e-03 0.000000000000000000e+00 4.390425886395477733e+02 2.811745318353218680e-11 4.236812459087945513e+02 4.520764917077925929e+03 0.000000000000000000e+00 8.385385692306208512e+03
9.702970297029704649e-03 0.000000000000000000e+00 4.464576382329904050e+02 2.015296495386636842e-11 4.234316037453137369e+02 5.046147749586734790e+03 0.000000000000000000e+00 8.370493411805213327e+03
9.841584158415843386e-03 0.000000000000000000e+00 4.816412333585826104e+02 1.200230953689350184e-11 4.208651194061872616e+02 5.765413702104782715e+03 0.000000000000000000e+00 8.334281535085610813e+03
9.980198019801982123e-03 0.000000000000000000e+00 5.738438983872410972e+02 3.978940238490674540e-12 4.118675952674195742e+02 6.617578333016681427e+03 0.000000000000000000e+00 8.273192165290833145e+03
1.011881188118811913e-02 0.000000000000000000e+00 8.443917915821351698e+02 5.499127793573334289e-12 4.780361799288559723e+02 9.204927132262995656e+03 0.000000000000000000e+00 0.000000000000000000e+00
1.025742574257425786e-02 0.000000000000000000e+00 8.437430316629429399e+02 6.153825984170466312e-12 4.780363819866573749e+02 8.940453465225686159e+03 0.000000000000000000e+00 0.000000000000000000e+00
1.039603960396039660e-02 0.000000000000000000e+00 8.418553784663366741e+02 8.052788238253768185e-12 4.780382314031917872e+02 8.571296484062770105e+03 0.000000000000000000e+00 0.000000000000000000e+00
1.053465346534653534e-02 0.000000000000000000e+00 8.367376797096241035e+02 1.189685128780339522e-11 4.780556077204915368e+02 8.100889912955694854e+03 0.000000000000000000e+00 0.000000000000000000e+00
1.067326732673267407e-02 0.000000000000000000e+00 8.230332064478761822e+02 1.928175269291396763e-11 4.782294363278237483e+02 7.523941145140433946e+03 0.000000000000000000e+00 0.000000000000000000e+00
1.081188118811881281e-02 0.000000000000000000e+00 7.845523778359265634e+02 3.374801593235138421e-11 4.801723665881371517e+02 6.822889647390060418e+03 0.000000000000000000e+00 0.000000000000000000e+00
1.095049504950495155e-02 0.000000000000000000e+00 6.940737518758869555e+02 6.344445608677917209e-11 4.919146595666093162e+02 5.992006878654918182e+03 0.000000000000000000e+00 0.000000000000000000e+00
1.108910891089109028e-02 0.000000000000000000e+00 5.048980415038603837e+02 5.665032093537405638e-11 4.396171188485645871e+02 4.689133969642734883e+03 1.253056152203635975e+03 0.000000000000000000e+00
1.122772277227722902e-02 0.000000000000000000e+00 5.021079842433184126e+02 5.290697296048689925e-11 4.395657198032920405e+02 4.696275295972461208e+03 1.254605239020033650e+03 0.000000000000000000e+00
1.136633663366336776e-02 0.000000000000000000e+00 4.905772713907591083e+02 4.492185378684812134e-11 4.390432260927803441e+02 4.740862482380290203e+03 1.263724719934259383e+03 0.000000000000000000e+00
1.150495049504950650e-02 0.000000000000000000e+00 4.380118820212611013e+02 3.145639638689530822e-11 4.237000961292344527e+02 4.338126679507797235e+03 0.000000000000000000e+00 8.388745984896226219e+03
1.164356435643564523e-02 0.000000000000000000e+00 4.419143118308206795e+02 2.360676880554664234e-11 4.236055057304178604e+02 4.807884633829144150e+03 0.000000000000000000e+00 8.378494504139811397e+03
1.178217821782178397e-02 0.000000000000000000e+00 4.595835630535141831e+02 1.546692221546964076e-11 4.226929084357118995e+02 5.454133631820021037e+03 0.000000000000000000e+00 8.354026284559597116e+03
1.192079207920792271e-02 0.000000000000000000e+00 5.371936582622721517e+02 7.121641262776457510e-12 4.154206508643427469e+02 6.378547275223127144e+03 0.000000000000000000e+00 8.297623386861345352e+03
1.205940594059406144e-02 0.000000000000000000e+00 8.446651480667711667e+02 5.407322256191485772e-12 4.780361556788260486e+02 9.525502750961031779e+03 0.000000000000000000e+00 0.000000000000000000e+00
1.219801980198019845e-02 0.000000000000000000e+00 8.446651480667711667e+02 5.407322256191485772e-12 4.780361556788260486e+02 9.525502750961031779e+03 0.000000000000000000e+00 0.000000000000000000e+00
1.233663366336633718e-02 0.000000000000000000e+00 8.446651480667711667e+02 5.407322256191485772e-12 4.780361556788260486e+02 9.525502750961031779e+03 0.000000000000000000e+00 0.000000000000000000e+00
1.247524752475247592e-02 0.000000000000000000e+00 8.446651480667711667e+02 5.407322256191485772e-12 4.780361556788260486e+02 9.525502750961031779e+03 0.000000000000000000e+00 0.000000000000000000e+00
1.261386138613861466e-02 0.000000000000000000e+00 8.446651480667711667e+02 5.407322256191485772e-12 4.780361556788260486e+02 9.525502750961031779e+03 0.000000000000000000e+00 0.000000000000000000e+00
1.275247524752475339e-02 0.000000000000000000e+00 8.446651480667711667e+02 5.407322256191485772e-12 4.780361556788260486e+02 9.525502750961031779e+03 0.000000000000000000e+00 0.000000000000000000e+00
1.289108910891089213e-02 0.000000000000000000e+00 8.446651480667711667e+02 5.407322256191485772e-12 4.780361556788260486e+02 9.525502750961031779e+03 0.000000000000000000e+00 0.000000000000000000e+00
1.302970297029703087e-02 0.000000000000000000e+00 8.446651480667711667e+02 5.407322256191485772e-12 4.780361556788260486e+02 9.525502750961031779e+03 0.000000000000000000e+00 0.000000000000000000e+00
1.316831683168316960e-02 0.000000000000000000e+00 8.446651480667711667e+02 5.407322256191486580e-12 4.780361556788260486e+02 9.525502750961031779e+03 0.000000000000000000e+00 0.000000000000000000e+00
1.330693069306930834e-02 0.000000000000000000e+00 8.446651480667711667e+02 5.407322256191487388e-12 4.780361556788260486e+02 9.525502750961031779e+03 0.000000000000000000e+00 0.000000000000000000e+00
1.344554455445544708e-02 0.000000000000000000e+00 8.446651480667711667e+02 5.407322256191484964e-12 4.780361556788260486e+02 9.525502750961031779e+03 0.000000000000000000e+00 0.000000000000000000e+00
1.358415841584158582e-02 0.000000000000000000e+00 8.446651480667711667e+02 5.407322256191488195e-12 4.780361556788260486e+02 9.525502750961031779e+03 0.000000000000000000e+00 0.000000000000000000e+00
1.372277227722772455e-02 0.000000000000000000e+00 8.446651480667711667e+02 5.407322256191487388e-12 4.780361556788260486e+02 9.525502750961031779e+03 0.000000000000000000e+00 0.000000000000000000e+00
1.386138613861386329e-02 0.000000000000000000e+00 0.000000000000000000e+00 0.000000000000000000e+00 0.000000000000000000e+00 0.000000000000000000e+00 0.000000000000000000e+00 0.000000000000000000e+00
