0.000000000000000000e+00 1.000000000000000000e+00 6.000000000000000000e+00 7.000000000000000000e+00 8.000000000000000000e+00 1.400000000000000000e+01 2.600000000000000000e+01 2.900000000000000000e+01
0.000000000000000000e+00 0.000000000000000000e+00 8.446471695902951069e+02 5.407322256191482541e-12 4.780438357673608607e+02 9.525502750961019046e+03 0.000000000000000000e+00 0.000000000000000000e+00
1.386138613861386286e-04 0.000000000000000000e+00 8.446471695902951069e+02 5.407322256191482541e-12 4.780438357673608607e+02 9.525502750961019046e+03 0.000000000000000000e+00 0.000000000000000000e+00
2.772277227722772571e-04 0.000000000000000000e+00 8.446471695902951069e+02 5.407322256191482541e-12 4.780438357673608607e+02 9.525502750961019046e+03 0.000000000000000000e+00 0.000000000000000000e+00
4.158415841584158857e-04 0.000000000000000000e+00 8.446471695902951069e+02 5.407322256191482541e-12 4.780438357673608607e+02 9.525502750961019046e+03 0.000000000000000000e+00 0.000000000000000000e+00
5.544554455445545142e-04 0.000000000000000000e+00 8.446471695902951069e+02 5.407322256191482541e-12 4.780438357673608607e+02 9.525502750961019046e+03 0.000000000000000000e+00 0.000000000000000000e+00
6.930693069306931428e-04 0.000000000000000000e+00 8.446468906432171480e+02 5.407332669444492308e-12 4.780438357688981910e+02 9.518906837266680668e+03 0.000000000000000000e+00 0.000000000000000000e+00
8.316831683168317713e-04 0.000000000000000000e+00 8.446406561551381174e+02 5.407538105368927557e-12 4.780438358382202182e+02 9.488950144111882764e+03 0.000000000000000000e+00 0.000000000000000000e+00
9.702970297029703999e-04 0.000000000000000000e+00 8.446039041440417350e+02 5.410335304779493463e-12 4.780438368168316288e+02 9.419013686486969164e+03 0.000000000000000000e+00 0.000000000000000000e+00
1.108910891089109028e-03 0.000000000000000000e+00 8.444591983916494655e+02 5.443449832286248390e-12 4.780438470885450783e+02 9.288295070640229824e+03 0.000000000000000000e+00 0.000000000000000000e+00
1.247524752475247765e-03 0.000000000000000000e+00 8.439813399928884792e+02 5.791049462602372224e-12 4.780439446909630874e+02 9.069484135324781164e+03 0.000000000000000000e+00 0.000000000000000000e+00
1.386138613861386286e-03 0.000000000000000000e+00 8.425403000734102079e+02 7.239176239768652393e-12 4.780448554220764663e+02 8.750710749451409356e+03 0.000000000000000000e+00 0.000000000000000000e+00
1.524752475247524806e-03 0.000000000000000000e+00 8.385483930718028205e+02 1.036900080601671831e-11 4.780534780960807666e+02 8.345250720571832062e+03 0.000000000000000000e+00 0.000000000000000000e+00
1.663366336633663543e-03 0.000000000000000000e+00 8.277849221517262777e+02 1.649849123558681507e-11 4.781397401623274277e+02 7.847932251491332863e+03 0.000000000000000000e+00 0.000000000000000000e+00
1.801980198019802280e-03 0.000000000000000000e+00 7.976444920793934443e+02 2.864958124202430666e-11 4.790960807547038485e+02 7.233645479020695348e+03 0.000000000000000000e+00 0.000000000000000000e+00
1.940594059405940800e-03 0.000000000000000000e+00 6.995467980660368994e+02 5.582056448594644087e-11 4.924541590635387820e+02 6.412445390123653851e+03 0.000000000000000000e+00 0.000000000000000000e+00
2.079207920792079320e-03 0.000000000000000000e+00 5.059197763240564427e+02 5.814317900904892179e-11 4.396297051837323693e+02 4.950611120047317854e+03 1.252689858545247944e+03 0.000000000000000000e+00
2.217821782178218057e-03 0.000000000000000000e+00 5.059197763240564427e+02 5.814317900904892179e-11 4.396297051837323693e+02 4.950611120047317854e+03 1.252689858545247944e+03 0.000000000000000000e+00
2.356435643564356794e-03 0.000000000000000000e+00 5.059197763240564427e+02 5.814317900904892179e-11 4.396297051837323693e+02 4.950611120047317854e+03 1.252689858545247944e+03 0.000000000000000000e+00
2.495049504950495531e-03 0.000000000000000000e+00 5.059197763240564427e+02 5.814317900904892179e-11 4.396297051837323693e+02 4.950611120047317854e+03 1.252689858545247944e+03 0.000000000000000000e+00
2.633663366336633834e-03 0.000000000000000000e+00 5.059197760827479442e+02 5.814317806674253943e-11 4.396297051837129288e+02 4.950094432015679558e+03 1.252689858559916956e+03 0.000000000000000000e+00
2.772277227722772571e-03 0.000000000000000000e+00 5.059197261486265234e+02 5.814315250311202767e-11 4.396297051783202505e+02 4.945069744309274029e+03 1.252689862161561678e+03 0.000000000000000000e+00
2.910891089108911308e-03 0.000000000000000000e+00 5.059192167720592010e+02 5.814284488788899326e-11 4.396297050869210921e+02 4.930636988020783974e+03 1.252689908259477306e+03 0.000000000000000000e+00
3.049504950495049611e-03 0.000000000000000000e+00 5.059163961323108083e+02 5.813969527623377062e-11 4.396297041611794043e+02 4.900841781650260600e+03 1.252690236176466442e+03 0.000000000000000000e+00
3.188118811881188348e-03 0.000000000000000000e+00 5.059039668037268598e+02 5.811107162176616408e-11 4.396296962078102979e+02 4.847831216003062764e+03 1.252692119827667739e+03 0.000000000000000000e+00
3.326732673267327085e-03 0.000000000000000000e+00 5.058542494150757420e+02 5.794877676931029626e-11 4.396296309633248143e+02 4.762748654992937190e+03 1.252702071843323893e+03 0.000000000000000000e+00
3.465346534653465822e-03 0.000000000000000000e+00 5.056675430461387464e+02 5.764383530060983385e-11 4.396290984183390265e+02 4.647699719652005115e+03 1.252752502603455468e+03 0.000000000000000000e+00
3.603960396039604559e-03 0.000000000000000000e+00 5.049833619488310319e+02 5.721191159532103391e-11 4.396246025782644438e+02 4.502625672907472108e+03 1.253007696952468905e+03 0.000000000000000000e+00
3.742574257425742863e-03 0.000000000000000000e+00 5.023884192616741871e+02 5.663124681946943249e-11 4.395836157340369255e+02 4.321542864990771704e+03 1.254367367738424946e+03 0.000000000000000000e+00
3.881188118811881600e-03 0.000000000000000000e+00 4.914369104442676530e+02 5.582977982102128138e-11 4.391504831195925931e+02 4.088068994264753655e+03 1.262572478030668208e+03 0.000000000000000000e+00
4.019801980198019903e-03 0.000000000000000000e+00 4.368280823904581780e+02 4.846864675292707959e-11 4.237183060191719051e+02 3.405235190571871499e+03 0.000000000000000000e+00 8.395392149885805338e+03
4.158415841584158640e-03 0.000000000000000000e+00 4.368280823904581780e+02 4.846864675292707959e-11 4.237183060191719051e+02 3.405235190571871499e+03 0.000000000000000000e+00 8.395392149885805338e+03
4.297029702970297377e-03 0.000000000000000000e+00 4.368280823904581780e+02 4.846864675292707959e-11 4.237183060191719051e+02 3.405235190571871499e+03 0.000000000000000000e+00 8.395392149885805338e+03
4.435643564356436114e-03 0.000000000000000000e+00 4.368280823904581780e+02 4.846864675292707959e-11 4.237183060191719051e+02 3.405235190571871499e+03 0.000000000000000000e+00 8.395392149885805338e+03
4.574257425742574851e-03 0.000000000000000000e+00 4.368280823904581780e+02 4.846864478274960846e-11 4.237183060191719051e+02 3.405304984184758268e+03 0.000000000000000000e+00 8.395392149885805338e+03
4.712871287128713588e-03 0.000000000000000000e+00 4.368280933250928797e+02 4.846839053857315086e-11 4.237183060129493697e+02 3.409973980145145561e+03 0.000000000000000000e+00 8.395391470994332849e+03
4.851485148514852325e-03 0.000000000000000000e+00 4.368283400801037715e+02 4.846481434115506943e-11 4.237183058281473222e+02 3.429348758572733459e+03 0.000000000000000000e+00 8.395380491914025697e+03
4.990099009900991062e-03 0.000000000000000000e+00 4.368302847183350650e+02 4.842629897180701939e-11 4.237183036408669636e+02 3.475946567028970549e+03 0.000000000000000000e+00 8.395321926501897906e+03
5.128712871287128931e-03 0.000000000000000000e+00 4.368411657375186792e+02 4.806246808620341558e-11 4.237182835460716888e+02 3.567707167841824685e+03 0.000000000000000000e+00 8.395106477613364405e+03
5.267326732673267668e-03 0.000000000000000000e+00 4.368937312318938666e+02 4.523489664193809371e-11 4.237181130581952857e+02 3.730794798549182360e+03 0.000000000000000000e+00 8.394439397786101836e+03
5.405940594059406405e-03 0.000000000000000000e+00 4.371307585920702650e+02 3.866329581205988121e-11 4.237166868058176306e+02 3.983705438530384527e+03 0.000000000000000000e+00 8.392574847402294836e+03
5.544554455445545142e-03 0.000000000000000000e+00 4.381584412793545766e+02 3.095696191545786952e-11 4.237045232856035000e+02 4.337257287004970749e+03 0.000000000000000000e+00 8.387843017297411279e+03
5.683168316831683879e-03 0.000000000000000000e+00 4.426574376726795776e+02 2.281149803125409083e-11 4.235943563665945248e+02 4.821897935471438359e+03 0.000000000000000000e+00 8.376384060783002496e+03
5.821782178217822616e-03 0.000000000000000000e+00 4.637360568780762833e+02 1.432068150331911348e-11 4.224806533945213118e+02 5.501755511758708053e+03 0.000000000000000000e+00 8.348425887811092252e+03
5.960396039603961353e-03 0.000000000000000000e+00 5.798622722997312167e+02 4.820628623669013325e-12 4.091858560807900744e+02 6.556157264709389892e+03 0.000000000000000000e+00 8.273706506313919817e+03
6.099009900990099223e-03 0.000000000000000000e+00 8.446471695902951069e+02 5.407322256191482541e-12 4.780438357673608607e+02 9.525502750961019046e+03 0.000000000000000000e+00 0.000000000000000000e+00
6.237623762376237960e-03 0.000000000000000000e+00 8.446471695902951069e+02 5.407322256191482541e-12 4.780438357673608607e+02 9.525502750961019046e+03 0.000000000000000000e+00 0.000000000000000000e+00
6.376237623762376697e-03 0.000000000000000000e+00 8.446471695902951069e+02 5.407322256191482541e-12 4.780438357673608607e+02 9.525502750961019046e+03 0.000000000000000000e+00 0.000000000000000000e+00
6.514851485148515434e-03 0.000000000000000000e+00 8.446471695902951069e+02 5.407322256191482541e-12 4.780438357673608607e+02 9.525502750961019046e+03 0.000000000000000000e+00 0.000000000000000000e+00
6.653465346534654171e-03 0.000000000000000000e+00 8.446471160014848465e+02 5.407325774405406306e-12 4.780438357676275700e+02 9.522477113898046809e+03 0.000000000000000000e+00 0.000000000000000000e+00
6.792079207920792908e-03 0.000000000000000000e+00 8.446439144132726824e+02 5.407419585875447326e-12 4.780438357962835880e+02 9.500884171179803161e+03 0.000000000000000000e+00 0.000000000000000000e+00
6.930693069306931645e-03 0.000000000000000000e+00 8.446204719105398908e+02 5.408777905882467765e-12 4.780438362783422690e+02 9.444113109047728358e+03 0.000000000000000000e+00 0.000000000000000000e+00
7.069306930693070382e-03 0.000000000000000000e+00 8.445203375427006449e+02 5.425496605621544395e-12 4.780438416100801646e+02 9.333166493542947137e+03 0.000000000000000000e+00 0.000000000000000000e+00
7.207920792079209119e-03 0.000000000000000000e+00 8.441768074608273764e+02 5.605914714112686938e-12 4.780438931719718312e+02 9.143033813981366620e+03 0.000000000000000000e+00 0.000000000000000000e+00
7.346534653465346988e-03 0.000000000000000000e+00 8.431153317389517952e+02 6.689058422100974366e-12 4.780443752683336811e+02 8.851022096827988207e+03 0.000000000000000000e+00 0.000000000000000000e+00
7.485148514851485725e-03 0.000000000000000000e+00 8.401141565815649983e+02 9.245243353167823268e-12 4.780488995463683750e+02 8.470307695699573742e+03 0.000000000000000000e+00 0.000000000000000000e+00
7.623762376237624462e-03 0.000000000000000000e+00 8.320161975223360287e+02 1.430966852782176218e-11 4.780932706462400574e+02 8.000609899726344338e+03 0.000000000000000000e+00 0.000000000000000000e+00
7.762376237623763199e-03 0.000000000000000000e+00 8.097313073901069629e+02 2.423698198014629965e-11 4.785682908320893034e+02 7.419321851925674309e+03 0.000000000000000000e+00 0.000000000000000000e+00
7.900990099009901069e-03 0.000000000000000000e+00 7.417476375952096532e+02 4.524850200088103787e-11 4.846366775934565112e+02 6.667300199522926050e+03 0.000000000000000000e+00 0.000000000000000000e+00
8.039603960396039806e-03 0.000000000000000000e+00 5.059167757617134384e+02 5.814022624049728329e-11 4.396297043145531802e+02 4.903622758682587119e+03 1.252690188111523867e+03 0.000000000000000000e+00
8.178217821782178543e-03 0.000000000000000000e+00 5.059055402979815881e+02 5.811594055864337134e-11 4.396296974718205206e+02 4.852627491323400136e+03 1.252691857965351119e+03 0.000000000000000000e+00
8.316831683168317280e-03 0.000000000000000000e+00 5.058603928522437627e+02 5.796593158469386134e-11 4.396296412537936362e+02 4.769886982609201368e+03 1.252700713162707643e+03 0.000000000000000000e+00
8.455445544554456017e-03 0.000000000000000000e+00 5.056902505695535979e+02 5.766997078696286669e-11 4.396291829619585201e+02 4.656885797424608427e+03 1.252745661890271776e+03 0.000000000000000000e+00
8.594059405940594754e-03 0.000000000000000000e+00 5.050669845415105215e+02 5.724708565419010812e-11 4.396253301080087112e+02 4.514353258736830867e+03 1.252972703651970733e+03 0.000000000000000000e+00
8.732673267326733491e-03 0.000000000000000000e+00 5.027129301233884462e+02 5.667731563654108459e-11 4.395904450701876840e+02 4.343453317413788682e+03 1.254175972056602632e+03 0.000000000000000000e+00
8.871287128712872228e-03 0.000000000000000000e+00 4.928942769121844663e+02 5.589023846878016713e-11 4.392271955846510423e+02 4.140301410710091659e+03 1.261342131202180553e+03 0.000000000000000000e+00
9.009900990099010964e-03 0.000000000000000000e+00 4.368309704795776156e+02 4.841043447117525609e-11 4.237183026996161175e+02 3.485765951119829424e+03 0.000000000000000000e+00 8.395304769384045358e+03
9.148514851485149701e-03 0.000000000000000000e+00 4.368446816115201727e+02 4.792099233073822086e-11 4.237182753321744144e+02 3.585785545065189581e+03 0.000000000000000000e+00 8.395049668799236315e+03
9.287128712871288438e-03 0.000000000000000000e+00 4.369101526891118397e+02 4.442267381549329881e-11 4.237180437086217921e+02 3.761396148910274860e+03 0.000000000000000000e+00 8.394271713003119658e+03
9.425742574257427175e-03 0.000000000000000000e+00 4.372028868882448478e+02 3.760791916977759348e-11 4.237161079372629047e+02 4.027511640209081634e+03 0.000000000000000000e+00 8.392131211343938048e+03
9.564356435643565912e-03 0.000000000000000000e+00 4.384699395470408376e+02 2.981461735814517936e-11 4.236994921081580969e+02 4.397322647132629754e+03 0.000000000000000000e+00 8.386753377491604624e+03
9.702970297029704649e-03 0.000000000000000000e+00 4.440483981965713838e+02 2.158289665113596267e-11 4.235471796175588111e+02 4.899906313418545324e+03 0.000000000000000000e+00 8.373756791020818127e+03
9.841584158415843386e-03 0.000000000000000000e+00 4.706406026235696345e+02 1.311931525299597181e-11 4.219689427486035811e+02 5.594779435323256621e+03 0.000000000000000000e+00 8.341779262027448567e+03
9.980198019801982123e-03 0.000000000000000000e+00 6.045687494980013525e+02 4.097845468731938909e-12 4.059792968805256805e+02 6.615184773742421385e+03 0.000000000000000000e+00 8.260167024353737361e+03
1.011881188118811913e-02 0.000000000000000000e+00 8.444405546254353112e+02 5.450577997819314052e-12 4.780438490816376316e+02 9.275415283328124133e+03 0.000000000000000000e+00 0.000000000000000000e+00
1.025742574257425786e-02 0.000000000000000000e+00 8.439213691839855755e+02 5.854350656614369188e-12 4.780439637469181662e+02 9.042201349529472282e+03 0.000000000000000000e+00 0.000000000000000000e+00
1.039603960396039660e-02 0.000000000000000000e+00 8.423660029478133993e+02 7.397232439573267387e-12 4.780450316824678225e+02 8.696890344897272371e+03 0.000000000000000000e+00 0.000000000000000000e+00
1.053465346534653534e-02 0.000000000000000000e+00 8.380738090960517184e+02 1.068332968300417694e-11 4.780551623675794986e+02 8.245557923400458094e+03 0.000000000000000000e+00 0.000000000000000000e+00
1.067326732673267407e-02 0.000000000000000000e+00 8.264851512236153894e+02 1.709708133906684169e-11 4.781571575764931481e+02 7.678848046153524592e+03 0.000000000000000000e+00 0.000000000000000000e+00
1.081188118811881281e-02 0.000000000000000000e+00 7.938674371489469195e+02 2.976983718498424921e-11 4.792985409677042981e+02 6.977221944362593604e+03 0.000000000000000000e+00 0.000000000000000000e+00
1.095049504950495155e-02 0.000000000000000000e+00 6.866796119426811629e+02 5.853290498828334244e-11 4.951760651461282237e+02 6.070215756813817279e+03 0.000000000000000000e+00 0.000000000000000000e+00
1.108910891089109028e-02 0.000000000000000000e+00 5.051187784319814682e+02 5.701596288237400232e-11 4.396256348169185344e+02 4.680635825440585904e+03 1.252954301532449790e+03 0.000000000000000000e+00
1.122772277227722902e-02 0.000000000000000000e+00 5.029229037998291574e+02 5.454326281989709573e-11 4.395933153880496320e+02 4.666458422673229506e+03 1.254075204557695997e+03 0.000000000000000000e+00
1.136633663366336776e-02 0.000000000000000000e+00 4.938030575641213886e+02 4.707990828257423446e-11 4.392592475174969877e+02 4.692700893298446317e+03 1.260720962397494077e+03 0.000000000000000000e+00
1.150495049504950650e-02 0.000000000000000000e+00 4.377020334694666985e+02 3.322212742072109047e-11 4.237108440710416062e+02 4.224497859277696989e+03 0.000000000000000000e+00 8.389648307135388677e+03
1.164356435643564523e-02 0.000000000000000000e+00 4.406422019697339465e+02 2.512257076405850530e-11 4.236525059788427825e+02 4.667215680062709907e+03 0.000000000000000000e+00 8.380731351969558091e+03
1.178217821782178397e-02 0.000000000000000000e+00 4.540492351013375014e+02 1.668614770563074952e-11 4.230850780604930605e+02 5.280936304124348680e+03 0.000000000000000000e+00 8.359158323172938253e+03
1.192079207920792271e-02 0.000000000000000000e+00 5.252554070348352298e+02 8.057206765282939619e-12 4.163316242416057094e+02 6.197838927994504957e+03 0.000000000000000000e+00 8.303103625837782602e+03
1.205940594059406144e-02 0.000000000000000000e+00 8.446471695902951069e+02 5.407322256191482541e-12 4.780438357673608607e+02 9.525502750961019046e+03 0.000000000000000000e+00 0.000000000000000000e+00
1.219801980198019845e-02 0.000000000000000000e+00 8.446471695902951069e+02 5.407322256191482541e-12 4.780438357673608607e+02 9.525502750961019046e+03 0.000000000000000000e+00 0.000000000000000000e+00
1.233663366336633718e-02 0.000000000000000000e+00 8.446471695902951069e+02 5.407322256191482541e-12 4.780438357673608607e+02 9.525502750961019046e+03 0.000000000000000000e+00 0.000000000000000000e+00
1.247524752475247592e-02 0.000000000000000000e+00 8.446471695902951069e+02 5.407322256191482541e-12 4.780438357673608607e+02 9.525502750961019046e+03 0.000000000000000000e+00 0.000000000000000000e+00
1.261386138613861466e-02 0.000000000000000000e+00 8.446471695902951069e+02 5.407322256191482541e-12 4.780438357673608607e+02 9.525502750961019046e+03 0.000000000000000000e+00 0.000000000000000000e+00
1.275247524752475339e-02 0.000000000000000000e+00 8.446471695902951069e+02 5.407322256191482541e-12 4.780438357673608607e+02 9.525502750961019046e+03 0.000000000000000000e+00 0.000000000000000000e+00
1.289108910891089213e-02 0.000000000000000000e+00 8.446471695902951069e+02 5.407322256191482541e-12 4.780438357673608607e+02 9.525502750961017227e+03 0.000000000000000000e+00 0.000000000000000000e+00
1.302970297029703087e-02 0.000000000000000000e+00 8.446471695902951069e+02 5.407322256191482541e-12 4.780438357673608607e+02 9.525502750961017227e+03 0.000000000000000000e+00 0.000000000000000000e+00
1.316831683168316960e-02 0.000000000000000000e+00 8.446471695902951069e+02 5.407322256191484156e-12 4.780438357673608607e+02 9.525502750961015408e+03 0.000000000000000000e+00 0.000000000000000000e+00
1.330693069306930834e-02 0.000000000000000000e+00 8.446471695902951069e+02 5.407322256191483349e-12 4.780438357673608607e+02 9.525502750961013589e+03 0.000000000000000000e+00 0.000000000000000000e+00
1.344554455445544708e-02 0.000000000000000000e+00 8.446471695902951069e+02 5.407322256191486580e-12 4.780438357673608607e+02 9.525502750961011770e+03 0.000000000000000000e+00 0.000000000000000000e+00
1.358415841584158582e-02 0.000000000000000000e+00 8.446471695902951069e+02 5.407322256191480117e-12 4.780438357673608607e+02 9.525502750961013589e+03 0.000000000000000000e+00 0.000000000000000000e+00
1.372277227722772455e-02 0.000000000000000000e+00 8.446471695902951069e+02 5.407322256191487388e-12 4.780438357673608607e+02 9.525502750961011770e+03 0.000000000000000000e+00 0.000000000000000000e+00
1.386138613861386329e-02 0.000000000000000000e+00 0.000000000000000000e+00 0.000000000000000000e+00 0.000000000000000000e+00 0.000000000000000000e+00 0.000000000000000000e+00 0.000000000000000000e+00
