0.000000000000000000e+00 1.000000000000000000e+00 6.000000000000000000e+00 7.000000000000000000e+00 8.000000000000000000e+00 1.400000000000000000e+01 2.600000000000000000e+01 2.900000000000000000e+01
0.000000000000000000e+00 0.000000000000000000e+00 8.446471695902951069e+02 5.407322256191482541e-12 4.780438357673608607e+02 9.525502750961019046e+03 0.000000000000000000e+00 0.000000000000000000e+00
1.386138613861386286e-04 0.000000000000000000e+00 8.446471695902951069e+02 5.407322256191480925e-12 4.780438357673608607e+02 9.525502750961013589e+03 0.000000000000000000e+00 0.000000000000000000e+00
2.772277227722772571e-04 0.000000000000000000e+00 8.446471695902951069e+02 5.407322256191480925e-12 4.780438357673608607e+02 9.525502750961013589e+03 0.000000000000000000e+00 0.000000000000000000e+00
4.158415841584158857e-04 0.000000000000000000e+00 8.446471695902951069e+02 5.407322256191481733e-12 4.780438357673608607e+02 9.525502750961009951e+03 0.000000000000000000e+00 0.000000000000000000e+00
5.544554455445545142e-04 0.000000000000000000e+00 8.446471695902951069e+02 5.407322256191484156e-12 4.780438357673608607e+02 9.525502750961011770e+03 0.000000000000000000e+00 0.000000000000000000e+00
6.930693069306931428e-04 0.000000000000000000e+00 8.446471695902951069e+02 5.407322256191484156e-12 4.780438357673608607e+02 9.525502750961017227e+03 0.000000000000000000e+00 0.000000000000000000e+00
8.316831683168317713e-04 0.000000000000000000e+00 8.446471695902951069e+02 5.407322256191482541e-12 4.780438357673608607e+02 9.525502750961013589e+03 0.000000000000000000e+00 0.000000000000000000e+00
9.702970297029703999e-04 0.000000000000000000e+00 8.446471695902951069e+02 5.407322256191482541e-12 4.780438357673608607e+02 9.525502750961015408e+03 0.000000000000000000e+00 0.000000000000000000e+00
1.108910891089109028e-03 0.000000000000000000e+00 8.446471695902951069e+02 5.407322256191482541e-12 4.780438357673608607e+02 9.525502750961019046e+03 0.000000000000000000e+00 0.000000000000000000e+00
1.247524752475247765e-03 0.000000000000000000e+00 8.446471695902951069e+02 5.407322256191482541e-12 4.780438357673608607e+02 9.525502750961019046e+03 0.000000000000000000e+00 0.000000000000000000e+00
1.386138613861386286e-03 0.000000000000000000e+00 8.446471695902951069e+02 5.407322256191482541e-12 4.780438357673608607e+02 9.525502750961019046e+03 0.000000000000000000e+00 0.000000000000000000e+00
1.524752475247524806e-03 0.000000000000000000e+00 8.446471695902951069e+02 5.407322256191482541e-12 4.780438357673608607e+02 9.525502750961019046e+03 0.000000000000000000e+00 0.000000000000000000e+00
1.663366336633663543e-03 0.000000000000000000e+00 8.446471695902951069e+02 5.407322256191482541e-12 4.780438357673608607e+02 9.525502750961019046e+03 0.000000000000000000e+00 0.000000000000000000e+00
1.801980198019802280e-03 0.000000000000000000e+00 8.446471695902951069e+02 5.407322256191482541e-12 4.780438357673608607e+02 9.525502750961019046e+03 0.000000000000000000e+00 0.000000000000000000e+00
1.940594059405940800e-03 0.000000000000000000e+00 8.446471695902951069e+02 5.407322256191482541e-12 4.780438357673608607e+02 9.525502750961019046e+03 0.000000000000000000e+00 0.000000000000000000e+00
2.079207920792079320e-03 0.000000000000000000e+00 5.853501878328802377e+02 1.023403665638409794e-11 4.308401815313071097e+02 7.117672834705253990e+03 1.228597818945157087e+03 0.000000000000000000e+00
2.217821782178218057e-03 0.000000000000000000e+00 5.240938921695261570e+02 2.098871695477669431e-11 4.388486266848598234e+02 6.423170353154338045e+03 1.248547386620984071e+03 0.000000000000000000e+00
2.356435643564356794e-03 0.000000000000000000e+00 5.105811911494315609e+02 3.142336863010640730e-11 4.395457846435855913e+02 5.945659192210694528e+03 1.251856690477668053e+03 0.000000000000000000e+00
2.495049504950495531e-03 0.000000000000000000e+00 5.071427712121057425e+02 4.135572756699706608e-11 4.396198821709215849e+02 5.594066767643977073e+03 1.252512445810051076e+03 0.000000000000000000e+00
2.633663366336633834e-03 0.000000000000000000e+00 5.062317102248427432e+02 5.044719920615601676e-11 4.396285062367905994e+02 5.334199218294259481e+03 1.252651981612126292e+03 0.000000000000000000e+00
2.772277227722772571e-03 0.000000000000000000e+00 5.059940140831687359e+02 5.674531806382149138e-11 4.396295589229039820e+02 5.152422796253475099e+03 1.252682133528755458e+03 0.000000000000000000e+00
2.910891089108911308e-03 0.000000000000000000e+00 5.059356261931623635e+02 5.800120049469484318e-11 4.396296880059181262e+02 5.043909332699986408e+03 1.252688406717077441e+03 0.000000000000000000e+00
3.049504950495049611e-03 0.000000000000000000e+00 5.059225097002432108e+02 5.813056434007518483e-11 4.396297034150414902e+02 4.985912208015408396e+03 1.252689631211961796e+03 0.000000000000000000e+00
3.188118811881188348e-03 0.000000000000000000e+00 5.059200686415005066e+02 5.814227094396392064e-11 4.396297050593232143e+02 4.959501379864163937e+03 1.252689835719038228e+03 0.000000000000000000e+00
3.326732673267327085e-03 0.000000000000000000e+00 5.059197831821194313e+02 5.814315412554586474e-11 4.396297051815138275e+02 4.951206750521619142e+03 1.252689858016446124e+03 0.000000000000000000e+00
3.465346534653465822e-03 0.000000000000000000e+00 5.059197763240564427e+02 5.814317900904892179e-11 4.396297051837323693e+02 4.950611120047317854e+03 1.252689858545247944e+03 0.000000000000000000e+00
3.603960396039604559e-03 0.000000000000000000e+00 5.059197763240564427e+02 5.814317900904892179e-11 4.396297051837323693e+02 4.950611120047317854e+03 1.252689858545247944e+03 0.000000000000000000e+00
3.742574257425742863e-03 0.000000000000000000e+00 5.059197763240564427e+02 5.814317900904892179e-11 4.396297051837323693e+02 4.950611120047317854e+03 1.252689858545247944e+03 0.000000000000000000e+00
3.881188118811881600e-03 0.000000000000000000e+00 5.059197763240564427e+02 5.814317900904892179e-11 4.396297051837323693e+02 4.950611120047317854e+03 1.252689858545247944e+03 0.000000000000000000e+00
4.019801980198019903e-03 0.000000000000000000e+00 4.739137827963471068e+02 5.112526024782499112e-11 4.259933990612184402e+02 4.325281940932984071e+03 0.000000000000000000e+00 6.767276915884924165e+03
4.158415841584158640e-03 0.000000000000000000e+00 4.443729552715486193e+02 5.014777093241774963e-11 4.239418182752449979e+02 4.030768297071685993e+03 0.000000000000000000e+00 7.849309919330241428e+03
4.297029702970297377e-03 0.000000000000000000e+00 4.384557767430307536e+02 4.952419988747841625e-11 4.237401709634603435e+02 3.836920765234698138e+03 0.000000000000000000e+00 8.200326235113803705e+03
4.435643564356436114e-03 0.000000000000000000e+00 4.372043399067334803e+02 4.907348134310957237e-11 4.237207089926587855e+02 3.693665503817737772e+03 0.000000000000000000e+00 8.323705777564884556e+03
4.574257425742574851e-03 0.000000000000000000e+00 4.369159280541037447e+02 4.875048879594292863e-11 4.237185864198124250e+02 3.585500346249923041e+03 0.000000000000000000e+00 8.369809155002367334e+03
4.712871287128713588e-03 0.000000000000000000e+00 4.368478308497892044e+02 4.854375631956381167e-11 4.237183393929792601e+02 3.505969234077062538e+03 0.000000000000000000e+00 8.386932297003135318e+03
4.851485148514852325e-03 0.000000000000000000e+00 4.368322013381394981e+02 4.847670174554960778e-11 4.237183099070868479e+02 3.454469344641791395e+03 0.000000000000000000e+00 8.392870870661219669e+03
4.990099009900991062e-03 0.000000000000000000e+00 4.368288268334500799e+02 4.846939292652638027e-11 4.237183064365465270e+02 3.425844689403578286e+03 0.000000000000000000e+00 8.394757152022613809e+03
5.128712871287128931e-03 0.000000000000000000e+00 4.368281805062988497e+02 4.846870608200076428e-11 4.237183060543459874e+02 3.411688411166835067e+03 0.000000000000000000e+00 8.395278446725846152e+03
5.267326732673267668e-03 0.000000000000000000e+00 4.368280881020127708e+02 4.846864967846750729e-11 4.237183060206099299e+02 3.406209264673064354e+03 0.000000000000000000e+00 8.395383414189582254e+03
5.405940594059406405e-03 0.000000000000000000e+00 4.368280823904581780e+02 4.846864675292707959e-11 4.237183060191719051e+02 3.405235190571871499e+03 0.000000000000000000e+00 8.395392149885805338e+03
5.544554455445545142e-03 0.000000000000000000e+00 4.368280823904581780e+02 4.846864675292707959e-11 4.237183060191719051e+02 3.405235190571871499e+03 0.000000000000000000e+00 8.395392149885805338e+03
5.683168316831683879e-03 0.000000000000000000e+00 4.368280823904581780e+02 4.846864675292707959e-11 4.237183060191719051e+02 3.405235190571871499e+03 0.000000000000000000e+00 8.395392149885805338e+03
5.821782178217822616e-03 0.000000000000000000e+00 4.368280823904581780e+02 4.846864675292707959e-11 4.237183060191719051e+02 3.405235190571871499e+03 0.000000000000000000e+00 8.395392149885805338e+03
5.960396039603961353e-03 0.000000000000000000e+00 4.368280823904581780e+02 4.846864675292707959e-11 4.237183060191719051e+02 3.405235190571871499e+03 0.000000000000000000e+00 8.395392149885805338e+03
6.099009900990099223e-03 0.000000000000000000e+00 7.127588439175320900e+02 3.899839881297900748e-11 4.838885762242699116e+02 5.650365433484135792e+03 0.000000000000000000e+00 0.000000000000000000e+00
6.237623762376237960e-03 0.000000000000000000e+00 7.997410857566828781e+02 2.121301205408946369e-11 4.785087756635920755e+02 6.646363957774237861e+03 0.000000000000000000e+00 0.000000000000000000e+00
6.376237623762376697e-03 0.000000000000000000e+00 8.283146210522037336e+02 1.276729047180914643e-11 4.780876616946432023e+02 7.441680993255550675e+03 0.000000000000000000e+00 0.000000000000000000e+00
6.514851485148515434e-03 0.000000000000000000e+00 8.387413091783876098e+02 8.460369768437375301e-12 4.780483254644223052e+02 8.099664409959039403e+03 0.000000000000000000e+00 0.000000000000000000e+00
6.653465346534654171e-03 0.000000000000000000e+00 8.426337717496052164e+02 6.320430253292901916e-12 4.780443142193852282e+02 8.637332329933249639e+03 0.000000000000000000e+00 0.000000000000000000e+00
6.792079207920792908e-03 0.000000000000000000e+00 8.440232279957747323e+02 5.515520921958102304e-12 4.780438866963203850e+02 9.042229991385098401e+03 0.000000000000000000e+00 0.000000000000000000e+00
6.930693069306931645e-03 0.000000000000000000e+00 8.444770136200488651e+02 5.416103229083636555e-12 4.780438409546126195e+02 9.295516298709315379e+03 0.000000000000000000e+00 0.000000000000000000e+00
7.069306930693070382e-03 0.000000000000000000e+00 8.446108381079004630e+02 5.407930388722477001e-12 4.780438362215608095e+02 9.437738499485900320e+03 0.000000000000000000e+00 0.000000000000000000e+00
7.207920792079209119e-03 0.000000000000000000e+00 8.446426581542910981e+02 5.407354902058796381e-12 4.780438357931197970e+02 9.504487229480140741e+03 0.000000000000000000e+00 0.000000000000000000e+00
7.346534653465346988e-03 0.000000000000000000e+00 8.446470933980240261e+02 5.407322721698536770e-12 4.780438357675990915e+02 9.524587486142396301e+03 0.000000000000000000e+00 0.000000000000000000e+00
7.485148514851485725e-03 0.000000000000000000e+00 8.446471695902951069e+02 5.407322256191482541e-12 4.780438357673608607e+02 9.525502750961019046e+03 0.000000000000000000e+00 0.000000000000000000e+00
7.623762376237624462e-03 0.000000000000000000e+00 8.446471695902951069e+02 5.407322256191482541e-12 4.780438357673608607e+02 9.525502750961019046e+03 0.000000000000000000e+00 0.000000000000000000e+00
7.762376237623763199e-03 0.000000000000000000e+00 8.446471695902951069e+02 5.407322256191482541e-12 4.780438357673608607e+02 9.525502750961019046e+03 0.000000000000000000e+00 0.000000000000000000e+00
7.900990099009901069e-03 0.000000000000000000e+00 8.446471695902951069e+02 5.407322256191482541e-12 4.780438357673608607e+02 9.525502750961019046e+03 0.000000000000000000e+00 0.000000000000000000e+00
8.039603960396039806e-03 0.000000000000000000e+00 6.289102342805238095e+02 6.099780575993780376e-12 4.224831495686118501e+02 7.398159450869341526e+03 1.212508370515680554e+03 0.000000000000000000e+00
8.178217821782178543e-03 0.000000000000000000e+00 5.330929674056185377e+02 1.790362645791688959e-11 4.381179925250023075e+02 6.592900592952809347e+03 1.246009461366897540e+03 0.000000000000000000e+00
8.316831683168317280e-03 0.000000000000000000e+00 5.127601476574683375e+02 2.847542409087407152e-11 4.394730796919311047e+02 6.067371470200355361e+03 1.251384704183496524e+03 0.000000000000000000e+00
8.455445544554456017e-03 0.000000000000000000e+00 5.077130603966503486e+02 3.855545783293270543e-11 4.396117201908555785e+02 5.684374414409508063e+03 1.252414797667364155e+03 0.000000000000000000e+00
8.594059405940594754e-03 0.000000000000000000e+00 5.063830553703886039e+02 4.798785011427578371e-11 4.396275272473267819e+02 5.400342940777265540e+03 1.252630860312567847e+03 0.000000000000000000e+00
8.732673267326733491e-03 0.000000000000000000e+00 5.060325758110763559e+02 5.554676094069484903e-11 4.396294383315523646e+02 5.196412874342239775e+03 1.252677625257166710e+03 0.000000000000000000e+00
8.871287128712872228e-03 0.000000000000000000e+00 5.059448005899863006e+02 5.786476232037592753e-11 4.396296733091935494e+02 5.068709589715824222e+03 1.252687489089969404e+03 0.000000000000000000e+00
9.009900990099010964e-03 0.000000000000000000e+00 4.763628894463612369e+02 5.118703281323571642e-11 4.261833995181066825e+02 4.392490515897780824e+03 0.000000000000000000e+00 6.689167257188179974e+03
9.148514851485149701e-03 0.000000000000000000e+00 4.452927725731010469e+02 5.020072362559698394e-11 4.239842251944994587e+02 4.059291546891306552e+03 0.000000000000000000e+00 7.805598038387856832e+03
9.287128712871288438e-03 0.000000000000000000e+00 4.386388237527320939e+02 4.956260206533746260e-11 4.237440065125160231e+02 3.850210346830648632e+03 0.000000000000000000e+00 8.185790199806502642e+03
9.425742574257427175e-03 0.000000000000000000e+00 4.372454350998584118e+02 4.910090675380810567e-11 4.237211117536733695e+02 3.702601343816633289e+03 0.000000000000000000e+00 8.318364686943938068e+03
9.564356435643565912e-03 0.000000000000000000e+00 4.369256229424700564e+02 4.876967748777511835e-11 4.237186325590805609e+02 3.592216428074199030e+03 0.000000000000000000e+00 8.367797397062586242e+03
9.702970297029704649e-03 0.000000000000000000e+00 4.368500990741530359e+02 4.855401631259939358e-11 4.237183448730467035e+02 3.510730534793924107e+03 0.000000000000000000e+00 8.386206051385628598e+03
9.841584158415843386e-03 0.000000000000000000e+00 4.368327097360801190e+02 4.847822068399196841e-11 4.237183105681652364e+02 3.457291579651920529e+03 0.000000000000000000e+00 8.392629515166092460e+03
9.980198019801982123e-03 0.000000000000000000e+00 4.368289299413623326e+02 4.846953502443433835e-11 4.237183065112706117e+02 3.427325103005946403e+03 0.000000000000000000e+00 8.394685580260569623e+03
1.011881188118811913e-02 0.000000000000000000e+00 7.326881898187953084e+02 3.546937795615344756e-11 4.820193399647334331e+02 5.824178386576897537e+03 0.000000000000000000e+00 0.000000000000000000e+00
1.025742574257425786e-02 0.000000000000000000e+00 8.058604695475365816e+02 1.962884490630321946e-11 4.783725254925795980e+02 6.772029233585140901e+03 0.000000000000000000e+00 0.000000000000000000e+00
1.039603960396039660e-02 0.000000000000000000e+00 8.305022872626250319e+02 1.196575715460324241e-11 4.780753032661467614e+02 7.543279704036096518e+03 0.000000000000000000e+00 0.000000000000000000e+00
1.053465346534653534e-02 0.000000000000000000e+00 8.395595382861338294e+02 8.047692017641328943e-12 4.780470855905336975e+02 8.183849850822850385e+03 0.000000000000000000e+00 0.000000000000000000e+00
1.067326732673267407e-02 0.000000000000000000e+00 8.429337977707880327e+02 6.132285111657065314e-12 4.780441828074513637e+02 8.703903056040056981e+03 0.000000000000000000e+00 0.000000000000000000e+00
1.081188118811881281e-02 0.000000000000000000e+00 8.441239964281054426e+02 5.484011042747931850e-12 4.780438726328500820e+02 9.086638015819095017e+03 0.000000000000000000e+00 0.000000000000000000e+00
1.095049504950495155e-02 0.000000000000000000e+00 8.445079433678878331e+02 5.413300694845682877e-12 4.780438394783316767e+02 9.321925764001849529e+03 0.000000000000000000e+00 0.000000000000000000e+00
1.108910891089109028e-02 0.000000000000000000e+00 5.767790801083373253e+02 1.100042655539905616e-11 4.323250859163917994e+02 6.995716792741443896e+03 1.231668177801493130e+03 0.000000000000000000e+00
1.122772277227722902e-02 0.000000000000000000e+00 5.223724755233172345e+02 2.180311965032136401e-11 4.389667348570637841e+02 6.371493660308392464e+03 1.249008931725136790e+03 0.000000000000000000e+00
1.136633663366336776e-02 0.000000000000000000e+00 5.101549611475295478e+02 3.214830001227697693e-11 4.395579307304291774e+02 5.916662833553868040e+03 1.251945113590356868e+03 0.000000000000000000e+00
1.150495049504950650e-02 0.000000000000000000e+00 4.783035122120323308e+02 3.705054466587133416e-11 4.262611078326208940e+02 4.908781937963859491e+03 0.000000000000000000e+00 6.676531485791975683e+03
1.164356435643564523e-02 0.000000000000000000e+00 4.460194966581821632e+02 4.400779873399737279e-11 4.240074479379482568e+02 4.368947682386618908e+03 0.000000000000000000e+00 7.787215280253249148e+03
1.178217821782178397e-02 0.000000000000000000e+00 4.387840064811128400e+02 4.855390823841675285e-11 4.237460497680598337e+02 4.012861874352946415e+03 0.000000000000000000e+00 8.179699075118302062e+03
1.192079207920792271e-02 0.000000000000000000e+00 4.372762825805896796e+02 4.901273071132744050e-11 4.237213271494783271e+02 3.777263526967135931e+03 0.000000000000000000e+00 8.315987942032046703e+03
1.205940594059406144e-02 0.000000000000000000e+00 6.590002013627496353e+02 4.824479760335047245e-11 4.908182871443287354e+02 5.590853932355525103e+03 0.000000000000000000e+00 0.000000000000000000e+00
1.219801980198019845e-02 0.000000000000000000e+00 7.843306483070781496e+02 2.502482954821050365e-11 4.789766984140788963e+02 6.566314765326051202e+03 0.000000000000000000e+00 0.000000000000000000e+00
1.233663366336633718e-02 0.000000000000000000e+00 8.229025149824607297e+02 1.463666634774945197e-11 4.781288618429830990e+02 7.322896706923958845e+03 0.000000000000000000e+00 0.000000000000000000e+00
1.247524752475247592e-02 0.000000000000000000e+00 8.367258254975014324e+02 9.411089537155843362e-12 4.780523850069111518e+02 7.967149817436930789e+03 0.000000000000000000e+00 0.000000000000000000e+00
1.261386138613861466e-02 0.000000000000000000e+00 8.418862427645868820e+02 6.773198614047250085e-12 4.780447399894350724e+02 8.511225182426809624e+03 0.000000000000000000e+00 0.000000000000000000e+00
1.275247524752475339e-02 0.000000000000000000e+00 8.437665237948426693e+02 5.625198799560403604e-12 4.780439323906423397e+02 8.945724367006940156e+03 0.000000000000000000e+00 0.000000000000000000e+00
1.289108910891089213e-02 0.000000000000000000e+00 8.443958595869138435e+02 5.425448537295220326e-12 4.780438458159935635e+02 9.236562169514118068e+03 0.000000000000000000e+00 0.000000000000000000e+00
1.302970297029703087e-02 0.000000000000000000e+00 8.445885492362704099e+02 5.408651182743115589e-12 4.780438366998139941e+02 9.406118138108835410e+03 0.000000000000000000e+00 0.000000000000000000e+00
1.316831683168316960e-02 0.000000000000000000e+00 8.446381938810358179e+02 5.407401124333563445e-12 4.780438358304262465e+02 9.491391795437035398e+03 0.000000000000000000e+00 0.000000000000000000e+00
1.330693069306930834e-02 0.000000000000000000e+00 8.446467767625676970e+02 5.407324521948460253e-12 4.780438357687326061e+02 9.522093009877711665e+03 0.000000000000000000e+00 0.000000000000000000e+00
1.344554455445544708e-02 0.000000000000000000e+00 8.446471695902951069e+02 5.407322256191482541e-12 4.780438357673608607e+02 9.525502750961019046e+03 0.000000000000000000e+00 0.000000000000000000e+00
1.358415841584158582e-02 0.000000000000000000e+00 8.446471695902951069e+02 5.407322256191482541e-12 4.780438357673608607e+02 9.525502750961019046e+03 0.000000000000000000e+00 0.000000000000000000e+00
1.372277227722772455e-02 0.000000000000000000e+00 8.446471695902951069e+02 5.407322256191482541e-12 4.780438357673608607e+02 9.525502750961019046e+03 0.000000000000000000e+00 0.000000000000000000e+00
1.386138613861386329e-02 0.000000000000000000e+00 0.000000000000000000e+00 0.000000000000000000e+00 0.000000000000000000e+00 0.000000000000000000e+00 0.000000000000000000e+00 0.000000000000000000e+00
