0.000000000000000000e+00 1.000000000000000000e+00 6.000000000000000000e+00 7.000000000000000000e+00 8.000000000000000000e+00 1.400000000000000000e+01 2.600000000000000000e+01 2.900000000000000000e+01
0.000000000000000000e+00 0.000000000000000000e+00 8.446651480667711667e+02 5.407322256191485772e-12 4.780361556788260486e+02 9.525502750961031779e+03 0.000000000000000000e+00 0.000000000000000000e+00
2.745098039215686215e-04 0.000000000000000000e+00 8.446651480667711667e+02 5.407322256191485772e-12 4.780361556788260486e+02 9.525502750961031779e+03 0.000000000000000000e+00 0.000000000000000000e+00
5.490196078431372429e-04 0.000000000000000000e+00 8.446651480667711667e+02 5.407323213888631334e-12 4.780361556788260486e+02 9.524429108756132337e+03 0.000000000000000000e+00 0.000000000000000000e+00
8.235294117647058102e-04 0.000000000000000000e+00 8.446557841197306971e+02 5.407872937213596930e-12 4.780361558117388086e+02 9.469027629444932245e+03 0.000000000000000000e+00 0.000000000000000000e+00
1.098039215686274486e-03 0.000000000000000000e+00 8.444402789531882263e+02 5.472308487874591719e-12 4.780361728138609010e+02 9.236908012238516676e+03 0.000000000000000000e+00 0.000000000000000000e+00
1.372549019607843162e-03 0.000000000000000000e+00 8.423294888022759324e+02 7.622068679756952223e-12 4.780375663422698267e+02 8.675903598477181731e+03 0.000000000000000000e+00 0.000000000000000000e+00
1.647058823529411620e-03 0.000000000000000000e+00 8.268312544638757799e+02 1.751792563530639109e-11 4.781590303897015701e+02 7.780245918530785275e+03 0.000000000000000000e+00 0.000000000000000000e+00
1.921568627450980296e-03 0.000000000000000000e+00 7.129210556722474621e+02 5.707300414521300929e-11 4.893271880004238596e+02 6.428943440750068476e+03 0.000000000000000000e+00 0.000000000000000000e+00
2.196078431372548972e-03 0.000000000000000000e+00 5.059262059241827387e+02 5.814317900904887009e-11 4.396236648785978787e+02 4.950611120047316035e+03 1.252687507005821317e+03 0.000000000000000000e+00
2.470588235294117647e-03 0.000000000000000000e+00 5.059262059241827387e+02 5.814317900904887009e-11 4.396236648785978787e+02 4.950611120047316035e+03 1.252687507005821317e+03 0.000000000000000000e+00
2.745098039215686323e-03 0.000000000000000000e+00 5.059261496192980871e+02 5.814312976531747645e-11 4.396236648717872981e+02 4.942579478045382530e+03 1.252687511225489516e+03 0.000000000000000000e+00
3.019607843137254999e-03 0.000000000000000000e+00 5.059227329775131921e+02 5.813849592806835134e-11 4.396236637493959734e+02 4.893977707032537182e+03 1.252687904407621318e+03 0.000000000000000000e+00
3.294117647058823241e-03 0.000000000000000000e+00 5.058626678104671441e+02 5.794053456991279875e-11 4.396235890880193438e+02 4.754643707838394221e+03 1.252699519465815456e+03 0.000000000000000000e+00
3.568627450980391917e-03 0.000000000000000000e+00 5.050595422755251320e+02 5.722614230839971384e-11 4.396188397323207369e+02 4.501719873887147514e+03 1.252982052924265190e+03 0.000000000000000000e+00
3.843137254901960592e-03 0.000000000000000000e+00 4.935544045043068309e+02 5.594039996125681276e-11 4.392254565602964931e+02 4.111242617252157288e+03 1.260977423981598122e+03 0.000000000000000000e+00
4.117647058823529702e-03 0.000000000000000000e+00 4.368320549901904428e+02 4.846864675292707959e-11 4.237123228000398854e+02 3.405235190571871499e+03 0.000000000000000000e+00 8.395568314518031912e+03
4.392156862745097944e-03 0.000000000000000000e+00 4.368320549901904428e+02 4.846864675292707959e-11 4.237123228000398854e+02 3.405235190571871499e+03 0.000000000000000000e+00 8.395568314518031912e+03
4.666666666666666186e-03 0.000000000000000000e+00 4.368320606227059102e+02 4.846827955851612055e-11 4.237123227961074008e+02 3.411417194313133223e+03 0.000000000000000000e+00 8.395567985398292876e+03
4.941176470588235295e-03 0.000000000000000000e+00 4.368338162901785608e+02 4.842520380127712634e-11 4.237123208895148423e+02 3.479190139223396727e+03 0.000000000000000000e+00 8.395511386775177016e+03
5.215686274509803537e-03 0.000000000000000000e+00 4.368839467112181865e+02 4.571927946314551626e-11 4.237121758172571617e+02 3.723679567727692302e+03 0.000000000000000000e+00 8.394785632152214021e+03
5.490196078431372646e-03 0.000000000000000000e+00 4.378407759471637632e+02 3.227596569140219887e-11 4.237026731926304706e+02 4.295942359361069066e+03 0.000000000000000000e+00 8.389405031677295483e+03
5.764705882352940888e-03 0.000000000000000000e+00 4.555417670795227991e+02 1.657909945345766140e-11 4.229628790728954755e+02 5.359220024445559829e+03 0.000000000000000000e+00 8.358460756323851456e+03
6.039215686274509998e-03 0.000000000000000000e+00 8.446651480667711667e+02 5.407322256191485772e-12 4.780361556788260486e+02 9.525502750961031779e+03 0.000000000000000000e+00 0.000000000000000000e+00
6.313725490196078240e-03 0.000000000000000000e+00 8.446651480667711667e+02 5.407322256191485772e-12 4.780361556788260486e+02 9.525502750961031779e+03 0.000000000000000000e+00 0.000000000000000000e+00
6.588235294117646482e-03 0.000000000000000000e+00 8.446651480667711667e+02 5.407325837408936788e-12 4.780361556788260486e+02 9.522411291765778515e+03 0.000000000000000000e+00 0.000000000000000000e+00
6.862745098039215591e-03 0.000000000000000000e+00 8.446485195529199927e+02 5.408445551098621766e-12 4.780361559715884709e+02 9.449937266314822409e+03 0.000000000000000000e+00 0.000000000000000000e+00
7.137254901960783833e-03 0.000000000000000000e+00 8.443408131479690155e+02 5.530275542061864311e-12 4.780361885223696845e+02 9.180014545172121871e+03 0.000000000000000000e+00 0.000000000000000000e+00
7.411764705882352942e-03 0.000000000000000000e+00 8.414969846208288118e+02 8.369230679037136021e-12 4.780388302733184105e+02 8.568600761968760708e+03 0.000000000000000000e+00 0.000000000000000000e+00
7.686274509803921184e-03 0.000000000000000000e+00 8.209400110432233078e+02 2.029187280086641398e-11 4.782771913850966712e+02 7.617080576796029163e+03 0.000000000000000000e+00 0.000000000000000000e+00
7.960784313725490294e-03 0.000000000000000000e+00 6.882922393197484325e+02 6.646916949278335939e-11 4.927558609657858142e+02 6.181215766145392990e+03 0.000000000000000000e+00 0.000000000000000000e+00
8.235294117647059403e-03 0.000000000000000000e+00 5.058910162273746778e+02 5.803135984371862341e-11 4.396236337561049368e+02 4.794649626861724755e+03 1.252693442599107357e+03 0.000000000000000000e+00
8.509803921568626778e-03 0.000000000000000000e+00 5.054282577388956383e+02 5.741977319729012928e-11 4.396217203107751743e+02 4.565349957897326021e+03 1.252835356163048118e+03 0.000000000000000000e+00
8.784313725490195887e-03 0.000000000000000000e+00 4.991473193044263894e+02 5.627756978223380629e-11 4.394772010258168962e+02 4.237172819766149587e+03 1.256576749392263309e+03 0.000000000000000000e+00
9.058823529411764996e-03 0.000000000000000000e+00 4.368402915369916855e+02 4.819483789554515565e-11 4.237123099098175771e+02 3.552408803827159318e+03 0.000000000000000000e+00 8.395373334706073365e+03
9.333333333333332371e-03 0.000000000000000000e+00 4.370220464666501812e+02 4.059051708497139180e-11 4.237114459584909696e+02 3.923692109844207152e+03 0.000000000000000000e+00 8.393578081490089971e+03
9.607843137254901481e-03 0.000000000000000000e+00 4.403087739269597591e+02 2.569871113241921950e-11 4.236526228437493842e+02 4.669521606051683193e+03 0.000000000000000000e+00 8.382039541442267364e+03
9.882352941176470590e-03 0.000000000000000000e+00 5.077228652106069831e+02 9.428747083832492121e-12 4.183352399385642570e+02 6.030404992002174367e+03 0.000000000000000000e+00 8.315897460243137175e+03
1.015686274509803970e-02 0.000000000000000000e+00 8.442783280901992384e+02 5.578019568279594390e-12 4.780362004408102621e+02 9.143971894669986796e+03 0.000000000000000000e+00 0.000000000000000000e+00
1.043137254901960707e-02 0.000000000000000000e+00 8.409816995302593341e+02 8.804311269645512475e-12 4.780397975268247706e+02 8.461697361103486401e+03 0.000000000000000000e+00 0.000000000000000000e+00
1.070588235294117618e-02 0.000000000000000000e+00 8.172454231641313527e+02 2.185270274437130931e-11 4.783705064701033507e+02 7.372181462507742253e+03 0.000000000000000000e+00 0.000000000000000000e+00
1.098039215686274529e-02 0.000000000000000000e+00 6.764152124500067202e+02 6.952688137354644806e-11 4.942791776006193913e+02 5.873701206902152990e+03 0.000000000000000000e+00 0.000000000000000000e+00
1.125490196078431267e-02 0.000000000000000000e+00 5.009794384465303665e+02 5.153456274229741132e-11 4.395347797250047961e+02 4.702813952609513763e+03 1.255344159202004676e+03 0.000000000000000000e+00
1.152941176470588178e-02 0.000000000000000000e+00 4.383608231465989320e+02 3.011095978721064859e-11 4.236942796442210692e+02 4.410982262913648810e+03 0.000000000000000000e+00 8.387511711927212673e+03
1.180392156862745089e-02 0.000000000000000000e+00 4.659632119279952462e+02 1.425062992852534703e-11 4.222140600640015009e+02 5.578014306803434010e+03 0.000000000000000000e+00 8.347698999057311084e+03
1.207843137254902000e-02 0.000000000000000000e+00 8.446651480667711667e+02 5.407322256191485772e-12 4.780361556788260486e+02 9.525502750961031779e+03 0.000000000000000000e+00 0.000000000000000000e+00
1.235294117647058737e-02 0.000000000000000000e+00 8.446651480667711667e+02 5.407322256191485772e-12 4.780361556788260486e+02 9.525502750961031779e+03 0.000000000000000000e+00 0.000000000000000000e+00
1.262745098039215648e-02 0.000000000000000000e+00 8.446651480667711667e+02 5.407322256191485772e-12 4.780361556788260486e+02 9.525502750961031779e+03 0.000000000000000000e+00 0.000000000000000000e+00
1.290196078431372559e-02 0.000000000000000000e+00 8.446651480667711667e+02 5.407322256191485772e-12 4.780361556788260486e+02 9.525502750961031779e+03 0.000000000000000000e+00 0.000000000000000000e+00
1.317647058823529296e-02 0.000000000000000000e+00 8.446651480667711667e+02 5.407322256191487388e-12 4.780361556788260486e+02 9.525502750961031779e+03 0.000000000000000000e+00 0.000000000000000000e+00
1.345098039215686207e-02 0.000000000000000000e+00 8.446651480667711667e+02 5.407322256191489811e-12 4.780361556788260486e+02 9.525502750961031779e+03 0.000000000000000000e+00 0.000000000000000000e+00
1.372549019607843118e-02 0.000000000000000000e+00 0.000000000000000000e+00 0.000000000000000000e+00 0.000000000000000000e+00 0.000000000000000000e+00 0.000000000000000000e+00 0.000000000000000000e+00
