0.000000000000000000e+00 1.000000000000000000e+00 6.000000000000000000e+00 7.000000000000000000e+00 8.000000000000000000e+00 1.400000000000000000e+01 2.600000000000000000e+01 2.900000000000000000e+01
0.000000000000000000e+00 0.000000000000000000e+00 8.446651480667711667e+02 5.407322256191485772e-12 4.780361556788260486e+02 9.525502750961031779e+03 0.000000000000000000e+00 0.000000000000000000e+00
1.386138613861386286e-04 0.000000000000000000e+00 8.446651480667711667e+02 5.407322256191484964e-12 4.780361556788260486e+02 9.525502750961031779e+03 0.000000000000000000e+00 0.000000000000000000e+00
2.772277227722772571e-04 0.000000000000000000e+00 8.446651480667711667e+02 5.407322256191484964e-12 4.780361556788260486e+02 9.525502750961029960e+03 0.000000000000000000e+00 0.000000000000000000e+00
4.158415841584158857e-04 0.000000000000000000e+00 8.446651480667711667e+02 5.407322256191484964e-12 4.780361556788260486e+02 9.525502750961031779e+03 0.000000000000000000e+00 0.000000000000000000e+00
5.544554455445545142e-04 0.000000000000000000e+00 8.446651480667711667e+02 5.407322256191487388e-12 4.780361556788260486e+02 9.525502750961029960e+03 0.000000000000000000e+00 0.000000000000000000e+00
6.930693069306931428e-04 0.000000000000000000e+00 8.446651480667711667e+02 5.407322256191486580e-12 4.780361556788260486e+02 9.525502750961031779e+03 0.000000000000000000e+00 0.000000000000000000e+00
8.316831683168317713e-04 0.000000000000000000e+00 8.446651480667711667e+02 5.407322256191485772e-12 4.780361556788260486e+02 9.525502750961031779e+03 0.000000000000000000e+00 0.000000000000000000e+00
9.702970297029703999e-04 0.000000000000000000e+00 8.446651480667711667e+02 5.407322256191485772e-12 4.780361556788260486e+02 9.525502750961031779e+03 0.000000000000000000e+00 0.000000000000000000e+00
1.108910891089109028e-03 0.000000000000000000e+00 8.446651480667711667e+02 5.407322256191485772e-12 4.780361556788260486e+02 9.525502750961031779e+03 0.000000000000000000e+00 0.000000000000000000e+00
1.247524752475247765e-03 0.000000000000000000e+00 8.446651480667711667e+02 5.407322256191485772e-12 4.780361556788260486e+02 9.525502750961031779e+03 0.000000000000000000e+00 0.000000000000000000e+00
1.386138613861386286e-03 0.000000000000000000e+00 8.446651480667711667e+02 5.407322256191485772e-12 4.780361556788260486e+02 9.525502750961031779e+03 0.000000000000000000e+00 0.000000000000000000e+00
1.524752475247524806e-03 0.000000000000000000e+00 8.446651480667711667e+02 5.407322256191485772e-12 4.780361556788260486e+02 9.525502750961031779e+03 0.000000000000000000e+00 0.000000000000000000e+00
1.663366336633663543e-03 0.000000000000000000e+00 8.446651480667711667e+02 5.407322256191485772e-12 4.780361556788260486e+02 9.525502750961031779e+03 0.000000000000000000e+00 0.000000000000000000e+00
1.801980198019802280e-03 0.000000000000000000e+00 8.446651480667711667e+02 5.407322256191485772e-12 4.780361556788260486e+02 9.525502750961031779e+03 0.000000000000000000e+00 0.000000000000000000e+00
1.940594059405940800e-03 0.000000000000000000e+00 8.446651480667711667e+02 5.407322256191485772e-12 4.780361556788260486e+02 9.525502750961031779e+03 0.000000000000000000e+00 0.000000000000000000e+00
2.079207920792079320e-03 0.000000000000000000e+00 5.948223814179609690e+02 1.023403665638408825e-11 4.297633310731639540e+02 7.117672834705246714e+03 1.225883481617772986e+03 0.000000000000000000e+00
2.217821782178218057e-03 0.000000000000000000e+00 5.290977053520094842e+02 2.098871695477667492e-11 4.383786103537729559e+02 6.423170353154331679e+03 1.247085397015067656e+03 0.000000000000000000e+00
2.356435643564356794e-03 0.000000000000000000e+00 5.119217614992203949e+02 3.142336863010638145e-11 4.394887905231490777e+02 5.945659192210689980e+03 1.251555519826930549e+03 0.000000000000000000e+00
2.495049504950495531e-03 0.000000000000000000e+00 5.075210619739213485e+02 4.135572756699702085e-11 4.396077310856276767e+02 5.594066767643974345e+03 1.252444333125369894e+03 0.000000000000000000e+00
2.633663366336633834e-03 0.000000000000000000e+00 5.063419984384931922e+02 5.044719920615597152e-11 4.396216955876038242e+02 5.334199218294257662e+03 1.252634698458416779e+03 0.000000000000000000e+00
2.772277227722772571e-03 0.000000000000000000e+00 5.060282554872962919e+02 5.674531806382143968e-11 4.396234197654607669e+02 5.152422796253473280e+03 1.252676441870991766e+03 0.000000000000000000e+00
2.910891089108911308e-03 0.000000000000000000e+00 5.059489954553743019e+02 5.800120049469478502e-11 4.396236350815561877e+02 5.043909332699985498e+03 1.252685339847243768e+03 0.000000000000000000e+00
3.049504950495049611e-03 0.000000000000000000e+00 5.059304399344730427e+02 5.813056434007513313e-11 4.396236616091898668e+02 4.985912208015405668e+03 1.252687142508967327e+03 0.000000000000000000e+00
3.188118811881188348e-03 0.000000000000000000e+00 5.059267301263759009e+02 5.814227094396386894e-11 4.396236646127947552e+02 4.959501379864162118e+03 1.252687464596766404e+03 0.000000000000000000e+00
3.326732673267327085e-03 0.000000000000000000e+00 5.059262240420824241e+02 5.814315412554581304e-11 4.396236648709474935e+02 4.951206750521618233e+03 1.252687505503867669e+03 0.000000000000000000e+00
3.465346534653465822e-03 0.000000000000000000e+00 5.059262059241827387e+02 5.814317900904887009e-11 4.396236648785978787e+02 4.950611120047316035e+03 1.252687507005821317e+03 0.000000000000000000e+00
3.603960396039604559e-03 0.000000000000000000e+00 5.059262059241827387e+02 5.814317900904887009e-11 4.396236648785978787e+02 4.950611120047316035e+03 1.252687507005821317e+03 0.000000000000000000e+00
3.742574257425742863e-03 0.000000000000000000e+00 5.059262059241827387e+02 5.814317900904887009e-11 4.396236648785978787e+02 4.950611120047316035e+03 1.252687507005821317e+03 0.000000000000000000e+00
3.881188118811881600e-03 0.000000000000000000e+00 5.059262059241827387e+02 5.814317900904887009e-11 4.396236648785978787e+02 4.950611120047316035e+03 1.252687507005821317e+03 0.000000000000000000e+00
4.019801980198019903e-03 0.000000000000000000e+00 4.667409837672346384e+02 5.112526024782499112e-11 4.252496275580442671e+02 4.325281940932984071e+03 0.000000000000000000e+00 6.969455608407355612e+03
4.158415841584158640e-03 0.000000000000000000e+00 4.468256122571989408e+02 5.014777093241774963e-11 4.240759662927669638e+02 4.030768297071685993e+03 0.000000000000000000e+00 7.750991182392112023e+03
4.297029702970297377e-03 0.000000000000000000e+00 4.389975362438292450e+02 4.952419988747841625e-11 4.237481743245984376e+02 3.836920765234698138e+03 0.000000000000000000e+00 8.164067235672951938e+03
4.435643564356436114e-03 0.000000000000000000e+00 4.373366382509486243e+02 4.907348134310957237e-11 4.237162909427724458e+02 3.693665503817737772e+03 0.000000000000000000e+00 8.309582952229480725e+03
4.574257425742574851e-03 0.000000000000000000e+00 4.369516411117608072e+02 4.875048879594292863e-11 4.237127902953454281e+02 3.585500346249923041e+03 0.000000000000000000e+00 8.364299827781738713e+03
4.712871287128713588e-03 0.000000000000000000e+00 4.368596273035304876e+02 4.854375631956381167e-11 4.237123793723300196e+02 3.505969234077062538e+03 0.000000000000000000e+00 8.384927417611128476e+03
4.851485148514852325e-03 0.000000000000000000e+00 4.368380110011066222e+02 4.847670174554960778e-11 4.237123295617546432e+02 3.454469344641791395e+03 0.000000000000000000e+00 8.392278394614313584e+03
4.990099009900991062e-03 0.000000000000000000e+00 4.368331990522935939e+02 4.846939292652638027e-11 4.237123235649610251e+02 3.425844689403578286e+03 0.000000000000000000e+00 8.394687365132082050e+03
5.128712871287128931e-03 0.000000000000000000e+00 4.368322236080338712e+02 4.846870608200076428e-11 4.237123228715640835e+02 3.411688411166835067e+03 0.000000000000000000e+00 8.395392274563539104e+03
5.267326732673267668e-03 0.000000000000000000e+00 4.368320679949276837e+02 4.846864967846750729e-11 4.237123228039451988e+02 3.406209264673064354e+03 0.000000000000000000e+00 8.395550604687963641e+03
5.405940594059406405e-03 0.000000000000000000e+00 4.368320549901904428e+02 4.846864675292707959e-11 4.237123228000398854e+02 3.405235190571871499e+03 0.000000000000000000e+00 8.395568314518031912e+03
5.544554455445545142e-03 0.000000000000000000e+00 4.368320549901904428e+02 4.846864675292707959e-11 4.237123228000398854e+02 3.405235190571871499e+03 0.000000000000000000e+00 8.395568314518031912e+03
5.683168316831683879e-03 0.000000000000000000e+00 4.368320549901904428e+02 4.846864675292707959e-11 4.237123228000398854e+02 3.405235190571871499e+03 0.000000000000000000e+00 8.395568314518031912e+03
5.821782178217822616e-03 0.000000000000000000e+00 4.368320549901904428e+02 4.846864675292707959e-11 4.237123228000398854e+02 3.405235190571871499e+03 0.000000000000000000e+00 8.395568314518031912e+03
5.960396039603961353e-03 0.000000000000000000e+00 4.368320549901904428e+02 4.846864675292707959e-11 4.237123228000398854e+02 3.405235190571871499e+03 0.000000000000000000e+00 8.395568314518031912e+03
6.099009900990099223e-03 0.000000000000000000e+00 6.953564605920405484e+02 3.899839881297903333e-11 4.860731962093203720e+02 5.650365433484140340e+03 0.000000000000000000e+00 0.000000000000000000e+00
6.237623762376237960e-03 0.000000000000000000e+00 7.917290961476248867e+02 2.121301205408947984e-11 4.787970963819864210e+02 6.646363957774244227e+03 0.000000000000000000e+00 0.000000000000000000e+00
6.376237623762376697e-03 0.000000000000000000e+00 8.252332852034024882e+02 1.276729047180915451e-11 4.781088727236206637e+02 7.441680993255564317e+03 0.000000000000000000e+00 0.000000000000000000e+00
6.514851485148515434e-03 0.000000000000000000e+00 8.375294403294126369e+02 8.460369768437381764e-12 4.780436928290218361e+02 8.099664409959047589e+03 0.000000000000000000e+00 0.000000000000000000e+00
6.653465346534654171e-03 0.000000000000000000e+00 8.421718906845186439e+02 6.320430253292906763e-12 4.780369709384958696e+02 8.637332329933260553e+03 0.000000000000000000e+00 0.000000000000000000e+00
6.792079207920792908e-03 0.000000000000000000e+00 8.438671903442591429e+02 5.515520921958104728e-12 4.780362442675335615e+02 9.042229991385105677e+03 0.000000000000000000e+00 0.000000000000000000e+00
6.930693069306931645e-03 0.000000000000000000e+00 8.444369976116778389e+02 5.416103229083639787e-12 4.780361650413333336e+02 9.295516298709328112e+03 0.000000000000000000e+00 0.000000000000000000e+00
7.069306930693070382e-03 0.000000000000000000e+00 8.446123853255883205e+02 5.407930388722480232e-12 4.780361565594672015e+02 9.437738499485913053e+03 0.000000000000000000e+00 0.000000000000000000e+00
7.207920792079209119e-03 0.000000000000000000e+00 8.446574623996338005e+02 5.407354902058799612e-12 4.780361557372550010e+02 9.504487229480153474e+03 0.000000000000000000e+00 0.000000000000000000e+00
7.346534653465346988e-03 0.000000000000000000e+00 8.446649639707973165e+02 5.407322721698540001e-12 4.780361556796909213e+02 9.524587486142409034e+03 0.000000000000000000e+00 0.000000000000000000e+00
7.485148514851485725e-03 0.000000000000000000e+00 8.446651480667711667e+02 5.407322256191485772e-12 4.780361556788260486e+02 9.525502750961031779e+03 0.000000000000000000e+00 0.000000000000000000e+00
7.623762376237624462e-03 0.000000000000000000e+00 8.446651480667711667e+02 5.407322256191485772e-12 4.780361556788260486e+02 9.525502750961031779e+03 0.000000000000000000e+00 0.000000000000000000e+00
7.762376237623763199e-03 0.000000000000000000e+00 8.446651480667711667e+02 5.407322256191485772e-12 4.780361556788260486e+02 9.525502750961031779e+03 0.000000000000000000e+00 0.000000000000000000e+00
7.900990099009901069e-03 0.000000000000000000e+00 8.446651480667711667e+02 5.407322256191485772e-12 4.780361556788260486e+02 9.525502750961031779e+03 0.000000000000000000e+00 0.000000000000000000e+00
8.039603960396039806e-03 0.000000000000000000e+00 6.156842878672152892e+02 6.099780575993771490e-12 4.268625940676677146e+02 7.398159450869337888e+03 1.219114413985826104e+03 0.000000000000000000e+00
8.178217821782178543e-03 0.000000000000000000e+00 5.407060972563543828e+02 1.790362645791687020e-11 4.371567008522056881e+02 6.592900592952802072e+03 1.243539671730886084e+03 0.000000000000000000e+00
8.316831683168317280e-03 0.000000000000000000e+00 5.147308076840449758e+02 2.847542409087403598e-11 4.393676510230068857e+02 6.067371470200349904e+03 1.250901974827348795e+03 0.000000000000000000e+00
8.455445544554456017e-03 0.000000000000000000e+00 5.082603121912495681e+02 3.855545783293267312e-11 4.395941060789407970e+02 5.684374414409504425e+03 1.252309252518198264e+03 0.000000000000000000e+00
8.594059405940594754e-03 0.000000000000000000e+00 5.065408598900154971e+02 4.798785011427573201e-11 4.396200496095741528e+02 5.400342940777260992e+03 1.252605261017145040e+03 0.000000000000000000e+00
8.732673267326733491e-03 0.000000000000000000e+00 5.060802214805758013e+02 5.554676094069479733e-11 4.396232141575434866e+02 5.196412874342234318e+03 1.252670027948673805e+03 0.000000000000000000e+00
8.871287128712872228e-03 0.000000000000000000e+00 5.059617796703660701e+02 5.786476232037587583e-11 4.396236094137242389e+02 5.068709589715821494e+03 1.252683994816703034e+03 0.000000000000000000e+00
9.009900990099010964e-03 0.000000000000000000e+00 4.679270901170803540e+02 5.118703281323571642e-11 4.253266646698344857e+02 4.392490515897780824e+03 0.000000000000000000e+00 6.929566750905798472e+03
9.148514851485149701e-03 0.000000000000000000e+00 4.480173630580816280e+02 5.020072362559698394e-11 4.241408851573605716e+02 4.059291546891306552e+03 0.000000000000000000e+00 7.700175404393237841e+03
9.287128712871288438e-03 0.000000000000000000e+00 4.392371892761294134e+02 4.956260206533746260e-11 4.237541800498551083e+02 3.850210346830648632e+03 0.000000000000000000e+00 8.147038093488977211e+03
9.425742574257427175e-03 0.000000000000000000e+00 4.373907502680027619e+02 4.910090675380810567e-11 4.237169282843452152e+02 3.702601343816633289e+03 0.000000000000000000e+00 8.303297072535222469e+03
9.564356435643565912e-03 0.000000000000000000e+00 4.369645022983691547e+02 4.876967748777511835e-11 4.237128636567130116e+02 3.592216428074199030e+03 0.000000000000000000e+00 8.361910387040503338e+03
9.702970297029704649e-03 0.000000000000000000e+00 4.368626831845725178e+02 4.855401631259939358e-11 4.237123882194331941e+02 3.510730534793924107e+03 0.000000000000000000e+00 8.384051172883117033e+03
9.841584158415843386e-03 0.000000000000000000e+00 4.368387207553063263e+02 4.847822068399196841e-11 4.237123306610924942e+02 3.457291579651920529e+03 0.000000000000000000e+00 8.391975404610075202e+03
9.980198019801982123e-03 0.000000000000000000e+00 4.368333469660379365e+02 4.846953502443433835e-11 4.237123236904804457e+02 3.427325103005946403e+03 0.000000000000000000e+00 8.394594985882480614e+03
1.011881188118811913e-02 0.000000000000000000e+00 7.140837648489729190e+02 3.546937795615347988e-11 4.842073633236407773e+02 5.824178386576902085e+03 0.000000000000000000e+00 0.000000000000000000e+00
1.025742574257425786e-02 0.000000000000000000e+00 7.988392273891038258e+02 1.962884490630323562e-11 4.785747550461898641e+02 6.772029233585147267e+03 0.000000000000000000e+00 0.000000000000000000e+00
1.039603960396039660e-02 0.000000000000000000e+00 8.277896207771898389e+02 1.196575715460325210e-11 4.780884260385437301e+02 7.543279704036103794e+03 0.000000000000000000e+00 0.000000000000000000e+00
1.053465346534653534e-02 0.000000000000000000e+00 8.384973436606298947e+02 8.047692017641332174e-12 4.780416152558055956e+02 8.183849850822863118e+03 0.000000000000000000e+00 0.000000000000000000e+00
1.067326732673267407e-02 0.000000000000000000e+00 8.425334635840556530e+02 6.132285111657070160e-12 4.780367478914063781e+02 8.703903056040069714e+03 0.000000000000000000e+00 0.000000000000000000e+00
1.081188118811881281e-02 0.000000000000000000e+00 8.439921711332956420e+02 5.484011042747935081e-12 4.780362199551439062e+02 9.086638015819105931e+03 0.000000000000000000e+00 0.000000000000000000e+00
1.095049504950495155e-02 0.000000000000000000e+00 8.444767074130388664e+02 5.413300694845686108e-12 4.780361624128698850e+02 9.321925764001862262e+03 0.000000000000000000e+00 0.000000000000000000e+00
1.108910891089109028e-02 0.000000000000000000e+00 5.886743766108894533e+02 1.100042655539904647e-11 4.306314672119307829e+02 6.995716792741440258e+03 1.227877208398668699e+03 0.000000000000000000e+00
1.122772277227722902e-02 0.000000000000000000e+00 5.268870388260938853e+02 2.180311965032133493e-11 4.385762045987598867e+02 6.371493660308385188e+03 1.247726021020371036e+03 0.000000000000000000e+00
1.136633663366336776e-02 0.000000000000000000e+00 5.113733475525481253e+02 3.214830001227693816e-11 4.395089880142547827e+02 5.916662833553863493e+03 1.251677482985517372e+03 0.000000000000000000e+00
1.150495049504950650e-02 0.000000000000000000e+00 4.692713726550173305e+02 3.705054466587133416e-11 4.253214614782967828e+02 4.908781937963859491e+03 0.000000000000000000e+00 6.946817973538940350e+03
1.164356435643564523e-02 0.000000000000000000e+00 4.489751825355548931e+02 4.400779873399737279e-11 4.241757904102921088e+02 4.368947682386618908e+03 0.000000000000000000e+00 7.679198916826257118e+03
1.178217821782178397e-02 0.000000000000000000e+00 4.394321286881990432e+02 4.855390823841675285e-11 4.237573229598767739e+02 4.012861874352946415e+03 0.000000000000000000e+00 8.140084872379628905e+03
1.192079207920792271e-02 0.000000000000000000e+00 4.374327914692962622e+02 4.901273071132744050e-11 4.237172632015168006e+02 3.777263526967135931e+03 0.000000000000000000e+00 8.300574392498474481e+03
1.205940594059406144e-02 0.000000000000000000e+00 6.609730767632090647e+02 4.824479760335052415e-11 4.895908365823790973e+02 5.590853932355530560e+03 0.000000000000000000e+00 0.000000000000000000e+00
1.219801980198019845e-02 0.000000000000000000e+00 7.733609310785230946e+02 2.502482954821052626e-11 4.796175373394573853e+02 6.566314765326056659e+03 0.000000000000000000e+00 0.000000000000000000e+00
1.233663366336633718e-02 0.000000000000000000e+00 8.187941893726621174e+02 1.463666634774946813e-11 4.781807168344391812e+02 7.322896706923966121e+03 0.000000000000000000e+00 0.000000000000000000e+00
1.247524752475247592e-02 0.000000000000000000e+00 8.351234228054603363e+02 9.411089537155849824e-12 4.780507916245737192e+02 7.967149817436940793e+03 0.000000000000000000e+00 0.000000000000000000e+00
1.261386138613861466e-02 0.000000000000000000e+00 8.412673023701065631e+02 6.773198614047255739e-12 4.780377207368618997e+02 8.511225182426820538e+03 0.000000000000000000e+00 0.000000000000000000e+00
1.275247524752475339e-02 0.000000000000000000e+00 8.435477120236897690e+02 5.625198799560407643e-12 4.780363262017684178e+02 8.945724367006952889e+03 0.000000000000000000e+00 0.000000000000000000e+00
1.289108910891089213e-02 0.000000000000000000e+00 8.443322983097739325e+02 5.425448537295223557e-12 4.780361740026715438e+02 9.236562169514128982e+03 0.000000000000000000e+00 0.000000000000000000e+00
1.302970297029703087e-02 0.000000000000000000e+00 8.445820163140073191e+02 5.408651182743118820e-12 4.780361574847010502e+02 9.406118138108848143e+03 0.000000000000000000e+00 0.000000000000000000e+00
1.316831683168316960e-02 0.000000000000000000e+00 8.446505354119134381e+02 5.407401124333566677e-12 4.780361558199401770e+02 9.491391795437048131e+03 0.000000000000000000e+00 0.000000000000000000e+00
1.330693069306930834e-02 0.000000000000000000e+00 8.446642003545078978e+02 5.407324521948463484e-12 4.780361556837835337e+02 9.522093009877724398e+03 0.000000000000000000e+00 0.000000000000000000e+00
1.344554455445544708e-02 0.000000000000000000e+00 8.446651480667711667e+02 5.407322256191485772e-12 4.780361556788260486e+02 9.525502750961031779e+03 0.000000000000000000e+00 0.000000000000000000e+00
1.358415841584158582e-02 0.000000000000000000e+00 8.446651480667711667e+02 5.407322256191485772e-12 4.780361556788260486e+02 9.525502750961031779e+03 0.000000000000000000e+00 0.000000000000000000e+00
1.372277227722772455e-02 0.000000000000000000e+00 8.446651480667711667e+02 5.407322256191485772e-12 4.780361556788260486e+02 9.525502750961031779e+03 0.000000000000000000e+00 0.000000000000000000e+00
1.386138613861386329e-02 0.000000000000000000e+00 0.000000000000000000e+00 0.000000000000000000e+00 0.000000000000000000e+00 0.000000000000000000e+00 0.000000000000000000e+00 0.000000000000000000e+00
