0.000000000000000000e+00 1.000000000000000000e+00 6.000000000000000000e+00 7.000000000000000000e+00 8.000000000000000000e+00 1.400000000000000000e+01 2.600000000000000000e+01 2.800000000000000000e+01
0.000000000000000000e+00 0.000000000000000000e+00 2.913423434147636726e+03 2.623566952657033609e-05 1.791859797794192446e+03 3.423487637046175435e-07 0.000000000000000000e+00 0.000000000000000000e+00
1.372549019607843107e-04 0.000000000000000000e+00 2.913423434147636726e+03 2.623566952657033609e-05 1.791859797794192446e+03 3.423487637046175435e-07 0.000000000000000000e+00 0.000000000000000000e+00
2.745098039215686215e-04 0.000000000000000000e+00 2.913423434147636726e+03 2.623566952657033609e-05 1.791859797794192446e+03 3.423487637046175435e-07 0.000000000000000000e+00 0.000000000000000000e+00
4.117647058823529051e-04 0.000000000000000000e+00 2.913215627919614235e+03 2.624085585571850611e-05 1.791860594417092443e+03 3.421165675947503082e-07 0.000000000000000000e+00 0.000000000000000000e+00
5.490196078431372429e-04 0.000000000000000000e+00 2.910592032890302107e+03 2.639925681199500193e-05 1.791880823671310054e+03 3.376492466052205261e-07 0.000000000000000000e+00 0.000000000000000000e+00
6.862745098039215808e-04 0.000000000000000000e+00 2.894660491783934503e+03 2.861684403531849957e-05 1.792192164427671514e+03 2.985003176035180337e-07 0.000000000000000000e+00 0.000000000000000000e+00
8.235294117647058102e-04 0.000000000000000000e+00 2.822903133886127307e+03 3.591881719062205993e-05 1.796562453608532905e+03 2.170589358496383817e-07 0.000000000000000000e+00 0.000000000000000000e+00
9.607843137254901481e-04 0.000000000000000000e+00 2.632359132410870188e+03 5.297753460390544687e-05 1.820369505609953876e+03 1.088727149928946079e-07 0.000000000000000000e+00 0.000000000000000000e+00
1.098039215686274486e-03 0.000000000000000000e+00 2.078121813100189229e+03 4.811059722846862977e-05 1.628356047676236358e+03 5.832588623352091439e-08 2.645594175806492785e+03 0.000000000000000000e+00
1.235294117647058824e-03 0.000000000000000000e+00 2.078121813100189229e+03 4.811059722846862977e-05 1.628356047676236358e+03 5.832588623352091439e-08 2.645594175806492785e+03 0.000000000000000000e+00
1.372549019607843162e-03 0.000000000000000000e+00 2.078114042388226608e+03 4.811026002642274188e-05 1.628356010169077763e+03 5.832226381451731004e-08 2.645595013368552372e+03 0.000000000000000000e+00
1.509803921568627499e-03 0.000000000000000000e+00 2.077916861719513236e+03 4.809575107064534012e-05 1.628354592705339883e+03 5.818443076667414226e-08 2.645620813325888776e+03 0.000000000000000000e+00
1.647058823529411620e-03 0.000000000000000000e+00 2.076314058699982070e+03 4.786424784628245249e-05 1.628332090469597006e+03 5.626238252389089083e-08 2.645897699365030803e+03 0.000000000000000000e+00
1.784313725490195958e-03 0.000000000000000000e+00 2.066974463803144317e+03 4.694362091471522704e-05 1.628033498795035712e+03 4.942541768266624167e-08 2.648137926174822951e+03 0.000000000000000000e+00
1.921568627450980296e-03 0.000000000000000000e+00 2.025386753631245028e+03 4.525510243833826126e-05 1.625236273171935636e+03 3.843089964319358115e-08 2.661916968356722919e+03 0.000000000000000000e+00
2.058823529411764851e-03 0.000000000000000000e+00 1.903667164062369238e+03 3.955881558125862570e-05 1.589447520488227838e+03 2.663133794377530681e-08 0.000000000000000000e+00 8.720363006731702626e+03
2.196078431372548972e-03 0.000000000000000000e+00 1.903667164062369238e+03 3.955881558125862570e-05 1.589447520488227838e+03 2.663133794377530681e-08 0.000000000000000000e+00 8.720363006731702626e+03
2.333333333333333093e-03 0.000000000000000000e+00 1.903669102361864361e+03 3.955851357236876475e-05 1.589447503696917011e+03 2.663202618312260541e-08 0.000000000000000000e+00 8.720362614090285206e+03
2.470588235294117647e-03 0.000000000000000000e+00 1.903914794878610110e+03 3.952268879757310857e-05 1.589445073579471682e+03 2.672487679622933674e-08 0.000000000000000000e+00 8.720321758762414902e+03
2.607843137254901768e-03 0.000000000000000000e+00 1.906574821328737244e+03 3.885904887155725457e-05 1.589400153113625493e+03 2.855795118844058539e-08 0.000000000000000000e+00 8.719969827595770766e+03
2.745098039215686323e-03 0.000000000000000000e+00 1.925388555028323253e+03 3.475128603042987769e-05 1.588773662372377885e+03 4.342684182947233427e-08 0.000000000000000000e+00 8.718026451885420101e+03
2.882352941176470444e-03 0.000000000000000000e+00 2.039288933357661790e+03 2.761414973640375056e-05 1.580322428506929100e+03 9.333318199370448500e-08 0.000000000000000000e+00 8.709113220253235340e+03
3.019607843137254999e-03 0.000000000000000000e+00 2.913423434147636726e+03 2.623566952657033609e-05 1.791859797794192446e+03 3.423487637046175435e-07 0.000000000000000000e+00 0.000000000000000000e+00
3.156862745098039120e-03 0.000000000000000000e+00 2.913423434147636726e+03 2.623566952657033609e-05 1.791859797794192446e+03 3.423487637046175435e-07 0.000000000000000000e+00 0.000000000000000000e+00
3.294117647058823241e-03 0.000000000000000000e+00 2.913423434147636726e+03 2.623566952657033609e-05 1.791859797794192446e+03 3.423487637046175435e-07 0.000000000000000000e+00 0.000000000000000000e+00
3.431372549019607796e-03 0.000000000000000000e+00 2.913094780817798892e+03 2.624491228563697858e-05 1.791861124021766955e+03 3.419586271730519763e-07 0.000000000000000000e+00 0.000000000000000000e+00
3.568627450980391917e-03 0.000000000000000000e+00 2.909612080067112856e+03 2.648609016962111888e-05 1.791891134686923351e+03 3.356166902919088823e-07 0.000000000000000000e+00 0.000000000000000000e+00
3.705882352941176471e-03 0.000000000000000000e+00 2.889588785333758096e+03 2.931219897281720933e-05 1.792340450360378327e+03 2.885906954038617609e-07 0.000000000000000000e+00 0.000000000000000000e+00
3.843137254901960592e-03 0.000000000000000000e+00 2.801532655696968504e+03 3.753078926290900452e-05 1.798674933999114955e+03 2.034709668018231643e-07 0.000000000000000000e+00 0.000000000000000000e+00
3.980392156862745147e-03 0.000000000000000000e+00 2.607907934268742792e+03 5.763516205804963046e-05 1.823360135823485962e+03 8.743837876595213442e-08 0.000000000000000000e+00 0.000000000000000000e+00
4.117647058823529702e-03 0.000000000000000000e+00 2.076953637624109433e+03 4.796958432467593323e-05 1.628342974758344553e+03 5.711278351852403361e-08 2.645778320077661647e+03 0.000000000000000000e+00
4.254901960784313389e-03 0.000000000000000000e+00 2.070489749200624829e+03 4.719646382532039603e-05 1.628176859160848835e+03 5.122308944666084827e-08 2.647208637638088476e+03 0.000000000000000000e+00
4.392156862745097944e-03 0.000000000000000000e+00 2.037140578766933686e+03 4.569919500670193894e-05 1.626117187481663905e+03 4.121743882740584233e-08 2.657766750426429098e+03 0.000000000000000000e+00
4.529411764705882498e-03 0.000000000000000000e+00 1.904460774903267065e+03 3.942074826003157096e-05 1.589437531058465083e+03 2.699946921475763644e-08 0.000000000000000000e+00 8.720242004005031049e+03
4.666666666666666186e-03 0.000000000000000000e+00 1.910896838741481361e+03 3.754899996867608038e-05 1.589288446519155286e+03 3.245323028725929945e-08 0.000000000000000000e+00 8.719471896228196783e+03
4.803921568627450740e-03 0.000000000000000000e+00 1.952381004763296005e+03 3.204704644858347769e-05 1.587242069024621969e+03 5.814609653587303910e-08 0.000000000000000000e+00 8.715657836415308338e+03
4.941176470588235295e-03 0.000000000000000000e+00 2.128874642057925939e+03 2.341921711816259455e-05 1.572506355404104170e+03 1.425695277685875223e-07 0.000000000000000000e+00 8.702459085736736597e+03
5.078431372549019850e-03 0.000000000000000000e+00 2.909031300850978369e+03 2.654706888639415271e-05 1.791897667636887945e+03 3.342556894786489571e-07 0.000000000000000000e+00 0.000000000000000000e+00
5.215686274509803537e-03 0.000000000000000000e+00 2.886486451330988530e+03 2.969526428765013065e-05 1.792433599800082902e+03 2.831959879941968711e-07 0.000000000000000000e+00 0.000000000000000000e+00
5.352941176470588092e-03 0.000000000000000000e+00 2.787749466844700692e+03 3.830312237817543297e-05 1.800015038386427932e+03 1.946062173309716742e-07 0.000000000000000000e+00 0.000000000000000000e+00
5.490196078431372646e-03 0.000000000000000000e+00 2.588927913316138074e+03 5.916880683666136574e-05 1.824835761788459877e+03 7.178457919277571102e-08 0.000000000000000000e+00 0.000000000000000000e+00
5.627450980392156334e-03 0.000000000000000000e+00 2.047391034882657550e+03 4.474169277325763491e-05 1.626467245463647942e+03 4.628712457418025814e-08 2.655106536585405138e+03 0.000000000000000000e+00
5.764705882352940888e-03 0.000000000000000000e+00 1.932038085956293344e+03 3.390415232286052809e-05 1.588457694604540393e+03 4.756217856576550909e-08 0.000000000000000000e+00 8.717418755889935710e+03
5.901960784313725443e-03 0.000000000000000000e+00 2.070837039808466670e+03 2.630501718180443407e-05 1.577583607776491590e+03 1.067277308948393159e-07 0.000000000000000000e+00 8.706952986412106839e+03
6.039215686274509998e-03 0.000000000000000000e+00 2.913423434147636726e+03 2.623566952657033609e-05 1.791859797794192446e+03 3.423487637046175435e-07 0.000000000000000000e+00 0.000000000000000000e+00
6.176470588235293685e-03 0.000000000000000000e+00 2.913423434147636726e+03 2.623566952657033609e-05 1.791859797794192446e+03 3.423487637046175435e-07 0.000000000000000000e+00 0.000000000000000000e+00
6.313725490196078240e-03 0.000000000000000000e+00 2.913423434147636726e+03 2.623566952657033609e-05 1.791859797794192446e+03 3.423487637046175435e-07 0.000000000000000000e+00 0.000000000000000000e+00
6.450980392156862794e-03 0.000000000000000000e+00 2.913423434147636726e+03 2.623566952657033609e-05 1.791859797794192446e+03 3.423487637046175435e-07 0.000000000000000000e+00 0.000000000000000000e+00
6.588235294117646482e-03 0.000000000000000000e+00 2.913423434147636726e+03 2.623566952657033609e-05 1.791859797794192446e+03 3.423487637046175435e-07 0.000000000000000000e+00 0.000000000000000000e+00
6.725490196078431036e-03 0.000000000000000000e+00 2.913423434147636726e+03 2.623566952657032931e-05 1.791859797794192446e+03 3.423487637046175965e-07 0.000000000000000000e+00 0.000000000000000000e+00
6.862745098039215591e-03 0.000000000000000000e+00 0.000000000000000000e+00 0.000000000000000000e+00 0.000000000000000000e+00 0.000000000000000000e+00 0.000000000000000000e+00 0.000000000000000000e+00
