0.000000000000000000e+00 1.000000000000000000e+00 6.000000000000000000e+00 7.000000000000000000e+00 8.000000000000000000e+00 1.400000000000000000e+01 2.600000000000000000e+01 2.800000000000000000e+01
0.000000000000000000e+00 0.000000000000000000e+00 2.913423434147636726e+03 2.623566952657033609e-05 1.791859797794192446e+03 3.423487637046175435e-07 0.000000000000000000e+00 0.000000000000000000e+00
1.372549019607843107e-04 0.000000000000000000e+00 2.913423434147636726e+03 2.623566952657033609e-05 1.791859797794192446e+03 3.423487637046175435e-07 0.000000000000000000e+00 0.000000000000000000e+00
2.745098039215686215e-04 0.000000000000000000e+00 2.913423434147636726e+03 2.623805612973860847e-05 1.791859797794192446e+03 3.422346694086704848e-07 0.000000000000000000e+00 0.000000000000000000e+00
4.117647058823529051e-04 0.000000000000000000e+00 2.913215627919614235e+03 2.629915640222431523e-05 1.791860594417092443e+03 3.402687490804109856e-07 0.000000000000000000e+00 0.000000000000000000e+00
5.490196078431372429e-04 0.000000000000000000e+00 2.910592032890302107e+03 2.706744680209575239e-05 1.791880823671310054e+03 3.241882804172269901e-07 0.000000000000000000e+00 0.000000000000000000e+00
6.862745098039215808e-04 0.000000000000000000e+00 2.894660491783934503e+03 3.135001202595981412e-05 1.792192164427671514e+03 2.647640318278426822e-07 0.000000000000000000e+00 0.000000000000000000e+00
8.235294117647058102e-04 0.000000000000000000e+00 2.822903133886127307e+03 4.094258842252263681e-05 1.796562453608532905e+03 1.837359363873753821e-07 0.000000000000000000e+00 0.000000000000000000e+00
9.607843137254901481e-04 0.000000000000000000e+00 2.632359132410870188e+03 5.872255725779357781e-05 1.820369505609953876e+03 8.918307187869889487e-08 0.000000000000000000e+00 0.000000000000000000e+00
1.098039215686274486e-03 0.000000000000000000e+00 2.078121813100189229e+03 4.811059722846862977e-05 1.628356047676236358e+03 5.832588623352091439e-08 2.645594175806492785e+03 0.000000000000000000e+00
1.235294117647058824e-03 0.000000000000000000e+00 2.078121813100189229e+03 4.811045062098002941e-05 1.628356047676236358e+03 5.832428883972557334e-08 2.645594175806492785e+03 0.000000000000000000e+00
1.372549019607843162e-03 0.000000000000000000e+00 2.078114042388226608e+03 4.810421937235836494e-05 1.628356010169077763e+03 5.826309019830694257e-08 2.645595013368552372e+03 0.000000000000000000e+00
1.509803921568627499e-03 0.000000000000000000e+00 2.077916861719513236e+03 4.802752686954789443e-05 1.628354592705339883e+03 5.759505018520791294e-08 2.645620813325888776e+03 0.000000000000000000e+00
1.647058823529411620e-03 0.000000000000000000e+00 2.076314058699982070e+03 4.749581078928783899e-05 1.628332090469597006e+03 5.344627265586632123e-08 2.645897699365030803e+03 0.000000000000000000e+00
1.784313725490195958e-03 0.000000000000000000e+00 2.066974463803144317e+03 4.637355103571305572e-05 1.628033498795035712e+03 4.565668779641037318e-08 2.648137926174822951e+03 0.000000000000000000e+00
1.921568627450980296e-03 0.000000000000000000e+00 2.025386753631245028e+03 4.454712768748881604e-05 1.625236273171935636e+03 3.453547407238082825e-08 2.661916968356722919e+03 0.000000000000000000e+00
2.058823529411764851e-03 0.000000000000000000e+00 1.903667164062369238e+03 3.955881558125862570e-05 1.589447520488227838e+03 2.663133794377530681e-08 0.000000000000000000e+00 8.720363006731702626e+03
2.196078431372548972e-03 0.000000000000000000e+00 1.903667164062369238e+03 3.955872550160757128e-05 1.589447520488227838e+03 2.663154014230376071e-08 0.000000000000000000e+00 8.720363006731702626e+03
2.333333333333333093e-03 0.000000000000000000e+00 1.903669102361864361e+03 3.954237747967792913e-05 1.589447503696917011e+03 2.667426405198813204e-08 0.000000000000000000e+00 8.720362614090285206e+03
2.470588235294117647e-03 0.000000000000000000e+00 1.903914794878610110e+03 3.931042275116762423e-05 1.589445073579471682e+03 2.733753196575969835e-08 0.000000000000000000e+00 8.720321758762414902e+03
2.607843137254901768e-03 0.000000000000000000e+00 1.906574821328737244e+03 3.723093784784619795e-05 1.589400153113625493e+03 3.390404418586650212e-08 0.000000000000000000e+00 8.719969827595770766e+03
2.745098039215686323e-03 0.000000000000000000e+00 1.925388555028323253e+03 3.211141162552287668e-05 1.588773662372377885e+03 6.011176318406026251e-08 0.000000000000000000e+00 8.718026451885420101e+03
2.882352941176470444e-03 0.000000000000000000e+00 2.039288933357661790e+03 2.475295839208051626e-05 1.580322428506929100e+03 1.373523945092364175e-07 0.000000000000000000e+00 8.709113220253235340e+03
3.019607843137254999e-03 0.000000000000000000e+00 2.913423434147636726e+03 2.623566952657033609e-05 1.791859797794192446e+03 3.423487637046175435e-07 0.000000000000000000e+00 0.000000000000000000e+00
3.156862745098039120e-03 0.000000000000000000e+00 2.913423434147636726e+03 2.623566952657033609e-05 1.791859797794192446e+03 3.423487637046175435e-07 0.000000000000000000e+00 0.000000000000000000e+00
3.294117647058823241e-03 0.000000000000000000e+00 2.913423434147636726e+03 2.623991135548696762e-05 1.791859797794192446e+03 3.421559577882819343e-07 0.000000000000000000e+00 0.000000000000000000e+00
3.431372549019607796e-03 0.000000000000000000e+00 2.913094780817798892e+03 2.632949431232179944e-05 1.791861124021766955e+03 3.394453693110995529e-07 0.000000000000000000e+00 0.000000000000000000e+00
3.568627450980391917e-03 0.000000000000000000e+00 2.909612080067112856e+03 2.741012172324068576e-05 1.791891134686923351e+03 3.181542611860152893e-07 0.000000000000000000e+00 0.000000000000000000e+00
3.705882352941176471e-03 0.000000000000000000e+00 2.889588785333758096e+03 3.233582902827448390e-05 1.792340450360378327e+03 2.541562031895327124e-07 0.000000000000000000e+00 0.000000000000000000e+00
3.843137254901960592e-03 0.000000000000000000e+00 2.801532655696968504e+03 4.296898058211532251e-05 1.798674933999114955e+03 1.707054259504153289e-07 0.000000000000000000e+00 0.000000000000000000e+00
3.980392156862745147e-03 0.000000000000000000e+00 2.607907934268742792e+03 6.104783015826835413e-05 1.823360135823485962e+03 7.742859283472190603e-08 0.000000000000000000e+00 0.000000000000000000e+00
4.117647058823529702e-03 0.000000000000000000e+00 2.076953637624109433e+03 4.766391824267950529e-05 1.628342974758344553e+03 5.471171585856560421e-08 2.645778320077661647e+03 0.000000000000000000e+00
4.254901960784313389e-03 0.000000000000000000e+00 2.070489749200624829e+03 4.666037713457434673e-05 1.628176859160848835e+03 4.757772354346791153e-08 2.647208637638088476e+03 0.000000000000000000e+00
4.392156862745097944e-03 0.000000000000000000e+00 2.037140578766933686e+03 4.495364958921859843e-05 1.626117187481663905e+03 3.744125295785864393e-08 2.657766750426429098e+03 0.000000000000000000e+00
4.529411764705882498e-03 0.000000000000000000e+00 1.904460774903267065e+03 3.886643700109008293e-05 1.589437531058465083e+03 2.865491382289985318e-08 0.000000000000000000e+00 8.720242004005031049e+03
4.666666666666666186e-03 0.000000000000000000e+00 1.910896838741481361e+03 3.531333695099724061e-05 1.589288446519155286e+03 4.176198121927336879e-08 0.000000000000000000e+00 8.719471896228196783e+03
4.803921568627450740e-03 0.000000000000000000e+00 1.952381004763296005e+03 2.925594249347701465e-05 1.587242069024621969e+03 8.321871219951714142e-08 0.000000000000000000e+00 8.715657836415308338e+03
4.941176470588235295e-03 0.000000000000000000e+00 2.128874642057925939e+03 2.110234869737720527e-05 1.572506355404104170e+03 1.960694407530047610e-07 0.000000000000000000e+00 8.702459085736736597e+03
5.078431372549019850e-03 0.000000000000000000e+00 2.909031300850978369e+03 2.761838851162763623e-05 1.791897667636887945e+03 3.145405427062086543e-07 0.000000000000000000e+00 0.000000000000000000e+00
5.215686274509803537e-03 0.000000000000000000e+00 2.886486451330988530e+03 3.283182607324858774e-05 1.792433599800082902e+03 2.479472226337520377e-07 0.000000000000000000e+00 0.000000000000000000e+00
5.352941176470588092e-03 0.000000000000000000e+00 2.787749466844700692e+03 4.360212667964615696e-05 1.800015038386427932e+03 1.595750931224152044e-07 0.000000000000000000e+00 0.000000000000000000e+00
5.490196078431372646e-03 0.000000000000000000e+00 2.588927913316138074e+03 5.975242703217764449e-05 1.824835761788459877e+03 6.464610442996135083e-08 0.000000000000000000e+00 0.000000000000000000e+00
5.627450980392156334e-03 0.000000000000000000e+00 2.047391034882657550e+03 4.198305099695739723e-05 1.626467245463647942e+03 4.964386639139822968e-08 2.655106536585405138e+03 0.000000000000000000e+00
5.764705882352940888e-03 0.000000000000000000e+00 1.932038085956293344e+03 3.119913504174293552e-05 1.588457694604540393e+03 6.672291872929683829e-08 0.000000000000000000e+00 8.717418755889935710e+03
5.901960784313725443e-03 0.000000000000000000e+00 2.070837039808466670e+03 2.351622173627362924e-05 1.577583607776491590e+03 1.571696436110574024e-07 0.000000000000000000e+00 8.706952986412106839e+03
6.039215686274509998e-03 0.000000000000000000e+00 2.913423434147636726e+03 2.623566952657033609e-05 1.791859797794192446e+03 3.423487637046175435e-07 0.000000000000000000e+00 0.000000000000000000e+00
6.176470588235293685e-03 0.000000000000000000e+00 2.913423434147636726e+03 2.623566952657033609e-05 1.791859797794192446e+03 3.423487637046175435e-07 0.000000000000000000e+00 0.000000000000000000e+00
6.313725490196078240e-03 0.000000000000000000e+00 2.913423434147636726e+03 2.623566952657033609e-05 1.791859797794192446e+03 3.423487637046175435e-07 0.000000000000000000e+00 0.000000000000000000e+00
6.450980392156862794e-03 0.000000000000000000e+00 2.913423434147636726e+03 2.623566952657033609e-05 1.791859797794192446e+03 3.423487637046175435e-07 0.000000000000000000e+00 0.000000000000000000e+00
6.588235294117646482e-03 0.000000000000000000e+00 2.913423434147636726e+03 2.623566952657032931e-05 1.791859797794192446e+03 3.423487637046175965e-07 0.000000000000000000e+00 0.000000000000000000e+00
6.725490196078431036e-03 0.000000000000000000e+00 2.913423434147636726e+03 2.623566952657032931e-05 1.791859797794192446e+03 3.423487637046175965e-07 0.000000000000000000e+00 0.000000000000000000e+00
6.862745098039215591e-03 0.000000000000000000e+00 0.000000000000000000e+00 0.000000000000000000e+00 0.000000000000000000e+00 0.000000000000000000e+00 0.000000000000000000e+00 0.000000000000000000e+00
