0.000000000000000000e+00 1.000000000000000000e+00 6.000000000000000000e+00 7.000000000000000000e+00 8.000000000000000000e+00 1.400000000000000000e+01 2.600000000000000000e+01 2.800000000000000000e+01
0.000000000000000000e+00 0.000000000000000000e+00 2.913423434147636726e+03 2.623566952657033609e-05 1.791859797794192446e+03 3.423487637046175435e-07 0.000000000000000000e+00 0.000000000000000000e+00
1.372549019607843107e-04 0.000000000000000000e+00 2.913423434147636726e+03 2.623566952657031576e-05 1.791859797794192446e+03 3.423487637046175435e-07 0.000000000000000000e+00 0.000000000000000000e+00
2.745098039215686215e-04 0.000000000000000000e+00 2.913423434147636726e+03 2.623566952657032931e-05 1.791859797794192446e+03 3.423487637046175435e-07 0.000000000000000000e+00 0.000000000000000000e+00
4.117647058823529051e-04 0.000000000000000000e+00 2.913423434147636726e+03 2.623566952657033270e-05 1.791859797794192446e+03 3.423487637046175965e-07 0.000000000000000000e+00 0.000000000000000000e+00
5.490196078431372429e-04 0.000000000000000000e+00 2.913423434147636726e+03 2.623566952657033609e-05 1.791859797794192446e+03 3.423487637046175435e-07 0.000000000000000000e+00 0.000000000000000000e+00
6.862745098039215808e-04 0.000000000000000000e+00 2.913423434147636726e+03 2.623566952657033609e-05 1.791859797794192446e+03 3.423487637046175435e-07 0.000000000000000000e+00 0.000000000000000000e+00
8.235294117647058102e-04 0.000000000000000000e+00 2.913423434147636726e+03 2.623566952657033609e-05 1.791859797794192446e+03 3.423487637046175435e-07 0.000000000000000000e+00 0.000000000000000000e+00
9.607843137254901481e-04 0.000000000000000000e+00 2.913423434147636726e+03 2.623566952657033609e-05 1.791859797794192446e+03 3.423487637046175435e-07 0.000000000000000000e+00 0.000000000000000000e+00
1.098039215686274486e-03 0.000000000000000000e+00 2.217985256827434114e+03 3.047995194786209133e-05 1.613354799039395630e+03 1.481803993604017315e-07 2.621863651925144495e+03 0.000000000000000000e+00
1.235294117647058824e-03 0.000000000000000000e+00 2.103978296552509164e+03 4.049014354039727416e-05 1.627062175674326909e+03 8.543883136028125278e-08 2.642297846560777543e+03 0.000000000000000000e+00
1.372549019607843162e-03 0.000000000000000000e+00 2.082003966745616253e+03 4.670322851321084590e-05 1.628260370745053933e+03 6.248017088672674641e-08 2.645206745881391726e+03 0.000000000000000000e+00
1.509803921568627499e-03 0.000000000000000000e+00 2.078509443625012409e+03 4.803113326301602758e-05 1.628350555261450154e+03 5.856852046008532688e-08 2.645561918601852994e+03 0.000000000000000000e+00
1.647058823529411620e-03 0.000000000000000000e+00 2.078129952567365763e+03 4.810933010989231211e-05 1.628355956419870836e+03 5.832963653718322285e-08 2.645593526711681079e+03 0.000000000000000000e+00
1.784313725490195958e-03 0.000000000000000000e+00 2.078121813100189229e+03 4.811059722846862977e-05 1.628356047676236358e+03 5.832588623352091439e-08 2.645594175806492785e+03 0.000000000000000000e+00
1.921568627450980296e-03 0.000000000000000000e+00 2.078121813100189229e+03 4.811059722846862977e-05 1.628356047676236358e+03 5.832588623352091439e-08 2.645594175806492785e+03 0.000000000000000000e+00
2.058823529411764851e-03 0.000000000000000000e+00 1.958259995447868732e+03 4.240586061767306485e-05 1.592905078673198204e+03 4.399528156407933281e-08 0.000000000000000000e+00 8.158782275541624585e+03
2.196078431372548972e-03 0.000000000000000000e+00 1.915811031277145503e+03 4.072409358679309187e-05 1.589891982811544722e+03 3.306867881476007854e-08 0.000000000000000000e+00 8.579806413844422423e+03
2.333333333333333093e-03 0.000000000000000000e+00 1.905521326323966150e+03 3.984176553374507864e-05 1.589479443746708284e+03 2.809879082573592002e-08 0.000000000000000000e+00 8.695822974267912286e+03
2.470588235294117647e-03 0.000000000000000000e+00 1.903877100716881841e+03 3.957767044590512328e-05 1.589449509802921511e+03 2.673067268985949311e-08 0.000000000000000000e+00 8.717240651946543949e+03
2.607843137254901768e-03 0.000000000000000000e+00 1.903677468528885584e+03 3.955936286605892893e-05 1.589447585931468666e+03 2.663426356764513817e-08 0.000000000000000000e+00 8.720192573200154584e+03
2.745098039215686323e-03 0.000000000000000000e+00 1.903667164062369238e+03 3.955881558125862570e-05 1.589447520488227838e+03 2.663133794377530681e-08 0.000000000000000000e+00 8.720363006731702626e+03
2.882352941176470444e-03 0.000000000000000000e+00 1.903667164062369238e+03 3.955881558125862570e-05 1.589447520488227838e+03 2.663133794377530681e-08 0.000000000000000000e+00 8.720363006731702626e+03
3.019607843137254999e-03 0.000000000000000000e+00 2.511617623163718690e+03 5.272834844559898775e-05 1.818010451488651825e+03 4.784704289332403737e-08 0.000000000000000000e+00 0.000000000000000000e+00
3.156862745098039120e-03 0.000000000000000000e+00 2.764910427445897312e+03 3.596358555539234914e-05 1.797528715333641230e+03 1.697985445189967117e-07 0.000000000000000000e+00 0.000000000000000000e+00
3.294117647058823241e-03 0.000000000000000000e+00 2.881460598350159671e+03 2.892380597401793404e-05 1.792259881089336432e+03 2.711589055811369164e-07 0.000000000000000000e+00 0.000000000000000000e+00
3.431372549019607796e-03 0.000000000000000000e+00 2.908257716762287146e+03 2.645575955456772009e-05 1.791885912501551275e+03 3.331521958676032585e-07 0.000000000000000000e+00 0.000000000000000000e+00
3.568627450980391917e-03 0.000000000000000000e+00 2.912972025481862602e+03 2.624382229478829372e-05 1.791860905202647473e+03 3.418038048947183462e-07 0.000000000000000000e+00 0.000000000000000000e+00
3.705882352941176471e-03 0.000000000000000000e+00 2.913423434147636726e+03 2.623566952657033609e-05 1.791859797794192446e+03 3.423487637046175435e-07 0.000000000000000000e+00 0.000000000000000000e+00
3.843137254901960592e-03 0.000000000000000000e+00 2.913423434147636726e+03 2.623566952657033609e-05 1.791859797794192446e+03 3.423487637046175435e-07 0.000000000000000000e+00 0.000000000000000000e+00
3.980392156862745147e-03 0.000000000000000000e+00 2.913423434147636726e+03 2.623566952657033609e-05 1.791859797794192446e+03 3.423487637046175435e-07 0.000000000000000000e+00 0.000000000000000000e+00
4.117647058823529702e-03 0.000000000000000000e+00 2.192637691580792307e+03 3.219076986625103932e-05 1.616789319243248883e+03 1.349033411485572902e-07 2.626612303965828232e+03 0.000000000000000000e+00
4.254901960784313389e-03 0.000000000000000000e+00 2.098155810518737781e+03 4.162007597119207660e-05 1.627469792305962756e+03 8.046969244475001435e-08 2.643144314312231018e+03 0.000000000000000000e+00
4.392156862745097944e-03 0.000000000000000000e+00 2.081005112393689615e+03 4.715309888832506016e-05 1.628291809766256165e+03 6.116737460728364759e-08 2.645315899887129490e+03 0.000000000000000000e+00
4.529411764705882498e-03 0.000000000000000000e+00 1.967129234395803678e+03 4.293863746671044144e-05 1.593536670955708132e+03 4.824457649138322503e-08 0.000000000000000000e+00 8.074747959178602287e+03
4.666666666666666186e-03 0.000000000000000000e+00 1.921633927020857527e+03 4.099881466600930382e-05 1.590233767852263554e+03 3.473741501551426066e-08 0.000000000000000000e+00 8.518842475084828038e+03
4.803921568627450740e-03 0.000000000000000000e+00 1.906497597531791371e+03 3.998046345644250092e-05 1.589503802754944672e+03 2.883680051116237522e-08 0.000000000000000000e+00 8.683907315262282282e+03
4.941176470588235295e-03 0.000000000000000000e+00 1.904017008573562634e+03 3.959418495417547701e-05 1.589451222229853329e+03 2.681673319432037824e-08 0.000000000000000000e+00 8.715284935884645165e+03
5.078431372549019850e-03 0.000000000000000000e+00 2.610865782859548290e+03 4.335557645922632873e-05 1.809924751067065699e+03 1.046531679621141268e-07 0.000000000000000000e+00 0.000000000000000000e+00
5.215686274509803537e-03 0.000000000000000000e+00 2.835580433093170541e+03 3.226384870905431486e-05 1.793644335858926524e+03 2.153303813581626297e-07 0.000000000000000000e+00 0.000000000000000000e+00
5.352941176470588092e-03 0.000000000000000000e+00 2.898193121786382108e+03 2.735462212542510245e-05 1.791985860580014787e+03 3.067861195179499136e-07 0.000000000000000000e+00 0.000000000000000000e+00
5.490196078431372646e-03 0.000000000000000000e+00 2.911414095041150176e+03 2.629484459911422483e-05 1.791867077066421643e+03 3.393129163981527358e-07 0.000000000000000000e+00 0.000000000000000000e+00
5.627450980392156334e-03 0.000000000000000000e+00 2.180523831144913856e+03 3.298565861731346836e-05 1.618397901398312342e+03 1.289784774820026049e-07 2.628865230150156094e+03 0.000000000000000000e+00
5.764705882352940888e-03 0.000000000000000000e+00 1.987155797794337786e+03 3.794249752780760496e-05 1.593165815262833348e+03 6.853517332677758533e-08 0.000000000000000000e+00 8.076049618070644101e+03
5.901960784313725443e-03 0.000000000000000000e+00 1.927581516557202576e+03 4.045916605745732885e-05 1.590431873971266214e+03 3.737715515792321578e-08 0.000000000000000000e+00 8.486214590301860881e+03
6.039215686274509998e-03 0.000000000000000000e+00 2.549183975512391498e+03 4.950139434420217565e-05 1.815626411171147311e+03 7.374947285421129910e-08 0.000000000000000000e+00 0.000000000000000000e+00
6.176470588235293685e-03 0.000000000000000000e+00 2.793934282578918101e+03 3.464642170687579965e-05 1.795779122786037078e+03 1.859994004245321375e-07 0.000000000000000000e+00 0.000000000000000000e+00
6.313725490196078240e-03 0.000000000000000000e+00 2.888303380450584427e+03 2.832134964904590093e-05 1.792136807402168415e+03 2.838707081010242837e-07 0.000000000000000000e+00 0.000000000000000000e+00
6.450980392156862794e-03 0.000000000000000000e+00 2.909579134856686778e+03 2.637951061720723115e-05 1.791877325515201619e+03 3.359112030752182376e-07 0.000000000000000000e+00 0.000000000000000000e+00
6.588235294117646482e-03 0.000000000000000000e+00 2.913137202450510358e+03 2.624024725879803044e-05 1.791860463373432140e+03 3.420230584641986886e-07 0.000000000000000000e+00 0.000000000000000000e+00
6.725490196078431036e-03 0.000000000000000000e+00 2.913423434147636726e+03 2.623566952657033609e-05 1.791859797794192446e+03 3.423487637046175435e-07 0.000000000000000000e+00 0.000000000000000000e+00
6.862745098039215591e-03 0.000000000000000000e+00 0.000000000000000000e+00 0.000000000000000000e+00 0.000000000000000000e+00 0.000000000000000000e+00 0.000000000000000000e+00 0.000000000000000000e+00
