0.000000000000000000e+00 1.000000000000000000e+00 6.000000000000000000e+00 7.000000000000000000e+00 8.000000000000000000e+00 1.400000000000000000e+01 2.600000000000000000e+01 2.800000000000000000e+01
0.000000000000000000e+00 0.000000000000000000e+00 2.313885277948830677e+01 4.565654235202179221e-07 1.499989775514611701e+01 1.000438235664307058e+03 0.000000000000000000e+00 0.000000000000000000e+00
1.372549019607843107e-04 0.000000000000000000e+00 2.313885277948830677e+01 4.565654235202179221e-07 1.499989775514611701e+01 1.000438235664307058e+03 0.000000000000000000e+00 0.000000000000000000e+00
2.745098039215686215e-04 0.000000000000000000e+00 2.313885277948830677e+01 4.565654235202179221e-07 1.499989775514611701e+01 1.000438235664307058e+03 0.000000000000000000e+00 0.000000000000000000e+00
4.117647058823529051e-04 0.000000000000000000e+00 2.313595086128152900e+01 4.566556421340224049e-07 1.499991099167767672e+01 9.995227044716905311e+02 0.000000000000000000e+00 0.000000000000000000e+00
5.490196078431372429e-04 0.000000000000000000e+00 2.310084913207346702e+01 4.594116049489931660e-07 1.500022297541704219e+01 9.929733152818402004e+02 0.000000000000000000e+00 0.000000000000000000e+00
6.862745098039215808e-04 0.000000000000000000e+00 2.290441040157406150e+01 4.980014071329903743e-07 1.500446386234654561e+01 9.739196990937659848e+02 0.000000000000000000e+00 0.000000000000000000e+00
8.235294117647058102e-04 0.000000000000000000e+00 2.213212985473302652e+01 6.250725157633363404e-07 1.505393993726471891e+01 9.391650946213223961e+02 0.000000000000000000e+00 0.000000000000000000e+00
9.607843137254901481e-04 0.000000000000000000e+00 2.029016240896381262e+01 9.219351788249047809e-07 1.530030320100280505e+01 8.812406719052943345e+02 0.000000000000000000e+00 0.000000000000000000e+00
1.098039215686274486e-03 0.000000000000000000e+00 1.677991893673042156e+01 1.076784782645695618e-06 1.412038641109178627e+01 8.563123998205743419e+02 3.662941217210476452e+01 0.000000000000000000e+00
1.235294117647058824e-03 0.000000000000000000e+00 1.677991893673042156e+01 1.076784782645695618e-06 1.412038641109178627e+01 8.563123998205743419e+02 3.662941217210476452e+01 0.000000000000000000e+00
1.372549019607843162e-03 0.000000000000000000e+00 1.677978382066083540e+01 1.076777238872768585e-06 1.412038563480747300e+01 8.562059125002231212e+02 3.662943861212317387e+01 0.000000000000000000e+00
1.509803921568627499e-03 0.000000000000000000e+00 1.677646350511393791e+01 1.076452596377926594e-06 1.412035789822092191e+01 8.547659909461712004e+02 3.663022265156703128e+01 0.000000000000000000e+00
1.647058823529411620e-03 0.000000000000000000e+00 1.675205010694872243e+01 1.071271587098056527e-06 1.411997451844514551e+01 8.497745457091447179e+02 3.663775552648811384e+01 0.000000000000000000e+00
1.784313725490195958e-03 0.000000000000000000e+00 1.663101204463513128e+01 1.050666785252553522e-06 1.411586399502703770e+01 8.393903530496005487e+02 3.668884149984445742e+01 0.000000000000000000e+00
1.921568627450980296e-03 0.000000000000000000e+00 1.618379103802242369e+01 1.012875308148118826e-06 1.408390823723448193e+01 8.222038750664739837e+02 3.694892573814644265e+01 0.000000000000000000e+00
2.058823529411764851e-03 0.000000000000000000e+00 1.542249753747470642e+01 9.758187542677857527e-07 1.391978586237334703e+01 8.058939371366145679e+02 0.000000000000000000e+00 1.380310955035959637e+02
2.196078431372548972e-03 0.000000000000000000e+00 1.542249753747470642e+01 9.758187542677857527e-07 1.391978586237334703e+01 8.058939371366145679e+02 0.000000000000000000e+00 1.380310955035959637e+02
2.333333333333333093e-03 0.000000000000000000e+00 1.542253419735325615e+01 9.758113079439513874e-07 1.391978548445543495e+01 8.059593483627770638e+02 0.000000000000000000e+00 1.380310813478324121e+02
2.470588235294117647e-03 0.000000000000000000e+00 1.542715406689601920e+01 9.749278880851699278e-07 1.391973147228609342e+01 8.089175482390918432e+02 0.000000000000000000e+00 1.380296169025153858e+02
2.607843137254901768e-03 0.000000000000000000e+00 1.547259308335133454e+01 9.585595150588222191e-07 1.391886238608884518e+01 8.218133582642061583e+02 0.000000000000000000e+00 1.380181859662958459e+02
2.745098039215686323e-03 0.000000000000000000e+00 1.575087456750989645e+01 8.572321702483925614e-07 1.390899120094586650e+01 8.537150118029819623e+02 0.000000000000000000e+00 1.379642125276142508e+02
2.882352941176470444e-03 0.000000000000000000e+00 1.711147927631284560e+01 6.811762488333387115e-07 1.380716210826446400e+01 9.100593288224899879e+02 0.000000000000000000e+00 1.377724721675325839e+02
3.019607843137254999e-03 0.000000000000000000e+00 2.313885277948830677e+01 4.565654235202179221e-07 1.499989775514611701e+01 1.000438235664307058e+03 0.000000000000000000e+00 0.000000000000000000e+00
3.156862745098039120e-03 0.000000000000000000e+00 2.313885277948830677e+01 4.565654235202179221e-07 1.499989775514611701e+01 1.000438235664307058e+03 0.000000000000000000e+00 0.000000000000000000e+00
3.294117647058823241e-03 0.000000000000000000e+00 2.313885277948830677e+01 4.565654235202179221e-07 1.499989775514611701e+01 1.000438235664307058e+03 0.000000000000000000e+00 0.000000000000000000e+00
3.431372549019607796e-03 0.000000000000000000e+00 2.313426300291999382e+01 4.567262090991386420e-07 1.499991979549474763e+01 9.990628319772715713e+02 0.000000000000000000e+00 0.000000000000000000e+00
3.568627450980391917e-03 0.000000000000000000e+00 2.308809785255478531e+01 4.609225005802838924e-07 1.500037763646390054e+01 9.912074872733794564e+02 0.000000000000000000e+00 0.000000000000000000e+00
3.705882352941176471e-03 0.000000000000000000e+00 2.284492112347240678e+01 5.101021054181229989e-07 1.500638456371778418e+01 9.699185459462993322e+02 0.000000000000000000e+00 0.000000000000000000e+00
3.843137254901960592e-03 0.000000000000000000e+00 2.191964870534791743e+01 6.531246417808950943e-07 1.507627297286308021e+01 9.326861051677225305e+02 0.000000000000000000e+00 0.000000000000000000e+00
3.980392156862745147e-03 0.000000000000000000e+00 2.005131542475426443e+01 1.002989442727600029e-06 1.533137586155113574e+01 8.677311957943454672e+02 0.000000000000000000e+00 0.000000000000000000e+00
4.117647058823529702e-03 0.000000000000000000e+00 1.676144689034238411e+01 1.073629097641281834e-06 1.412015177170831493e+01 8.512974525609603234e+02 3.663462877153961728e+01 0.000000000000000000e+00
4.254901960784313389e-03 0.000000000000000000e+00 1.667381821929063079e+01 1.056325755720746360e-06 1.411771152654677053e+01 8.420864849111488866e+02 3.666892929743478646e+01 0.000000000000000000e+00
4.392156862745097944e-03 0.000000000000000000e+00 1.630735157317183948e+01 1.022814788583934815e-06 1.409380635022943196e+01 8.273501518945719226e+02 3.687220528714569667e+01 0.000000000000000000e+00
4.529411764705882498e-03 0.000000000000000000e+00 1.543682017272235285e+01 9.724138146890747774e-07 1.391957876733470023e+01 8.126948114924022093e+02 0.000000000000000000e+00 1.380269321158376385e+02
4.666666666666666186e-03 0.000000000000000000e+00 1.554052259856445950e+01 9.262445857451030903e-07 1.391695900486178417e+01 8.329385206490536575e+02 0.000000000000000000e+00 1.380034049732880419e+02
4.803921568627450740e-03 0.000000000000000000e+00 1.610046190773975638e+01 7.905251962037331449e-07 1.388887610672937001e+01 8.741903368696849839e+02 0.000000000000000000e+00 1.379081829248125928e+02
4.941176470588235295e-03 0.000000000000000000e+00 1.812211649707526817e+01 5.776969361143043376e-07 1.371680519312046620e+01 9.450368463014946201e+02 0.000000000000000000e+00 1.376311618289855971e+02
5.078431372549019850e-03 0.000000000000000000e+00 2.308057242981193014e+01 4.619835542939000902e-07 1.500047519971978538e+01 9.901919115972036707e+02 0.000000000000000000e+00 0.000000000000000000e+00
5.215686274509803537e-03 0.000000000000000000e+00 2.280852617571888885e+01 5.167683204650517218e-07 1.500757809469366855e+01 9.669143388198965567e+02 0.000000000000000000e+00 0.000000000000000000e+00
5.352941176470588092e-03 0.000000000000000000e+00 2.178003742934792086e+01 6.665653361866758324e-07 1.509020783458728410e+01 9.249794089616671044e+02 0.000000000000000000e+00 0.000000000000000000e+00
5.490196078431372646e-03 0.000000000000000000e+00 1.985606400877218647e+01 1.029679758327841894e-06 1.534586475506182879e+01 8.538801609531324175e+02 0.000000000000000000e+00 0.000000000000000000e+00
5.627450980392156334e-03 0.000000000000000000e+00 1.643801074766837544e+01 1.001387154396188274e-06 1.409725188640793192e+01 8.482539956954192348e+02 3.681702192448202027e+01 0.000000000000000000e+00
5.764705882352940888e-03 0.000000000000000000e+00 1.584096253536974608e+01 8.363354727389434658e-07 1.390458638497016253e+01 8.600526430978682129e+02 0.000000000000000000e+00 1.379490588249597067e+02
5.901960784313725443e-03 0.000000000000000000e+00 1.746751198746443379e+01 6.488829945096618212e-07 1.377553041688734758e+01 9.212011617348497339e+02 0.000000000000000000e+00 1.377295393201216314e+02
6.039215686274509998e-03 0.000000000000000000e+00 2.313885277948830677e+01 4.565654235202179221e-07 1.499989775514611701e+01 1.000438235664307058e+03 0.000000000000000000e+00 0.000000000000000000e+00
6.176470588235293685e-03 0.000000000000000000e+00 2.313885277948830677e+01 4.565654235202179221e-07 1.499989775514611701e+01 1.000438235664307058e+03 0.000000000000000000e+00 0.000000000000000000e+00
6.313725490196078240e-03 0.000000000000000000e+00 2.313885277948830677e+01 4.565654235202179221e-07 1.499989775514611701e+01 1.000438235664307058e+03 0.000000000000000000e+00 0.000000000000000000e+00
6.450980392156862794e-03 0.000000000000000000e+00 2.313885277948830677e+01 4.565654235202179221e-07 1.499989775514611701e+01 1.000438235664307058e+03 0.000000000000000000e+00 0.000000000000000000e+00
6.588235294117646482e-03 0.000000000000000000e+00 2.313885277948830677e+01 4.565654235202179221e-07 1.499989775514611701e+01 1.000438235664307058e+03 0.000000000000000000e+00 0.000000000000000000e+00
6.725490196078431036e-03 0.000000000000000000e+00 2.313885277948830677e+01 4.565654235202179750e-07 1.499989775514611701e+01 1.000438235664307058e+03 0.000000000000000000e+00 0.000000000000000000e+00
6.862745098039215591e-03 0.000000000000000000e+00 0.000000000000000000e+00 0.000000000000000000e+00 0.000000000000000000e+00 0.000000000000000000e+00 0.000000000000000000e+00 0.000000000000000000e+00
