0.000000000000000000e+00 1.000000000000000000e+00 6.000000000000000000e+00 7.000000000000000000e+00 8.000000000000000000e+00 1.400000000000000000e+01 2.600000000000000000e+01 2.800000000000000000e+01
0.000000000000000000e+00 0.000000000000000000e+00 2.313885277948830677e+01 4.565654235202179221e-07 1.499989775514611701e+01 1.000438235664307058e+03 0.000000000000000000e+00 0.000000000000000000e+00
1.372549019607843107e-04 0.000000000000000000e+00 2.313885277948830677e+01 4.565654235202179221e-07 1.499989775514611701e+01 1.000438235664307058e+03 0.000000000000000000e+00 0.000000000000000000e+00
2.745098039215686215e-04 0.000000000000000000e+00 2.313885277948830677e+01 4.565654235202179221e-07 1.499989775514611701e+01 1.000438235664307058e+03 0.000000000000000000e+00 0.000000000000000000e+00
4.117647058823529051e-04 0.000000000000000000e+00 2.313885277948830677e+01 4.565654235202179221e-07 1.499989775514611701e+01 1.000438235664307058e+03 0.000000000000000000e+00 0.000000000000000000e+00
5.490196078431372429e-04 0.000000000000000000e+00 2.313885277948830677e+01 4.565654235202179221e-07 1.499989775514611701e+01 1.000438235664307058e+03 0.000000000000000000e+00 0.000000000000000000e+00
6.862745098039215808e-04 0.000000000000000000e+00 2.313885277948830677e+01 4.565654235202179221e-07 1.499989775514611701e+01 1.000438235664307058e+03 0.000000000000000000e+00 0.000000000000000000e+00
8.235294117647058102e-04 0.000000000000000000e+00 2.313885277948830677e+01 4.565654235202179221e-07 1.499989775514611701e+01 1.000438235664307058e+03 0.000000000000000000e+00 0.000000000000000000e+00
9.607843137254901481e-04 0.000000000000000000e+00 2.313885277948830677e+01 4.565654235202179221e-07 1.499989775514611701e+01 1.000438235664307058e+03 0.000000000000000000e+00 0.000000000000000000e+00
1.098039215686274486e-03 0.000000000000000000e+00 1.842269253088361936e+01 6.821888185768624679e-07 1.394414938410111127e+01 9.425294238815132530e+02 3.617248021853457374e+01 0.000000000000000000e+00
1.235294117647058824e-03 0.000000000000000000e+00 1.713974476901338306e+01 9.062320769743573476e-07 1.410152304624262420e+01 8.971530849313194267e+02 3.655117723467382973e+01 0.000000000000000000e+00
1.372549019607843162e-03 0.000000000000000000e+00 1.684113155075609569e+01 1.045289089615917773e-06 1.411869578238911416e+01 8.708909726848461332e+02 3.661861177800084732e+01 0.000000000000000000e+00
1.509803921568627499e-03 0.000000000000000000e+00 1.678655126228347427e+01 1.075006801704101516e-06 1.412027644446875030e+01 8.594157246429246015e+02 3.662841690003382666e+01 0.000000000000000000e+00
1.647058823529411620e-03 0.000000000000000000e+00 1.678006045230455001e+01 1.076756435538546777e-06 1.412038452269096389e+01 8.564468046874135325e+02 3.662939168893827713e+01 0.000000000000000000e+00
1.784313725490195958e-03 0.000000000000000000e+00 1.677991893673042156e+01 1.076784782645695618e-06 1.412038641109178627e+01 8.563123998205743419e+02 3.662941217210476452e+01 0.000000000000000000e+00
1.921568627450980296e-03 0.000000000000000000e+00 1.677991893673042156e+01 1.076784782645695618e-06 1.412038641109178627e+01 8.563123998205743419e+02 3.662941217210476452e+01 0.000000000000000000e+00
2.058823529411764851e-03 0.000000000000000000e+00 1.606271889293027044e+01 1.046047737485417717e-06 1.396143242390347261e+01 8.429041735990516599e+02 0.000000000000000000e+00 1.254650022525985236e+02
2.196078431372548972e-03 0.000000000000000000e+00 1.558901397137580602e+01 1.004562681608326491e-06 1.392604941424066389e+01 8.242351094175161279e+02 0.000000000000000000e+00 1.343404470285089758e+02
2.333333333333333093e-03 0.000000000000000000e+00 1.545258145667639660e+01 9.827979692210360835e-07 1.392035488266039778e+01 8.132698671602961440e+02 0.000000000000000000e+00 1.372699124634687280e+02
2.470588235294117647e-03 0.000000000000000000e+00 1.542627826535168012e+01 9.762837408064784578e-07 1.391982715865089482e+01 8.077693754086145645e+02 0.000000000000000000e+00 1.379238843317033911e+02
2.607843137254901768e-03 0.000000000000000000e+00 1.542269248921593139e+01 9.758322487736171331e-07 1.391978733612947217e+01 8.060696688576291535e+02 0.000000000000000000e+00 1.380249575599158902e+02
2.745098039215686323e-03 0.000000000000000000e+00 1.542249753747470642e+01 9.758187542677857527e-07 1.391978586237334703e+01 8.058939371366145679e+02 0.000000000000000000e+00 1.380310955035959637e+02
2.882352941176470444e-03 0.000000000000000000e+00 1.542249753747470642e+01 9.758187542677857527e-07 1.391978586237334703e+01 8.058939371366145679e+02 0.000000000000000000e+00 1.380310955035959637e+02
3.019607843137254999e-03 0.000000000000000000e+00 1.910059053456280864e+01 9.175996239064565635e-07 1.527490097985923612e+01 8.223133932157593335e+02 0.000000000000000000e+00 0.000000000000000000e+00
3.156862745098039120e-03 0.000000000000000000e+00 2.152722522540919670e+01 6.258520259401613043e-07 1.506338257796450186e+01 9.080288878470172449e+02 0.000000000000000000e+00 0.000000000000000000e+00
3.294117647058823241e-03 0.000000000000000000e+00 2.274538771607414844e+01 5.033434559805478843e-07 1.500529498086872948e+01 9.585307315520427665e+02 0.000000000000000000e+00 0.000000000000000000e+00
3.431372549019607796e-03 0.000000000000000000e+00 2.307010774240099948e+01 4.603947792616042000e-07 1.500029759689238418e+01 9.877070027332116524e+02 0.000000000000000000e+00 0.000000000000000000e+00
3.568627450980391917e-03 0.000000000000000000e+00 2.313254866556100708e+01 4.567072478138167990e-07 1.499991615899424424e+01 9.985337060594208651e+02 0.000000000000000000e+00 0.000000000000000000e+00
3.705882352941176471e-03 0.000000000000000000e+00 2.313885277948830677e+01 4.565654235202179221e-07 1.499989775514611701e+01 1.000438235664307058e+03 0.000000000000000000e+00 0.000000000000000000e+00
3.843137254901960592e-03 0.000000000000000000e+00 2.313885277948830677e+01 4.565654235202179221e-07 1.499989775514611701e+01 1.000438235664307058e+03 0.000000000000000000e+00 0.000000000000000000e+00
3.980392156862745147e-03 0.000000000000000000e+00 2.313885277948830677e+01 4.565654235202179221e-07 1.499989775514611701e+01 1.000438235664307058e+03 0.000000000000000000e+00 0.000000000000000000e+00
4.117647058823529702e-03 0.000000000000000000e+00 1.814755545743316389e+01 7.204796205481800314e-07 1.398258398727454122e+01 9.343001174334835923e+02 3.625743823447601244e+01 0.000000000000000000e+00
4.254901960784313389e-03 0.000000000000000000e+00 1.706491976618837825e+01 9.315216016110313604e-07 1.410695621187290705e+01 8.924139412834329050e+02 3.656949140405681220e+01 0.000000000000000000e+00
4.392156862745097944e-03 0.000000000000000000e+00 1.682603243593026576e+01 1.055357417479023491e-06 1.411922080152949910e+01 8.684218965565613644e+02 3.662150468678132142e+01 0.000000000000000000e+00
4.529411764705882498e-03 0.000000000000000000e+00 1.616309986030726620e+01 1.059190404986298379e-06 1.396877669848205450e+01 8.515219643577992201e+02 0.000000000000000000e+00 1.237056103799720574e+02
4.666666666666666186e-03 0.000000000000000000e+00 1.565755654320923540e+01 1.011339364838298156e-06 1.393024596966085049e+01 8.274696293677856147e+02 0.000000000000000000e+00 1.329823863850274677e+02
4.803921568627450740e-03 0.000000000000000000e+00 1.546703969858436523e+01 9.862192606184233755e-07 1.392074902595077646e+01 8.151525773059419180e+02 0.000000000000000000e+00 1.369338104860481735e+02
4.941176470588235295e-03 0.000000000000000000e+00 1.542867719369711388e+01 9.766910475828447796e-07 1.391986086095998409e+01 8.085271726377203549e+02 0.000000000000000000e+00 1.378600023437089703e+02
5.078431372549019850e-03 0.000000000000000000e+00 2.005453033695334142e+01 7.544904203710343286e-07 1.519130221785498591e+01 8.667246343005087965e+02 0.000000000000000000e+00 0.000000000000000000e+00
5.215686274509803537e-03 0.000000000000000000e+00 2.223959346515512081e+01 5.614678615993194663e-07 1.502167099467024869e+01 9.325038118700133509e+02 0.000000000000000000e+00 0.000000000000000000e+00
5.352941176470588092e-03 0.000000000000000000e+00 2.294374402480860908e+01 4.760362915396638667e-07 1.500170450059321325e+01 9.736897484903104214e+02 0.000000000000000000e+00 0.000000000000000000e+00
5.490196078431372646e-03 0.000000000000000000e+00 2.311139695461041654e+01 4.575949274022546121e-07 1.500001349766290559e+01 9.939944624626873519e+02 0.000000000000000000e+00 0.000000000000000000e+00
5.627450980392156334e-03 0.000000000000000000e+00 1.801538146217348668e+01 7.382704136985998683e-07 1.400061341044350982e+01 9.300442631349312705e+02 3.629786329883196316e+01 0.000000000000000000e+00
5.764705882352940888e-03 0.000000000000000000e+00 1.645105996505689916e+01 9.359517061726614801e-07 1.396128341440768672e+01 8.864739360638756125e+02 0.000000000000000000e+00 1.240824236288763984e+02
5.901960784313725443e-03 0.000000000000000000e+00 1.573823920777753216e+01 9.980300603041246418e-07 1.393223337650287519e+01 8.399483352702134198e+02 0.000000000000000000e+00 1.323491044477525804e+02
6.039215686274509998e-03 0.000000000000000000e+00 1.947877170304013106e+01 8.614423524468981019e-07 1.525043573910509487e+01 8.513498931889747610e+02 0.000000000000000000e+00 0.000000000000000000e+00
6.176470588235293685e-03 0.000000000000000000e+00 2.181671970185071530e+01 6.029300812200857775e-07 1.504493219370514900e+01 9.200874112813189640e+02 0.000000000000000000e+00 0.000000000000000000e+00
6.313725490196078240e-03 0.000000000000000000e+00 2.282559928608148425e+01 4.928593778031994132e-07 1.500370267068429442e+01 9.645248666633492576e+02 0.000000000000000000e+00 0.000000000000000000e+00
6.450980392156862794e-03 0.000000000000000000e+00 2.308728447302402387e+01 4.590680510329917395e-07 1.500016882104418592e+01 9.901365528396353284e+02 0.000000000000000000e+00 0.000000000000000000e+00
6.588235294117646482e-03 0.000000000000000000e+00 2.313485568155362770e+01 4.566450553165786813e-07 1.499990881428860234e+01 9.991697976572195330e+02 0.000000000000000000e+00 0.000000000000000000e+00
6.725490196078431036e-03 0.000000000000000000e+00 2.313885277948830677e+01 4.565654235202179221e-07 1.499989775514611701e+01 1.000438235664307058e+03 0.000000000000000000e+00 0.000000000000000000e+00
6.862745098039215591e-03 0.000000000000000000e+00 0.000000000000000000e+00 0.000000000000000000e+00 0.000000000000000000e+00 0.000000000000000000e+00 0.000000000000000000e+00 0.000000000000000000e+00
