0.000000000000000000e+00 1.000000000000000000e+00 6.000000000000000000e+00 7.000000000000000000e+00 8.000000000000000000e+00 1.200000000000000000e+01 1.300000000000000000e+01 1.400000000000000000e+01
0.000000000000000000e+00 0.000000000000000000e+00 8.016043284949679446e+02 1.248296649727187013e-05 4.780911210887037441e+02 0.000000000000000000e+00 0.000000000000000000e+00 1.880316701966536493e+04
1.372549019607843107e-04 0.000000000000000000e+00 8.016043284949679446e+02 1.248296649727188368e-05 4.780911210887037441e+02 0.000000000000000000e+00 0.000000000000000000e+00 1.880316701966536493e+04
2.745098039215686215e-04 0.000000000000000000e+00 8.016043284949679446e+02 1.248296649727188199e-05 4.780911210887037441e+02 0.000000000000000000e+00 0.000000000000000000e+00 1.880316701966536493e+04
4.117647058823529051e-04 0.000000000000000000e+00 8.016043284949679446e+02 1.248296649727187521e-05 4.780911210887037441e+02 0.000000000000000000e+00 0.000000000000000000e+00 1.880316701966536493e+04
5.490196078431372429e-04 0.000000000000000000e+00 8.016043284949679446e+02 1.248296649727187013e-05 4.780911210887037441e+02 0.000000000000000000e+00 0.000000000000000000e+00 1.880316701966536493e+04
6.862745098039215808e-04 0.000000000000000000e+00 8.016043284949679446e+02 1.248296649727187013e-05 4.780911210887037441e+02 0.000000000000000000e+00 0.000000000000000000e+00 1.880316701966536493e+04
8.235294117647058102e-04 0.000000000000000000e+00 8.016043284949679446e+02 1.248296649727187013e-05 4.780911210887037441e+02 0.000000000000000000e+00 0.000000000000000000e+00 1.880316701966536493e+04
9.607843137254901481e-04 0.000000000000000000e+00 8.016043284949679446e+02 1.248296649727187013e-05 4.780911210887037441e+02 0.000000000000000000e+00 0.000000000000000000e+00 1.880316701966536493e+04
1.098039215686274486e-03 0.000000000000000000e+00 5.357110690446743320e+02 1.360651276359712425e-05 4.315021651552091271e+02 0.000000000000000000e+00 4.098360445250906923e+04 1.558741096804888002e+04
1.235294117647058824e-03 0.000000000000000000e+00 4.655675836519752693e+02 1.575449607093914358e-05 4.339142581738231570e+02 0.000000000000000000e+00 4.119933076677960344e+04 1.454646049966421560e+04
1.372549019607843162e-03 0.000000000000000000e+00 4.535517683912746065e+02 1.697323275867565701e-05 4.341513022108796918e+02 0.000000000000000000e+00 4.127895261836348072e+04 1.395125660445313042e+04
1.509803921568627499e-03 0.000000000000000000e+00 4.518698506371024450e+02 1.721653481935826659e-05 4.341711269923417262e+02 0.000000000000000000e+00 4.130114346092010965e+04 1.369379384607118118e+04
1.647058823529411620e-03 0.000000000000000000e+00 4.517100774617558159e+02 1.722993720341762573e-05 4.341723897204411173e+02 0.000000000000000000e+00 4.130498246515177743e+04 1.362778340898017268e+04
1.784313725490195958e-03 0.000000000000000000e+00 4.517070623937965479e+02 1.723014170031232441e-05 4.341724110586033589e+02 0.000000000000000000e+00 4.130508707751123438e+04 1.362481659861378648e+04
1.921568627450980296e-03 0.000000000000000000e+00 4.517070623937965479e+02 1.723014170031232441e-05 4.341724110586033589e+02 0.000000000000000000e+00 4.130508707751123438e+04 1.362481659861378648e+04
2.058823529411764851e-03 0.000000000000000000e+00 4.921915723171002810e+02 1.858307153804523738e-05 4.433844609934118353e+02 1.940947626063621283e+04 0.000000000000000000e+00 1.415432696919890623e+04
2.196078431372548972e-03 0.000000000000000000e+00 5.157083996018984635e+02 1.990440739182148451e-05 4.447633750855526387e+02 1.942648369001886022e+04 0.000000000000000000e+00 1.439286453621715555e+04
2.333333333333333093e-03 0.000000000000000000e+00 5.223312605129884787e+02 2.064106848092151303e-05 4.449771504697196747e+02 1.943357839855402926e+04 0.000000000000000000e+00 1.453596860665590066e+04
2.470588235294117647e-03 0.000000000000000000e+00 5.235696434969075881e+02 2.086949524912348625e-05 4.449958288539326077e+02 1.943564158085709641e+04 0.000000000000000000e+00 1.460891744500343884e+04
2.607843137254901768e-03 0.000000000000000000e+00 5.237369916250729602e+02 2.088517624162489523e-05 4.449971877446390636e+02 1.943604414033703870e+04 0.000000000000000000e+00 1.463173116551190105e+04
2.745098039215686323e-03 0.000000000000000000e+00 5.237463325556600466e+02 2.088564162430904314e-05 4.449972372827886034e+02 1.943607201138347591e+04 0.000000000000000000e+00 1.463411355563771940e+04
2.882352941176470444e-03 0.000000000000000000e+00 5.237463325556600466e+02 2.088564162430904314e-05 4.449972372827886034e+02 1.943607201138347591e+04 0.000000000000000000e+00 1.463411355563771940e+04
3.019607843137254999e-03 0.000000000000000000e+00 6.561157625612119091e+02 2.151662322232708995e-05 4.856634558989455854e+02 0.000000000000000000e+00 0.000000000000000000e+00 1.608169693575581186e+04
3.156862745098039120e-03 0.000000000000000000e+00 7.443012254090698434e+02 1.591852595796126483e-05 4.798146188953290334e+02 0.000000000000000000e+00 0.000000000000000000e+00 1.740012690181226571e+04
3.294117647058823241e-03 0.000000000000000000e+00 7.879236238516996309e+02 1.345581972092604116e-05 4.782316512262204355e+02 0.000000000000000000e+00 0.000000000000000000e+00 1.816973597699874881e+04
3.431372549019607796e-03 0.000000000000000000e+00 7.992425067132436425e+02 1.256341959714454247e-05 4.781012494202738026e+02 0.000000000000000000e+00 0.000000000000000000e+00 1.861134746753748186e+04
3.568627450980391917e-03 0.000000000000000000e+00 8.013886969057451779e+02 1.248596529059027995e-05 4.780915793538908929e+02 0.000000000000000000e+00 0.000000000000000000e+00 1.877455375697058480e+04
3.705882352941176471e-03 0.000000000000000000e+00 8.016043284949679446e+02 1.248296649727187013e-05 4.780911210887037441e+02 0.000000000000000000e+00 0.000000000000000000e+00 1.880316701966536493e+04
3.843137254901960592e-03 0.000000000000000000e+00 8.016043284949679446e+02 1.248296649727187013e-05 4.780911210887037441e+02 0.000000000000000000e+00 0.000000000000000000e+00 1.880316701966536493e+04
3.980392156862745147e-03 0.000000000000000000e+00 8.016043284949679446e+02 1.248296649727187013e-05 4.780911210887037441e+02 0.000000000000000000e+00 0.000000000000000000e+00 1.880316701966536493e+04
4.117647058823529702e-03 0.000000000000000000e+00 5.194487812523907451e+02 1.398713440522322501e-05 4.321014102024867611e+02 0.000000000000000000e+00 4.102427154104140936e+04 1.539772077108412668e+04
4.254901960784313389e-03 0.000000000000000000e+00 4.622680434759284367e+02 1.598353063220240921e-05 4.339917087864473046e+02 0.000000000000000000e+00 4.121654704463569942e+04 1.443859089852122088e+04
4.392156862745097944e-03 0.000000000000000000e+00 4.530532776900913632e+02 1.705694992568452021e-05 4.341580384236041823e+02 0.000000000000000000e+00 4.128437282433801738e+04 1.389567562094505229e+04
4.529411764705882498e-03 0.000000000000000000e+00 4.875728568507899467e+02 1.813748054193058430e-05 4.430948022290323252e+02 1.940439131051642471e+04 0.000000000000000000e+00 1.412765332486551961e+04
4.666666666666666186e-03 0.000000000000000000e+00 5.122947212875748164e+02 1.968187035439993360e-05 4.446010897110871269e+02 1.942365335361943653e+04 0.000000000000000000e+00 1.435290919929399570e+04
4.803921568627450740e-03 0.000000000000000000e+00 5.216427190708878925e+02 2.052243061467159347e-05 4.449629102526985207e+02 1.943264698269986911e+04 0.000000000000000000e+00 1.451119583876965953e+04
4.941176470588235295e-03 0.000000000000000000e+00 5.234575457059942210e+02 2.085527294932985163e-05 4.449946658712519252e+02 1.943541259250707299e+04 0.000000000000000000e+00 1.459880757645675840e+04
5.078431372549019850e-03 0.000000000000000000e+00 6.906976534695675127e+02 1.842007952004072563e-05 4.833526158433368209e+02 0.000000000000000000e+00 0.000000000000000000e+00 1.675582693665389888e+04
5.215686274509803537e-03 0.000000000000000000e+00 7.699976542798309538e+02 1.463647111261165667e-05 4.786708011808740935e+02 0.000000000000000000e+00 0.000000000000000000e+00 1.777385479122317338e+04
5.352941176470588092e-03 0.000000000000000000e+00 7.948648829807807488e+02 1.289067187990384540e-05 4.781375389131081306e+02 0.000000000000000000e+00 0.000000000000000000e+00 1.839947269333645818e+04
5.490196078431372646e-03 0.000000000000000000e+00 8.006643626927458399e+02 1.250464938060865551e-05 4.780940292743758278e+02 0.000000000000000000e+00 0.000000000000000000e+00 1.870619928717909352e+04
5.627450980392156334e-03 0.000000000000000000e+00 5.117856900141908909e+02 1.416298878067620517e-05 4.323816678847106232e+02 0.000000000000000000e+00 4.104251067802577018e+04 1.530397952660682495e+04
5.764705882352940888e-03 0.000000000000000000e+00 4.951448232843102915e+02 1.671976304110113284e-05 4.427930604625050819e+02 1.935179670430219630e+04 0.000000000000000000e+00 1.481614778080497854e+04
5.901960784313725443e-03 0.000000000000000000e+00 5.114607253006890346e+02 1.940800871028760917e-05 4.444740413404794594e+02 1.941054866666002636e+04 0.000000000000000000e+00 1.458548654579591130e+04
6.039215686274509998e-03 0.000000000000000000e+00 6.641088843372497195e+02 1.979834096924107118e-05 4.849006722685728619e+02 0.000000000000000000e+00 0.000000000000000000e+00 1.623921372272063672e+04
6.176470588235293685e-03 0.000000000000000000e+00 7.538213292455419605e+02 1.541097532416338522e-05 4.793001279196515156e+02 0.000000000000000000e+00 0.000000000000000000e+00 1.748658916972986844e+04
6.313725490196078240e-03 0.000000000000000000e+00 7.906373186074987416e+02 1.323784211703755650e-05 4.781895034287937278e+02 0.000000000000000000e+00 0.000000000000000000e+00 1.824514693518371132e+04
6.450980392156862794e-03 0.000000000000000000e+00 7.998343441510534149e+02 1.253558929005737865e-05 4.780979728401124476e+02 0.000000000000000000e+00 0.000000000000000000e+00 1.864801736270044421e+04
6.588235294117646482e-03 0.000000000000000000e+00 8.014674340534922976e+02 1.248465221414182949e-05 4.780913965501609937e+02 0.000000000000000000e+00 0.000000000000000000e+00 1.878411781399938627e+04
6.725490196078431036e-03 0.000000000000000000e+00 8.016043284949679446e+02 1.248296649727187013e-05 4.780911210887037441e+02 0.000000000000000000e+00 0.000000000000000000e+00 1.880316701966536493e+04
6.862745098039215591e-03 0.000000000000000000e+00 0.000000000000000000e+00 0.000000000000000000e+00 0.000000000000000000e+00 0.000000000000000000e+00 0.000000000000000000e+00 0.000000000000000000e+00
