0.000000000000000000e+00 1.000000000000000000e+00 6.000000000000000000e+00 7.000000000000000000e+00 8.000000000000000000e+00 1.200000000000000000e+01 1.300000000000000000e+01 1.400000000000000000e+01
0.000000000000000000e+00 0.000000000000000000e+00 8.016043284949679446e+02 1.248296649727187013e-05 4.780911210887037441e+02 0.000000000000000000e+00 0.000000000000000000e+00 1.880316701966536493e+04
1.372549019607843107e-04 0.000000000000000000e+00 8.016043284949679446e+02 1.248296649727187013e-05 4.780911210887037441e+02 0.000000000000000000e+00 0.000000000000000000e+00 1.880316701966536493e+04
2.745098039215686215e-04 0.000000000000000000e+00 8.016043284949679446e+02 1.248352334682234594e-05 4.780911210887037441e+02 0.000000000000000000e+00 0.000000000000000000e+00 1.878930760672684482e+04
4.117647058823529051e-04 0.000000000000000000e+00 8.014047464498474937e+02 1.249749420524257354e-05 4.780913175746374009e+02 0.000000000000000000e+00 0.000000000000000000e+00 1.867763290553825573e+04
5.490196078431372429e-04 0.000000000000000000e+00 7.990941498086527872e+02 1.267070527156293284e-05 4.780959930140193137e+02 0.000000000000000000e+00 0.000000000000000000e+00 1.835171780518699234e+04
6.862745098039215808e-04 0.000000000000000000e+00 7.864530347243356800e+02 1.359456177348112950e-05 4.781610650179979984e+02 0.000000000000000000e+00 0.000000000000000000e+00 1.769555974572314517e+04
8.235294117647058102e-04 0.000000000000000000e+00 7.373545334063240944e+02 1.547448759856190719e-05 4.789507661069188202e+02 0.000000000000000000e+00 0.000000000000000000e+00 1.670261573460578438e+04
9.607843137254901481e-04 0.000000000000000000e+00 6.222775283302747766e+02 1.864004585527078060e-05 4.829407017962090549e+02 0.000000000000000000e+00 0.000000000000000000e+00 1.539060793977520188e+04
1.098039215686274486e-03 0.000000000000000000e+00 4.517070623937965479e+02 1.723014170031232441e-05 4.341724110586033589e+02 0.000000000000000000e+00 4.130508707751123438e+04 1.362481659861378648e+04
1.235294117647058824e-03 0.000000000000000000e+00 4.517070623937965479e+02 1.723022166398488600e-05 4.341724110586033589e+02 0.000000000000000000e+00 4.130508707751123438e+04 1.362544676669364344e+04
1.372549019607843162e-03 0.000000000000000000e+00 4.517095063034590225e+02 1.723378070216488486e-05 4.341724325639030440e+02 0.000000000000000000e+00 4.130314843505708996e+04 1.363648922213592232e+04
1.509803921568627499e-03 0.000000000000000000e+00 4.517792403378289237e+02 1.728003288349151342e-05 4.341732328710805291e+02 0.000000000000000000e+00 4.126407184288249118e+04 1.367543399645927275e+04
1.647058823529411620e-03 0.000000000000000000e+00 4.524191461270767149e+02 1.761758061589299823e-05 4.341851243701104863e+02 0.000000000000000000e+00 4.106052902711987554e+04 1.376583533866233847e+04
1.784313725490195958e-03 0.000000000000000000e+00 4.565868632889454375e+02 1.837023529474454304e-05 4.343260171038911039e+02 0.000000000000000000e+00 4.037856787786560017e+04 1.391586601219533077e+04
1.921568627450980296e-03 0.000000000000000000e+00 4.770684751679193596e+02 1.967467020895102169e-05 4.355252527800560642e+02 0.000000000000000000e+00 3.868750868697754777e+04 1.414062295474996245e+04
2.058823529411764851e-03 0.000000000000000000e+00 5.237463325556600466e+02 2.088564162430904314e-05 4.449972372827886034e+02 1.943607201138347591e+04 0.000000000000000000e+00 1.463411355563771940e+04
2.196078431372548972e-03 0.000000000000000000e+00 5.237463325556600466e+02 2.088560617448766751e-05 4.449972372827886034e+02 1.943607201138347591e+04 0.000000000000000000e+00 1.463442284948010456e+04
2.333333333333333093e-03 0.000000000000000000e+00 5.237473670180255567e+02 2.087904188451695375e-05 4.449972285845938131e+02 1.943605391500305632e+04 0.000000000000000000e+00 1.466135152116366226e+04
2.470588235294117647e-03 0.000000000000000000e+00 5.238801197568486714e+02 2.078374770374834650e-05 4.449959778571928268e+02 1.943421967148943440e+04 0.000000000000000000e+00 1.478205064113674962e+04
2.607843137254901768e-03 0.000000000000000000e+00 5.252477525388072763e+02 1.990971262572668364e-05 4.449751195964799990e+02 1.942184763487641612e+04 0.000000000000000000e+00 1.509458149190890254e+04
2.745098039215686323e-03 0.000000000000000000e+00 5.341430986038399169e+02 1.769574410532111109e-05 4.447256182672670093e+02 1.937254240309283341e+04 0.000000000000000000e+00 1.566401398199689174e+04
2.882352941176470444e-03 0.000000000000000000e+00 5.812938155941144487e+02 1.440077366897421328e-05 4.419694362931916771e+02 1.922487665181819830e+04 0.000000000000000000e+00 1.656682458087345367e+04
3.019607843137254999e-03 0.000000000000000000e+00 8.016043284949679446e+02 1.248296649727187013e-05 4.780911210887037441e+02 0.000000000000000000e+00 0.000000000000000000e+00 1.880316701966536493e+04
3.156862745098039120e-03 0.000000000000000000e+00 8.016043284949679446e+02 1.248296649727187013e-05 4.780911210887037441e+02 0.000000000000000000e+00 0.000000000000000000e+00 1.880316701966536493e+04
3.294117647058823241e-03 0.000000000000000000e+00 8.016043284949679446e+02 1.248395292128144960e-05 4.780911210887037441e+02 0.000000000000000000e+00 0.000000000000000000e+00 1.878164905250003358e+04
3.431372549019607796e-03 0.000000000000000000e+00 8.012916504839614618e+02 1.250439102537669930e-05 4.780914477096971495e+02 0.000000000000000000e+00 0.000000000000000000e+00 1.864737987824330776e+04
3.568627450980391917e-03 0.000000000000000000e+00 7.982658811675457855e+02 1.274754381183521358e-05 4.780983196776182922e+02 0.000000000000000000e+00 0.000000000000000000e+00 1.827812767904888460e+04
3.705882352941176471e-03 0.000000000000000000e+00 7.826583184581530759e+02 1.379780586877723739e-05 4.781908225989782295e+02 0.000000000000000000e+00 0.000000000000000000e+00 1.757587704853117975e+04
3.843137254901960592e-03 0.000000000000000000e+00 7.238738253170972712e+02 1.585289210814783863e-05 4.793124560215056817e+02 0.000000000000000000e+00 0.000000000000000000e+00 1.653725983747328064e+04
3.980392156862745147e-03 0.000000000000000000e+00 6.076317380709321014e+02 1.909391809134502525e-05 4.834435023311303894e+02 0.000000000000000000e+00 0.000000000000000000e+00 1.528619745979941763e+04
4.117647058823529702e-03 0.000000000000000000e+00 4.521565060911494811e+02 1.750910408818222411e-05 4.341795104034322890e+02 0.000000000000000000e+00 4.113078226187431574e+04 1.374152808175312202e+04
4.254901960784313389e-03 0.000000000000000000e+00 4.549772781593170521e+02 1.817150162095721409e-05 4.342608190476587424e+02 0.000000000000000000e+00 4.058981560500016349e+04 1.388297363479473825e+04
4.392156862745097944e-03 0.000000000000000000e+00 4.711293751281977507e+02 1.930970148321300289e-05 4.351488262139547487e+02 0.000000000000000000e+00 3.911770868987110589e+04 1.415009632866079482e+04
4.529411764705882498e-03 0.000000000000000000e+00 5.241656844662493313e+02 2.059894784070613171e-05 4.449923578875278167e+02 1.943114438659398729e+04 0.000000000000000000e+00 1.488545002488142745e+04
4.666666666666666186e-03 0.000000000000000000e+00 5.273646544446500002e+02 1.908936315941944014e-05 4.449279863622892890e+02 1.940760924391022490e+04 0.000000000000000000e+00 1.530601358966205407e+04
4.803921568627450740e-03 0.000000000000000000e+00 5.458860882612983687e+02 1.643074405263406706e-05 4.441935929514468739e+02 1.932699920378578099e+04 0.000000000000000000e+00 1.597657250442315126e+04
4.941176470588235295e-03 0.000000000000000000e+00 6.171188471121255361e+02 1.271434669912241454e-05 4.394926347708167214e+02 1.913546509813045486e+04 0.000000000000000000e+00 1.685873055586815826e+04
5.078431372549019850e-03 0.000000000000000000e+00 7.977813067813040107e+02 1.279565478107197527e-05 4.780997892530530748e+02 0.000000000000000000e+00 0.000000000000000000e+00 1.824592806028776249e+04
5.215686274509803537e-03 0.000000000000000000e+00 7.805667660529773002e+02 1.392741390265999333e-05 4.782098145420724222e+02 0.000000000000000000e+00 0.000000000000000000e+00 1.755468842350734121e+04
5.352941176470588092e-03 0.000000000000000000e+00 7.168122564681927997e+02 1.628121207464851091e-05 4.795479101705518588e+02 0.000000000000000000e+00 0.000000000000000000e+00 1.659705954619485419e+04
5.490196078431372646e-03 0.000000000000000000e+00 6.054172713772037469e+02 2.000237689765778680e-05 4.837939731763623286e+02 0.000000000000000000e+00 0.000000000000000000e+00 1.565534633626485447e+04
5.627450980392156334e-03 0.000000000000000000e+00 4.699983496984197018e+02 1.800162578936483911e-05 4.349361077344715909e+02 0.000000000000000000e+00 3.947953014678934414e+04 1.457269284709688691e+04
5.764705882352940888e-03 0.000000000000000000e+00 5.371217458291192770e+02 1.729395970808046039e-05 4.446108480088058741e+02 1.935970758616767489e+04 0.000000000000000000e+00 1.576840418110105566e+04
5.901960784313725443e-03 0.000000000000000000e+00 5.939561804814131847e+02 1.383432926598306856e-05 4.411023936828780165e+02 1.919295355761550672e+04 0.000000000000000000e+00 1.672501203471466215e+04
6.039215686274509998e-03 0.000000000000000000e+00 8.016043284949679446e+02 1.248296649727187013e-05 4.780911210887037441e+02 0.000000000000000000e+00 0.000000000000000000e+00 1.880316701966536493e+04
6.176470588235293685e-03 0.000000000000000000e+00 8.016043284949679446e+02 1.248296649727187013e-05 4.780911210887037441e+02 0.000000000000000000e+00 0.000000000000000000e+00 1.880316701966536493e+04
6.313725490196078240e-03 0.000000000000000000e+00 8.016043284949679446e+02 1.248296649727187013e-05 4.780911210887037441e+02 0.000000000000000000e+00 0.000000000000000000e+00 1.880316701966536493e+04
6.450980392156862794e-03 0.000000000000000000e+00 8.016043284949679446e+02 1.248296649727187013e-05 4.780911210887037441e+02 0.000000000000000000e+00 0.000000000000000000e+00 1.880316701966536493e+04
6.588235294117646482e-03 0.000000000000000000e+00 8.016043284949679446e+02 1.248296649727187521e-05 4.780911210887037441e+02 0.000000000000000000e+00 0.000000000000000000e+00 1.880316701966536493e+04
6.725490196078431036e-03 0.000000000000000000e+00 8.016043284949679446e+02 1.248296649727187860e-05 4.780911210887037441e+02 0.000000000000000000e+00 0.000000000000000000e+00 1.880316701966536493e+04
6.862745098039215591e-03 0.000000000000000000e+00 0.000000000000000000e+00 0.000000000000000000e+00 0.000000000000000000e+00 0.000000000000000000e+00 0.000000000000000000e+00 0.000000000000000000e+00
