0.000000000000000000e+00 1.000000000000000000e+00 6.000000000000000000e+00 7.000000000000000000e+00 8.000000000000000000e+00 1.200000000000000000e+01 1.300000000000000000e+01 1.400000000000000000e+01
0.000000000000000000e+00 0.000000000000000000e+00 8.016043284949679446e+02 1.248296649727187013e-05 4.780911210887037441e+02 0.000000000000000000e+00 0.000000000000000000e+00 1.880316701966536493e+04
1.372549019607843107e-04 0.000000000000000000e+00 8.016043284949679446e+02 1.248296649727187013e-05 4.780911210887037441e+02 0.000000000000000000e+00 0.000000000000000000e+00 1.880316701966536493e+04
2.745098039215686215e-04 0.000000000000000000e+00 8.016043284949679446e+02 1.248296649727187013e-05 4.780911210887037441e+02 0.000000000000000000e+00 0.000000000000000000e+00 1.880316701966536493e+04
4.117647058823529051e-04 0.000000000000000000e+00 8.014047464498474937e+02 1.248417502625754342e-05 4.780913175746374009e+02 0.000000000000000000e+00 0.000000000000000000e+00 1.877917944487904242e+04
5.490196078431372429e-04 0.000000000000000000e+00 7.990941498086527872e+02 1.252045722427900891e-05 4.780959930140193137e+02 0.000000000000000000e+00 0.000000000000000000e+00 1.860836903394469846e+04
6.862745098039215808e-04 0.000000000000000000e+00 7.864530347243356800e+02 1.301752377752633489e-05 4.781610650179979984e+02 0.000000000000000000e+00 0.000000000000000000e+00 1.811417270029095016e+04
8.235294117647058102e-04 0.000000000000000000e+00 7.373545334063240944e+02 1.453202104486847860e-05 4.789507661069188202e+02 0.000000000000000000e+00 0.000000000000000000e+00 1.722087447189125669e+04
9.607843137254901481e-04 0.000000000000000000e+00 6.222775283302747766e+02 1.768819200652549704e-05 4.829407017962090549e+02 0.000000000000000000e+00 0.000000000000000000e+00 1.575013444199255537e+04
1.098039215686274486e-03 0.000000000000000000e+00 4.517070623937965479e+02 1.723014170031232441e-05 4.341724110586033589e+02 0.000000000000000000e+00 4.130508707751123438e+04 1.362481659861378648e+04
1.235294117647058824e-03 0.000000000000000000e+00 4.517070623937965479e+02 1.723014170031232441e-05 4.341724110586033589e+02 0.000000000000000000e+00 4.130508707751123438e+04 1.362481659861378648e+04
1.372549019607843162e-03 0.000000000000000000e+00 4.517095063034590225e+02 1.723032676413978003e-05 4.341724325639030440e+02 0.000000000000000000e+00 4.130314843505708996e+04 1.362607228710852360e+04
1.509803921568627499e-03 0.000000000000000000e+00 4.517792403378289237e+02 1.723873864357107841e-05 4.341732328710805291e+02 0.000000000000000000e+00 4.126407184288249118e+04 1.364323133914264508e+04
1.647058823529411620e-03 0.000000000000000000e+00 4.524191461270767149e+02 1.738153060309371116e-05 4.341851243701104863e+02 0.000000000000000000e+00 4.106052902711987554e+04 1.370347785251197092e+04
1.784313725490195958e-03 0.000000000000000000e+00 4.565868632889454375e+02 1.797963317814267047e-05 4.343260171038911039e+02 0.000000000000000000e+00 4.037856787786560017e+04 1.383081572459448034e+04
1.921568627450980296e-03 0.000000000000000000e+00 4.770684751679193596e+02 1.914692834171298724e-05 4.355252527800560642e+02 0.000000000000000000e+00 3.868750868697754777e+04 1.404593027425905893e+04
2.058823529411764851e-03 0.000000000000000000e+00 5.237463325556600466e+02 2.088564162430904314e-05 4.449972372827886034e+02 1.943607201138347591e+04 0.000000000000000000e+00 1.463411355563771940e+04
2.196078431372548972e-03 0.000000000000000000e+00 5.237463325556600466e+02 2.088564162430904314e-05 4.449972372827886034e+02 1.943607201138347591e+04 0.000000000000000000e+00 1.463411355563771940e+04
2.333333333333333093e-03 0.000000000000000000e+00 5.237473670180255567e+02 2.088552252245189583e-05 4.449972285845938131e+02 1.943605391500305632e+04 0.000000000000000000e+00 1.463506657589996212e+04
2.470588235294117647e-03 0.000000000000000000e+00 5.238801197568486714e+02 2.087106791070034528e-05 4.449959778571928268e+02 1.943421967148943440e+04 0.000000000000000000e+00 1.467795213099050306e+04
2.607843137254901768e-03 0.000000000000000000e+00 5.252477525388072763e+02 2.059627445068755604e-05 4.449751195964799990e+02 1.942184763487641612e+04 0.000000000000000000e+00 1.486373005230482886e+04
2.745098039215686323e-03 0.000000000000000000e+00 5.341430986038399169e+02 1.885073710475793833e-05 4.447256182672670093e+02 1.937254240309283341e+04 0.000000000000000000e+00 1.532009235083339991e+04
2.882352941176470444e-03 0.000000000000000000e+00 5.812938155941144487e+02 1.571324475974104627e-05 4.419694362931916771e+02 1.922487665181819830e+04 0.000000000000000000e+00 1.611938128517383848e+04
3.019607843137254999e-03 0.000000000000000000e+00 8.016043284949679446e+02 1.248296649727187013e-05 4.780911210887037441e+02 0.000000000000000000e+00 0.000000000000000000e+00 1.880316701966536493e+04
3.156862745098039120e-03 0.000000000000000000e+00 8.016043284949679446e+02 1.248296649727187013e-05 4.780911210887037441e+02 0.000000000000000000e+00 0.000000000000000000e+00 1.880316701966536493e+04
3.294117647058823241e-03 0.000000000000000000e+00 8.016043284949679446e+02 1.248296649727187013e-05 4.780911210887037441e+02 0.000000000000000000e+00 0.000000000000000000e+00 1.880316701966536493e+04
3.431372549019607796e-03 0.000000000000000000e+00 8.012916504839614618e+02 1.248511404732482013e-05 4.780914477096971495e+02 0.000000000000000000e+00 0.000000000000000000e+00 1.876715071545615137e+04
3.568627450980391917e-03 0.000000000000000000e+00 7.982658811675457855e+02 1.254024099842601912e-05 4.780983196776182922e+02 0.000000000000000000e+00 0.000000000000000000e+00 1.856243114996356962e+04
3.705882352941176471e-03 0.000000000000000000e+00 7.826583184581530759e+02 1.316889243965665258e-05 4.781908225989782295e+02 0.000000000000000000e+00 0.000000000000000000e+00 1.801081707740455749e+04
3.843137254901960592e-03 0.000000000000000000e+00 7.238738253170972712e+02 1.484896173631042291e-05 4.793124560215056817e+02 0.000000000000000000e+00 0.000000000000000000e+00 1.705666967169273266e+04
3.980392156862745147e-03 0.000000000000000000e+00 6.076317380709321014e+02 1.850412654449419390e-05 4.834435023311303894e+02 0.000000000000000000e+00 0.000000000000000000e+00 1.545014302980777757e+04
4.117647058823529702e-03 0.000000000000000000e+00 4.521565060911494811e+02 1.731572423883533893e-05 4.341795104034322890e+02 0.000000000000000000e+00 4.113078226187431574e+04 1.368501822398098557e+04
4.254901960784313389e-03 0.000000000000000000e+00 4.549772781593170521e+02 1.781206464272439566e-05 4.342608190476587424e+02 0.000000000000000000e+00 4.058981560500016349e+04 1.379753442171966708e+04
4.392156862745097944e-03 0.000000000000000000e+00 4.711293751281977507e+02 1.882758686435667599e-05 4.351488262139547487e+02 0.000000000000000000e+00 3.911770868987110589e+04 1.399789823996958330e+04
4.529411764705882498e-03 0.000000000000000000e+00 5.241656844662493313e+02 2.082935613421566762e-05 4.449923578875278167e+02 1.943114438659398729e+04 0.000000000000000000e+00 1.473250317136471313e+04
4.666666666666666186e-03 0.000000000000000000e+00 5.273646544446500002e+02 2.004583279880973318e-05 4.449279863622892890e+02 1.940760924391022490e+04 0.000000000000000000e+00 1.502328799816785795e+04
4.803921568627450740e-03 0.000000000000000000e+00 5.458860882612983687e+02 1.767555024221371693e-05 4.441935929514468739e+02 1.932699920378578099e+04 0.000000000000000000e+00 1.561136026048760323e+04
4.941176470588235295e-03 0.000000000000000000e+00 6.171188471121255361e+02 1.381893910479884559e-05 4.394926347708167214e+02 1.913546509813045486e+04 0.000000000000000000e+00 1.659576436429038949e+04
5.078431372549019850e-03 0.000000000000000000e+00 7.977813067813040107e+02 1.255416125895639409e-05 4.780997892530530748e+02 0.000000000000000000e+00 0.000000000000000000e+00 1.853664813478165524e+04
5.215686274509803537e-03 0.000000000000000000e+00 7.805667660529773002e+02 1.325506480990791268e-05 4.782098145420724222e+02 0.000000000000000000e+00 0.000000000000000000e+00 1.796840495156252655e+04
5.352941176470588092e-03 0.000000000000000000e+00 7.168122564681927997e+02 1.508084828013689355e-05 4.795479101705518588e+02 0.000000000000000000e+00 0.000000000000000000e+00 1.703494799201108981e+04
5.490196078431372646e-03 0.000000000000000000e+00 6.054172713772037469e+02 1.947396413609414406e-05 4.837939731763623286e+02 0.000000000000000000e+00 0.000000000000000000e+00 1.552382052252344329e+04
5.627450980392156334e-03 0.000000000000000000e+00 4.699983496984197018e+02 1.828749101370333565e-05 4.349361077344715909e+02 0.000000000000000000e+00 3.947953014678934414e+04 1.422945039528790403e+04
5.764705882352940888e-03 0.000000000000000000e+00 5.371217458291192770e+02 1.848456783968060530e-05 4.446108480088058741e+02 1.935970758616767489e+04 0.000000000000000000e+00 1.541037997398436528e+04
5.901960784313725443e-03 0.000000000000000000e+00 5.939561804814131847e+02 1.512658046137036293e-05 4.411023936828780165e+02 1.919295355761550672e+04 0.000000000000000000e+00 1.627669760797798881e+04
6.039215686274509998e-03 0.000000000000000000e+00 8.016043284949679446e+02 1.248296649727187013e-05 4.780911210887037441e+02 0.000000000000000000e+00 0.000000000000000000e+00 1.880316701966536493e+04
6.176470588235293685e-03 0.000000000000000000e+00 8.016043284949679446e+02 1.248296649727187013e-05 4.780911210887037441e+02 0.000000000000000000e+00 0.000000000000000000e+00 1.880316701966536493e+04
6.313725490196078240e-03 0.000000000000000000e+00 8.016043284949679446e+02 1.248296649727187013e-05 4.780911210887037441e+02 0.000000000000000000e+00 0.000000000000000000e+00 1.880316701966536493e+04
6.450980392156862794e-03 0.000000000000000000e+00 8.016043284949679446e+02 1.248296649727187013e-05 4.780911210887037441e+02 0.000000000000000000e+00 0.000000000000000000e+00 1.880316701966536493e+04
6.588235294117646482e-03 0.000000000000000000e+00 8.016043284949679446e+02 1.248296649727187352e-05 4.780911210887037441e+02 0.000000000000000000e+00 0.000000000000000000e+00 1.880316701966536493e+04
6.725490196078431036e-03 0.000000000000000000e+00 8.016043284949679446e+02 1.248296649727187860e-05 4.780911210887037441e+02 0.000000000000000000e+00 0.000000000000000000e+00 1.880316701966536493e+04
6.862745098039215591e-03 0.000000000000000000e+00 0.000000000000000000e+00 0.000000000000000000e+00 0.000000000000000000e+00 0.000000000000000000e+00 0.000000000000000000e+00 0.000000000000000000e+00
