0.000000000000000000e+00 1.000000000000000000e+00 6.000000000000000000e+00 7.000000000000000000e+00 8.000000000000000000e+00 1.400000000000000000e+01 2.600000000000000000e+01 2.700000000000000000e+01
0.000000000000000000e+00 0.000000000000000000e+00 8.016043284949679446e+02 1.248296649727187013e-05 4.780911210887037441e+02 1.880316701966536493e+04 0.000000000000000000e+00 0.000000000000000000e+00
1.372549019607843107e-04 0.000000000000000000e+00 8.016043284949679446e+02 1.248296649727187013e-05 4.780911210887037441e+02 1.880316701966536493e+04 0.000000000000000000e+00 0.000000000000000000e+00
2.745098039215686215e-04 0.000000000000000000e+00 8.016043284949679446e+02 1.248296649727187013e-05 4.780911210887037441e+02 1.880316701966536493e+04 0.000000000000000000e+00 0.000000000000000000e+00
4.117647058823529051e-04 0.000000000000000000e+00 8.015156683288037129e+02 1.248543451924032812e-05 4.780914818945076945e+02 1.878595935274644216e+04 0.000000000000000000e+00 0.000000000000000000e+00
5.490196078431372429e-04 0.000000000000000000e+00 8.004332210226118605e+02 1.256080789520361023e-05 4.781001264167504132e+02 1.866286260077017505e+04 0.000000000000000000e+00 0.000000000000000000e+00
6.862745098039215808e-04 0.000000000000000000e+00 7.942665388293872866e+02 1.361595558918743770e-05 4.782209189071681976e+02 1.830474984482185027e+04 0.000000000000000000e+00 0.000000000000000000e+00
8.235294117647058102e-04 0.000000000000000000e+00 7.692855366794595966e+02 1.709025654020945260e-05 4.796905416406904692e+02 1.765153898460630080e+04 0.000000000000000000e+00 0.000000000000000000e+00
9.607843137254901481e-04 0.000000000000000000e+00 7.082362733487105970e+02 2.520682825579802141e-05 4.871665132403196594e+02 1.656285355505597909e+04 0.000000000000000000e+00 0.000000000000000000e+00
1.098039215686274486e-03 0.000000000000000000e+00 5.765020982366321505e+02 2.740587020076932186e-05 4.452724982427553755e+02 1.498201838697974199e+04 8.537175155040046093e+02 0.000000000000000000e+00
1.235294117647058824e-03 0.000000000000000000e+00 5.765020982366321505e+02 2.740587020076932186e-05 4.452724982427553755e+02 1.498201838697974199e+04 8.537175155040046093e+02 0.000000000000000000e+00
1.372549019607843162e-03 0.000000000000000000e+00 5.765011813579504860e+02 2.740592718273065335e-05 4.452725023604177750e+02 1.498118863182158384e+04 8.537180580230688065e+02 0.000000000000000000e+00
1.509803921568627499e-03 0.000000000000000000e+00 5.764781674889344458e+02 2.740839264325272554e-05 4.452726519161537340e+02 1.496994217194316661e+04 8.537341777869261250e+02 0.000000000000000000e+00
1.647058823529411620e-03 0.000000000000000000e+00 5.763032741045866487e+02 2.744788867086735582e-05 4.452747904704008874e+02 1.493084675130793403e+04 8.538937366796072865e+02 0.000000000000000000e+00
1.784313725490195958e-03 0.000000000000000000e+00 5.753943061465428173e+02 2.760761723370981689e-05 4.452989356359687463e+02 1.484916046419835220e+04 8.550303220873506689e+02 0.000000000000000000e+00
1.921568627450980296e-03 0.000000000000000000e+00 5.718468947743770059e+02 2.790906428703812230e-05 4.454959559517516254e+02 1.471310778908619977e+04 8.611357950663257270e+02 0.000000000000000000e+00
2.058823529411764851e-03 0.000000000000000000e+00 5.613970007239981896e+02 2.783272173748783921e-05 4.429043957485298506e+02 1.440032579008872381e+04 0.000000000000000000e+00 1.676801860168374560e+03
2.196078431372548972e-03 0.000000000000000000e+00 5.613970007239981896e+02 2.783272173748783921e-05 4.429043957485298506e+02 1.440032579008872381e+04 0.000000000000000000e+00 1.676801860168374560e+03
2.333333333333333093e-03 0.000000000000000000e+00 5.613980520447631761e+02 2.783246585569475277e-05 4.429043829005231032e+02 1.440131750076093704e+04 0.000000000000000000e+00 1.676801607141509066e+03
2.470588235294117647e-03 0.000000000000000000e+00 5.615269579285322834e+02 2.780263001521678340e-05 4.429025595315884516e+02 1.444599568566470225e+04 0.000000000000000000e+00 1.676772405368337104e+03
2.607843137254901768e-03 0.000000000000000000e+00 5.627664900538329675e+02 2.726062423076351164e-05 4.428727709205253404e+02 1.463982187008995788e+04 0.000000000000000000e+00 1.676490635438719892e+03
2.745098039215686323e-03 0.000000000000000000e+00 5.702206774991976772e+02 2.397009980331594041e-05 4.425247323686909908e+02 1.511672910147065704e+04 0.000000000000000000e+00 1.674754927136683591e+03
2.882352941176470444e-03 0.000000000000000000e+00 6.062704023980494412e+02 1.839413389290688378e-05 4.387800084714768900e+02 1.595362492345242208e+04 0.000000000000000000e+00 1.666002750744387413e+03
3.019607843137254999e-03 0.000000000000000000e+00 8.016043284949679446e+02 1.248296649727187013e-05 4.780911210887037441e+02 1.880316701966536493e+04 0.000000000000000000e+00 0.000000000000000000e+00
3.156862745098039120e-03 0.000000000000000000e+00 8.016043284949679446e+02 1.248296649727187013e-05 4.780911210887037441e+02 1.880316701966536493e+04 0.000000000000000000e+00 0.000000000000000000e+00
3.294117647058823241e-03 0.000000000000000000e+00 8.016043284949679446e+02 1.248296649727187013e-05 4.780911210887037441e+02 1.880316701966536493e+04 0.000000000000000000e+00 0.000000000000000000e+00
3.431372549019607796e-03 0.000000000000000000e+00 8.014641024398548552e+02 1.248736482087778781e-05 4.780917218465215797e+02 1.877731594130334997e+04 0.000000000000000000e+00 0.000000000000000000e+00
3.568627450980391917e-03 0.000000000000000000e+00 8.000375550202040813e+02 1.260212549273125344e-05 4.781044391479707087e+02 1.862967372879021059e+04 0.000000000000000000e+00 0.000000000000000000e+00
3.705882352941176471e-03 0.000000000000000000e+00 7.923780993514575357e+02 1.394680831942782218e-05 4.782762694887384782e+02 1.822954833792696809e+04 0.000000000000000000e+00 0.000000000000000000e+00
3.843137254901960592e-03 0.000000000000000000e+00 7.622894075211416975e+02 1.785729112432369925e-05 4.803647605930320879e+02 1.753012498840683838e+04 0.000000000000000000e+00 0.000000000000000000e+00
3.980392156862745147e-03 0.000000000000000000e+00 7.003952052128433934e+02 2.742888048403095314e-05 4.881090203055208576e+02 1.631973279226955128e+04 0.000000000000000000e+00 0.000000000000000000e+00
4.117647058823529702e-03 0.000000000000000000e+00 5.763712743933514275e+02 2.742989835234940671e-05 4.452737912216066434e+02 1.494278619354736657e+04 8.538267527738782974e+02 0.000000000000000000e+00
4.254901960784313389e-03 0.000000000000000000e+00 5.757212344222074307e+02 2.756335374013531154e-05 4.452879097790508354e+02 1.487041214035435951e+04 8.545790037297996378e+02 0.000000000000000000e+00
4.392156862745097944e-03 0.000000000000000000e+00 5.728523332689973131e+02 2.782451765007345430e-05 4.454342667605331485e+02 1.475860513761677976e+04 8.593274668468363870e+02 0.000000000000000000e+00
4.529411764705882498e-03 0.000000000000000000e+00 5.617933764365059233e+02 2.771862541107161917e-05 4.428973452899680296e+02 1.450287723581095634e+04 0.000000000000000000e+00 1.676711775350416701e+03
4.666666666666666186e-03 0.000000000000000000e+00 5.645990276098009417e+02 2.620241251205359317e-05 4.428063739019844434e+02 1.480646385036729953e+04 0.000000000000000000e+00 1.676065409256120347e+03
4.803921568627450740e-03 0.000000000000000000e+00 5.795247714620960551e+02 2.183959369883361413e-05 4.417945752893331814e+02 1.542152165944621083e+04 0.000000000000000000e+00 1.672522291314991435e+03
4.941176470588235295e-03 0.000000000000000000e+00 6.327693952458935200e+02 1.517773210429997413e-05 4.354441158146861994e+02 1.646635215499575133e+04 0.000000000000000000e+00 1.659487752040508212e+03
5.078431372549019850e-03 0.000000000000000000e+00 7.998041877786207579e+02 1.263115450702857181e-05 4.781071638254460936e+02 1.861075056626639343e+04 0.000000000000000000e+00 0.000000000000000000e+00
5.215686274509803537e-03 0.000000000000000000e+00 7.912762055604650868e+02 1.413169446778466431e-05 4.783110782403115309e+02 1.818236034173761436e+04 0.000000000000000000e+00 0.000000000000000000e+00
5.352941176470588092e-03 0.000000000000000000e+00 7.581601212724632433e+02 1.828872654999543098e-05 4.807934615024905156e+02 1.743183194342043134e+04 0.000000000000000000e+00 0.000000000000000000e+00
5.490196078431372646e-03 0.000000000000000000e+00 6.964914725951231276e+02 2.877861621729270569e-05 4.886319915683047270e+02 1.617270877738832496e+04 0.000000000000000000e+00 0.000000000000000000e+00
5.627450980392156334e-03 0.000000000000000000e+00 5.751959921412816357e+02 2.694615787721613148e-05 4.453580231107403051e+02 1.505934247691737073e+04 8.580900617312146323e+02 0.000000000000000000e+00
5.764705882352940888e-03 0.000000000000000000e+00 5.726197410209083500e+02 2.330005745981110675e-05 4.423664149350055368e+02 1.521117176860875588e+04 0.000000000000000000e+00 1.674188112967770167e+03
5.901960784313725443e-03 0.000000000000000000e+00 6.156219723945948772e+02 1.738566973314369622e-05 4.376114610919204893e+02 1.611852197609208088e+04 0.000000000000000000e+00 1.663745051290514084e+03
6.039215686274509998e-03 0.000000000000000000e+00 8.016043284949679446e+02 1.248296649727187013e-05 4.780911210887037441e+02 1.880316701966536493e+04 0.000000000000000000e+00 0.000000000000000000e+00
6.176470588235293685e-03 0.000000000000000000e+00 8.016043284949679446e+02 1.248296649727187013e-05 4.780911210887037441e+02 1.880316701966536493e+04 0.000000000000000000e+00 0.000000000000000000e+00
6.313725490196078240e-03 0.000000000000000000e+00 8.016043284949679446e+02 1.248296649727187013e-05 4.780911210887037441e+02 1.880316701966536493e+04 0.000000000000000000e+00 0.000000000000000000e+00
6.450980392156862794e-03 0.000000000000000000e+00 8.016043284949679446e+02 1.248296649727187013e-05 4.780911210887037441e+02 1.880316701966536493e+04 0.000000000000000000e+00 0.000000000000000000e+00
6.588235294117646482e-03 0.000000000000000000e+00 8.016043284949679446e+02 1.248296649727187352e-05 4.780911210887037441e+02 1.880316701966536493e+04 0.000000000000000000e+00 0.000000000000000000e+00
6.725490196078431036e-03 0.000000000000000000e+00 8.016043284949679446e+02 1.248296649727187860e-05 4.780911210887037441e+02 1.880316701966536493e+04 0.000000000000000000e+00 0.000000000000000000e+00
6.862745098039215591e-03 0.000000000000000000e+00 0.000000000000000000e+00 0.000000000000000000e+00 0.000000000000000000e+00 0.000000000000000000e+00 0.000000000000000000e+00 0.000000000000000000e+00
