0.000000000000000000e+00 1.000000000000000000e+00 6.000000000000000000e+00 7.000000000000000000e+00 8.000000000000000000e+00 1.400000000000000000e+01 2.600000000000000000e+01 2.700000000000000000e+01
0.000000000000000000e+00 0.000000000000000000e+00 8.016043284949679446e+02 1.248296649727187013e-05 4.780911210887037441e+02 1.880316701966536493e+04 0.000000000000000000e+00 0.000000000000000000e+00
1.372549019607843107e-04 0.000000000000000000e+00 8.016043284949679446e+02 1.248296649727188368e-05 4.780911210887037441e+02 1.880316701966536493e+04 0.000000000000000000e+00 0.000000000000000000e+00
2.745098039215686215e-04 0.000000000000000000e+00 8.016043284949679446e+02 1.248296649727188199e-05 4.780911210887037441e+02 1.880316701966536493e+04 0.000000000000000000e+00 0.000000000000000000e+00
4.117647058823529051e-04 0.000000000000000000e+00 8.016043284949679446e+02 1.248296649727187521e-05 4.780911210887037441e+02 1.880316701966536493e+04 0.000000000000000000e+00 0.000000000000000000e+00
5.490196078431372429e-04 0.000000000000000000e+00 8.016043284949679446e+02 1.248296649727187013e-05 4.780911210887037441e+02 1.880316701966536493e+04 0.000000000000000000e+00 0.000000000000000000e+00
6.862745098039215808e-04 0.000000000000000000e+00 8.016043284949679446e+02 1.248296649727187013e-05 4.780911210887037441e+02 1.880316701966536493e+04 0.000000000000000000e+00 0.000000000000000000e+00
8.235294117647058102e-04 0.000000000000000000e+00 8.016043284949679446e+02 1.248296649727187013e-05 4.780911210887037441e+02 1.880316701966536493e+04 0.000000000000000000e+00 0.000000000000000000e+00
9.607843137254901481e-04 0.000000000000000000e+00 8.016043284949679446e+02 1.248296649727187013e-05 4.780911210887037441e+02 1.880316701966536493e+04 0.000000000000000000e+00 0.000000000000000000e+00
1.098039215686274486e-03 0.000000000000000000e+00 6.280391851440936080e+02 1.736266336199773555e-05 4.401151436501243666e+02 1.649047264421302680e+04 8.438950383754759059e+02 0.000000000000000000e+00
1.235294117647058824e-03 0.000000000000000000e+00 5.873605544676904628e+02 2.306489370608357913e-05 4.447486799469787684e+02 1.569656903674060413e+04 8.521170611696147716e+02 0.000000000000000000e+00
1.372549019607843162e-03 0.000000000000000000e+00 5.782978207039232075e+02 2.660414230263025888e-05 4.452276167661449904e+02 1.523708698919921335e+04 8.535046059871103807e+02 0.000000000000000000e+00
1.509803921568627499e-03 0.000000000000000000e+00 5.766930869763502869e+02 2.736059914474267478e-05 4.452696618327452711e+02 1.503631491225678656e+04 8.536983455861009134e+02 0.000000000000000000e+00
1.647058823529411620e-03 0.000000000000000000e+00 5.765061590090587060e+02 2.740514827703522142e-05 4.452724498905761266e+02 1.498436998091850364e+04 8.537171229388761731e+02 0.000000000000000000e+00
1.784313725490195958e-03 0.000000000000000000e+00 5.765020982366321505e+02 2.740587020076932186e-05 4.452724982427553755e+02 1.498201838697974199e+04 8.537175155040046093e+02 0.000000000000000000e+00
1.921568627450980296e-03 0.000000000000000000e+00 5.765020982366321505e+02 2.740587020076932186e-05 4.452724982427553755e+02 1.498201838697974199e+04 8.537175155040046093e+02 0.000000000000000000e+00
2.058823529411764851e-03 0.000000000000000000e+00 5.665159537678072184e+02 2.727036960388955209e-05 4.426482015057875401e+02 1.469052226410874027e+04 0.000000000000000000e+00 1.559557562176912370e+03
2.196078431372548972e-03 0.000000000000000000e+00 5.627400447700971426e+02 2.759762100401680536e-05 4.428667485572109399e+02 1.454484859045351914e+04 0.000000000000000000e+00 1.646953959834503848e+03
2.333333333333333093e-03 0.000000000000000000e+00 5.616426231641493132e+02 2.777457912194920627e-05 4.429010908145656344e+02 1.445869280635376890e+04 0.000000000000000000e+00 1.671554095877474310e+03
2.470588235294117647e-03 0.000000000000000000e+00 5.614284463778466261e+02 2.782877325668619561e-05 4.429041601625647218e+02 1.441522690601583054e+04 0.000000000000000000e+00 1.676148550266300390e+03
2.607843137254901768e-03 0.000000000000000000e+00 5.613986601217529824e+02 2.783260502683612353e-05 4.429043873830262328e+02 1.440172739362603534e+04 0.000000000000000000e+00 1.676767265015973408e+03
2.745098039215686323e-03 0.000000000000000000e+00 5.613970007239981896e+02 2.783272173748783921e-05 4.429043957485298506e+02 1.440032579008872381e+04 0.000000000000000000e+00 1.676801860168374560e+03
2.882352941176470444e-03 0.000000000000000000e+00 5.613970007239981896e+02 2.783272173748783921e-05 4.429043957485298506e+02 1.440032579008872381e+04 0.000000000000000000e+00 1.676801860168374560e+03
3.019607843137254999e-03 0.000000000000000000e+00 6.926479655117655057e+02 2.815942192981317317e-05 4.884657738009059926e+02 1.593402356946174586e+04 0.000000000000000000e+00 0.000000000000000000e+00
3.156862745098039120e-03 0.000000000000000000e+00 7.591758159014792682e+02 1.808549067285387691e-05 4.804447871475134093e+02 1.732183029368602729e+04 0.000000000000000000e+00 0.000000000000000000e+00
3.294117647058823241e-03 0.000000000000000000e+00 7.916183651515758584e+02 1.400242840701632761e-05 4.782827503464704364e+02 1.813368872127947907e+04 0.000000000000000000e+00 0.000000000000000000e+00
3.431372549019607796e-03 0.000000000000000000e+00 7.999038537565683100e+02 1.260643829244670623e-05 4.781049014269679560e+02 1.860028055622658940e+04 0.000000000000000000e+00 0.000000000000000000e+00
3.568627450980391917e-03 0.000000000000000000e+00 8.014516341024309440e+02 1.248751910270586085e-05 4.780917424260593407e+02 1.877288273880417910e+04 0.000000000000000000e+00 0.000000000000000000e+00
3.705882352941176471e-03 0.000000000000000000e+00 8.016043284949679446e+02 1.248296649727187013e-05 4.780911210887037441e+02 1.880316701966536493e+04 0.000000000000000000e+00 0.000000000000000000e+00
3.843137254901960592e-03 0.000000000000000000e+00 8.016043284949679446e+02 1.248296649727187013e-05 4.780911210887037441e+02 1.880316701966536493e+04 0.000000000000000000e+00 0.000000000000000000e+00
3.980392156862745147e-03 0.000000000000000000e+00 8.016043284949679446e+02 1.248296649727187013e-05 4.780911210887037441e+02 1.880316701966536493e+04 0.000000000000000000e+00 0.000000000000000000e+00
4.117647058823529702e-03 0.000000000000000000e+00 6.192384029244991552e+02 1.833721696003036281e-05 4.412543248819958990e+02 1.634649287354042826e+04 8.457562267332972397e+02 0.000000000000000000e+00
4.254901960784313389e-03 0.000000000000000000e+00 5.850601412272039852e+02 2.370855191271043316e-05 4.449028626269926008e+02 1.561365301336570337e+04 8.525001029290735914e+02 0.000000000000000000e+00
4.392156862745097944e-03 0.000000000000000000e+00 5.778505951984843705e+02 2.686041175274401236e-05 4.452417382985618701e+02 1.519388791482764827e+04 8.535623003004441216e+02 0.000000000000000000e+00
4.529411764705882498e-03 0.000000000000000000e+00 5.674057998334426429e+02 2.713176739269612924e-05 4.426006733949375302e+02 1.477951645312633264e+04 0.000000000000000000e+00 1.542052718521175620e+03
4.666666666666666186e-03 0.000000000000000000e+00 5.632908264709785726e+02 2.754308166186106410e-05 4.428409362266142466e+02 1.457064846460659646e+04 0.000000000000000000e+00 1.634267867648616630e+03
4.803921568627450740e-03 0.000000000000000000e+00 5.617595223410220342e+02 2.774641294746500549e-05 4.428987702122009296e+02 1.447352612644052715e+04 0.000000000000000000e+00 1.668997086955898794e+03
4.941176470588235295e-03 0.000000000000000000e+00 5.614481850118429520e+02 2.782534499606249871e-05 4.429039668414990842e+02 1.442123007653326749e+04 0.000000000000000000e+00 1.675733648862568771e+03
5.078431372549019850e-03 0.000000000000000000e+00 7.187868155689535570e+02 2.247840543435139567e-05 4.852949412206331772e+02 1.665180088757562407e+04 0.000000000000000000e+00 0.000000000000000000e+00
5.215686274509803537e-03 0.000000000000000000e+00 7.783375982473023669e+02 1.592429005481178861e-05 4.788823244378702384e+02 1.771589107697465079e+04 0.000000000000000000e+00 0.000000000000000000e+00
5.352941176470588092e-03 0.000000000000000000e+00 7.967133958899763684e+02 1.311222257870837107e-05 4.781543581242924574e+02 1.837634945770820923e+04 0.000000000000000000e+00 0.000000000000000000e+00
5.490196078431372646e-03 0.000000000000000000e+00 8.009317779309585603e+02 1.251610518939222071e-05 4.780950724842122099e+02 1.870057530415036308e+04 0.000000000000000000e+00 0.000000000000000000e+00
5.627450980392156334e-03 0.000000000000000000e+00 6.150222492994632830e+02 1.879012761234741448e-05 4.417885019042373074e+02 1.627321401384004457e+04 8.466410597066706032e+02 0.000000000000000000e+00
5.764705882352940888e-03 0.000000000000000000e+00 5.750890275379529157e+02 2.374623554499052111e-05 4.422704929187148082e+02 1.535094268412201200e+04 0.000000000000000000e+00 1.541352164971781576e+03
5.901960784313725443e-03 0.000000000000000000e+00 5.647696976085748020e+02 2.706752564473428936e-05 4.427974929918212297e+02 1.477181590298799347e+04 0.000000000000000000e+00 1.627361118766743630e+03
6.039215686274509998e-03 0.000000000000000000e+00 7.017555251615259522e+02 2.568729996846384921e-05 4.874795907806913533e+02 1.633095634697063178e+04 0.000000000000000000e+00 0.000000000000000000e+00
6.176470588235293685e-03 0.000000000000000000e+00 7.668045469698978422e+02 1.727454033046123901e-05 4.797461359611612011e+02 1.749105046294343265e+04 0.000000000000000000e+00 0.000000000000000000e+00
6.313725490196078240e-03 0.000000000000000000e+00 7.936682466594554626e+02 1.365817818445766758e-05 4.782254270530215194e+02 1.822574760608791985e+04 0.000000000000000000e+00 0.000000000000000000e+00
6.450980392156862794e-03 0.000000000000000000e+00 8.003327337702755813e+02 1.256361402149899327e-05 4.781004383625598280e+02 1.863905025608840151e+04 0.000000000000000000e+00 0.000000000000000000e+00
6.588235294117646482e-03 0.000000000000000000e+00 8.015077204926911918e+02 1.248552059035878672e-05 4.780914942084912127e+02 1.878300347761759258e+04 0.000000000000000000e+00 0.000000000000000000e+00
6.725490196078431036e-03 0.000000000000000000e+00 8.016043284949679446e+02 1.248296649727187013e-05 4.780911210887037441e+02 1.880316701966536493e+04 0.000000000000000000e+00 0.000000000000000000e+00
6.862745098039215591e-03 0.000000000000000000e+00 0.000000000000000000e+00 0.000000000000000000e+00 0.000000000000000000e+00 0.000000000000000000e+00 0.000000000000000000e+00 0.000000000000000000e+00
