0.000000000000000000e+00 1.000000000000000000e+00 6.000000000000000000e+00 7.000000000000000000e+00 8.000000000000000000e+00 1.400000000000000000e+01 2.600000000000000000e+01 2.700000000000000000e+01
0.000000000000000000e+00 0.000000000000000000e+00 8.016043284949679446e+02 1.248296649727187013e-05 4.780911210887037441e+02 1.880316701966536493e+04 0.000000000000000000e+00 0.000000000000000000e+00
1.372549019607843107e-04 0.000000000000000000e+00 8.016043284949679446e+02 1.248296649727187013e-05 4.780911210887037441e+02 1.880316701966536493e+04 0.000000000000000000e+00 0.000000000000000000e+00
2.745098039215686215e-04 0.000000000000000000e+00 8.016043284949679446e+02 1.248410222370125069e-05 4.780911210887037441e+02 1.879322845786590551e+04 0.000000000000000000e+00 0.000000000000000000e+00
4.117647058823529051e-04 0.000000000000000000e+00 8.015156683288037129e+02 1.251317686437456288e-05 4.780914818945076945e+02 1.871278452435504732e+04 0.000000000000000000e+00 0.000000000000000000e+00
5.490196078431372429e-04 0.000000000000000000e+00 8.004332210226118605e+02 1.287874560764630561e-05 4.781001264167504132e+02 1.847680246757087298e+04 0.000000000000000000e+00 0.000000000000000000e+00
6.862745098039215808e-04 0.000000000000000000e+00 7.942665388293872866e+02 1.491641166472721165e-05 4.782209189071681976e+02 1.799849321748364673e+04 0.000000000000000000e+00 0.000000000000000000e+00
8.235294117647058102e-04 0.000000000000000000e+00 7.692855366794595966e+02 1.948058661590313758e-05 4.796905416406904692e+02 1.726714389623322859e+04 0.000000000000000000e+00 0.000000000000000000e+00
9.607843137254901481e-04 0.000000000000000000e+00 7.082362733487105970e+02 2.794031968110055774e-05 4.871665132403196594e+02 1.629255452116419110e+04 0.000000000000000000e+00 0.000000000000000000e+00
1.098039215686274486e-03 0.000000000000000000e+00 5.765020982366321505e+02 2.740587020076932186e-05 4.452724982427553755e+02 1.498201838697974199e+04 8.537175155040046093e+02 0.000000000000000000e+00
1.235294117647058824e-03 0.000000000000000000e+00 5.765020982366321505e+02 2.740589496171505366e-05 4.452724982427553755e+02 1.498160162488210153e+04 8.537175155040046093e+02 0.000000000000000000e+00
1.372549019607843162e-03 0.000000000000000000e+00 5.765011813579504860e+02 2.740695408399062273e-05 4.452725023604177750e+02 1.497435310870060675e+04 8.537180580230688065e+02 0.000000000000000000e+00
1.509803921568627499e-03 0.000000000000000000e+00 5.764781674889344458e+02 2.742004395452773629e-05 4.452726519161537340e+02 1.494902368819286676e+04 8.537341777869261250e+02 0.000000000000000000e+00
1.647058823529411620e-03 0.000000000000000000e+00 5.763032741045866487e+02 2.751150469921700067e-05 4.452747904704008874e+02 1.489081635248302155e+04 8.538937366796072865e+02 0.000000000000000000e+00
1.784313725490195958e-03 0.000000000000000000e+00 5.753943061465428173e+02 2.770909365659274712e-05 4.452989356359687463e+02 1.479541017420343451e+04 8.550303220873506689e+02 0.000000000000000000e+00
1.921568627450980296e-03 0.000000000000000000e+00 5.718468947743770059e+02 2.804012329815525084e-05 4.454959559517516254e+02 1.465441158695661034e+04 8.611357950663257270e+02 0.000000000000000000e+00
2.058823529411764851e-03 0.000000000000000000e+00 5.613970007239981896e+02 2.783272173748783921e-05 4.429043957485298506e+02 1.440032579008872381e+04 0.000000000000000000e+00 1.676801860168374560e+03
2.196078431372548972e-03 0.000000000000000000e+00 5.613970007239981896e+02 2.783264529545173433e-05 4.429043957485298506e+02 1.440064760525035126e+04 0.000000000000000000e+00 1.676801860168374560e+03
2.333333333333333093e-03 0.000000000000000000e+00 5.613980520447631761e+02 2.781898037369220445e-05 4.429043829005231032e+02 1.442869617698229376e+04 0.000000000000000000e+00 1.676801607141509066e+03
2.470588235294117647e-03 0.000000000000000000e+00 5.615269579285322834e+02 2.762840842325862308e-05 4.429025595315884516e+02 1.455458359505931548e+04 0.000000000000000000e+00 1.676772405368337104e+03
2.607843137254901768e-03 0.000000000000000000e+00 5.627664900538329675e+02 2.594900091651438745e-05 4.428727709205253404e+02 1.488102867643436548e+04 0.000000000000000000e+00 1.676490635438719892e+03
2.745098039215686323e-03 0.000000000000000000e+00 5.702206774991976772e+02 2.190077684054233007e-05 4.425247323686909908e+02 1.547683099973793651e+04 0.000000000000000000e+00 1.674754927136683591e+03
2.882352941176470444e-03 0.000000000000000000e+00 6.062704023980494412e+02 1.622848523367372475e-05 4.387800084714768900e+02 1.642334926201494818e+04 0.000000000000000000e+00 1.666002750744387413e+03
3.019607843137254999e-03 0.000000000000000000e+00 8.016043284949679446e+02 1.248296649727187013e-05 4.780911210887037441e+02 1.880316701966536493e+04 0.000000000000000000e+00 0.000000000000000000e+00
3.156862745098039120e-03 0.000000000000000000e+00 8.016043284949679446e+02 1.248296649727187013e-05 4.780911210887037441e+02 1.880316701966536493e+04 0.000000000000000000e+00 0.000000000000000000e+00
3.294117647058823241e-03 0.000000000000000000e+00 8.016043284949679446e+02 1.248498506871671560e-05 4.780911210887037441e+02 1.878772777959318773e+04 0.000000000000000000e+00 0.000000000000000000e+00
3.431372549019607796e-03 0.000000000000000000e+00 8.014641024398548552e+02 1.252761285386169092e-05 4.780917218465215797e+02 1.869093872942165763e+04 0.000000000000000000e+00 0.000000000000000000e+00
3.568627450980391917e-03 0.000000000000000000e+00 8.000375550202040813e+02 1.304179347617884832e-05 4.781044391479707087e+02 1.842337807157480711e+04 0.000000000000000000e+00 0.000000000000000000e+00
3.705882352941176471e-03 0.000000000000000000e+00 7.923780993514575357e+02 1.538548546355181720e-05 4.782762694887384782e+02 1.791055131056697792e+04 0.000000000000000000e+00 0.000000000000000000e+00
3.843137254901960592e-03 0.000000000000000000e+00 7.622894075211416975e+02 2.044728934134435708e-05 4.803647605930320879e+02 1.713268399828334077e+04 0.000000000000000000e+00 0.000000000000000000e+00
3.980392156862745147e-03 0.000000000000000000e+00 7.003952052128433934e+02 2.908632963142244085e-05 4.881090203055208576e+02 1.615506487572359038e+04 0.000000000000000000e+00 0.000000000000000000e+00
4.117647058823529702e-03 0.000000000000000000e+00 5.763712743933514275e+02 2.748241838359364130e-05 4.452737912216066434e+02 1.490640584104578920e+04 8.538267527738782974e+02 0.000000000000000000e+00
4.254901960784313389e-03 0.000000000000000000e+00 5.757212344222074307e+02 2.765607728017365527e-05 4.452879097790508354e+02 1.482462286212762410e+04 8.545790037297996378e+02 0.000000000000000000e+00
4.392156862745097944e-03 0.000000000000000000e+00 5.728523332689973131e+02 2.790630934216274908e-05 4.454342667605331485e+02 1.475289513247234572e+04 8.593274668468363870e+02 0.000000000000000000e+00
4.529411764705882498e-03 0.000000000000000000e+00 5.617933764365059233e+02 2.726721065747320048e-05 4.428973452899680296e+02 1.466252943109755506e+04 0.000000000000000000e+00 1.676711775350416701e+03
4.666666666666666186e-03 0.000000000000000000e+00 5.645990276098009417e+02 2.442059418936795578e-05 4.428063739019844434e+02 1.510211864113401680e+04 0.000000000000000000e+00 1.676065409256120347e+03
4.803921568627450740e-03 0.000000000000000000e+00 5.795247714620960551e+02 1.968111466839085803e-05 4.417945752893331814e+02 1.581218806990456142e+04 0.000000000000000000e+00 1.672522291314991435e+03
4.941176470588235295e-03 0.000000000000000000e+00 6.327693952458935200e+02 1.345169771925201028e-05 4.354441158146861994e+02 1.678257100432085645e+04 0.000000000000000000e+00 1.659487752040508212e+03
5.078431372549019850e-03 0.000000000000000000e+00 7.998041877786207579e+02 1.314205020559970486e-05 4.781071638254460936e+02 1.838986503170072683e+04 0.000000000000000000e+00 0.000000000000000000e+00
5.215686274509803537e-03 0.000000000000000000e+00 7.912762055604650868e+02 1.564330962112618829e-05 4.783110782403115309e+02 1.784114969782107073e+04 0.000000000000000000e+00 0.000000000000000000e+00
5.352941176470588092e-03 0.000000000000000000e+00 7.581601212724632433e+02 2.100293535325536257e-05 4.807934615024905156e+02 1.703828167589190343e+04 0.000000000000000000e+00 0.000000000000000000e+00
5.490196078431372646e-03 0.000000000000000000e+00 6.964914725951231276e+02 2.941704464524766969e-05 4.886319915683047270e+02 1.619216651880720747e+04 0.000000000000000000e+00 0.000000000000000000e+00
5.627450980392156334e-03 0.000000000000000000e+00 5.751959921412816357e+02 2.553599522221437450e-05 4.453580231107403051e+02 1.526036402354224447e+04 8.580900617312146323e+02 0.000000000000000000e+00
5.764705882352940888e-03 0.000000000000000000e+00 5.726197410209083500e+02 2.118904887221351006e-05 4.423664149350055368e+02 1.558617216230834856e+04 0.000000000000000000e+00 1.674188112967770167e+03
5.901960784313725443e-03 0.000000000000000000e+00 6.156219723945948772e+02 1.529085776796371788e-05 4.376114610919204893e+02 1.658936153012894647e+04 0.000000000000000000e+00 1.663745051290514084e+03
6.039215686274509998e-03 0.000000000000000000e+00 8.016043284949679446e+02 1.248296649727187013e-05 4.780911210887037441e+02 1.880316701966536493e+04 0.000000000000000000e+00 0.000000000000000000e+00
6.176470588235293685e-03 0.000000000000000000e+00 8.016043284949679446e+02 1.248296649727187013e-05 4.780911210887037441e+02 1.880316701966536493e+04 0.000000000000000000e+00 0.000000000000000000e+00
6.313725490196078240e-03 0.000000000000000000e+00 8.016043284949679446e+02 1.248296649727187013e-05 4.780911210887037441e+02 1.880316701966536493e+04 0.000000000000000000e+00 0.000000000000000000e+00
6.450980392156862794e-03 0.000000000000000000e+00 8.016043284949679446e+02 1.248296649727187013e-05 4.780911210887037441e+02 1.880316701966536493e+04 0.000000000000000000e+00 0.000000000000000000e+00
6.588235294117646482e-03 0.000000000000000000e+00 8.016043284949679446e+02 1.248296649727187521e-05 4.780911210887037441e+02 1.880316701966536493e+04 0.000000000000000000e+00 0.000000000000000000e+00
6.725490196078431036e-03 0.000000000000000000e+00 8.016043284949679446e+02 1.248296649727187860e-05 4.780911210887037441e+02 1.880316701966536493e+04 0.000000000000000000e+00 0.000000000000000000e+00
6.862745098039215591e-03 0.000000000000000000e+00 0.000000000000000000e+00 0.000000000000000000e+00 0.000000000000000000e+00 0.000000000000000000e+00 0.000000000000000000e+00 0.000000000000000000e+00
