0.000000000000000000e+00 1.000000000000000000e+00 6.000000000000000000e+00 7.000000000000000000e+00 8.000000000000000000e+00 1.400000000000000000e+01 2.600000000000000000e+01 2.900000000000000000e+01
0.000000000000000000e+00 0.000000000000000000e+00 3.375824530950118060e+03 1.216338196631074895e-08 2.158597669161683825e+03 1.072929404522252529e-10 0.000000000000000000e+00 2.356124308043421479e+03
9.961538461538462985e-06 0.000000000000000000e+00 3.373621318705066187e+03 1.182861787242698996e-08 2.158429229145330737e+03 1.043337407068817235e-10 0.000000000000000000e+00 2.347879506053835030e+03
1.992307692307692597e-05 0.000000000000000000e+00 3.371166105877538484e+03 1.152184451986453787e-08 2.158227036629851227e+03 1.016187630243372405e-10 0.000000000000000000e+00 2.338807050652914768e+03
2.988461538461539065e-05 0.000000000000000000e+00 3.368429611366295376e+03 1.122767710735990170e-08 2.157984763303926229e+03 9.900735109780898114e-11 0.000000000000000000e+00 2.328831512507146726e+03
3.984615384615385194e-05 0.000000000000000000e+00 3.365356573559013214e+03 1.094705381546079243e-08 2.157688412731515655e+03 9.651715982930907883e-11 0.000000000000000000e+00 2.317864923320900743e+03
4.980769230769231323e-05 0.000000000000000000e+00 3.361920825199342289e+03 1.067411229759634008e-08 2.157327987923320961e+03 9.410494727883344298e-11 0.000000000000000000e+00 2.305898201262827570e+03
5.976923076923078130e-05 0.000000000000000000e+00 3.358078580764833987e+03 1.037968408059826650e-08 2.156890357600582320e+03 9.152589329866886987e-11 0.000000000000000000e+00 2.292855882565010234e+03
6.973076923076923582e-05 0.000000000000000000e+00 3.353801478750749084e+03 1.011384153856317459e-08 2.156365583730089838e+03 8.919119679401246326e-11 0.000000000000000000e+00 2.278699717277299897e+03
7.969230769230770388e-05 0.000000000000000000e+00 3.349043120947281295e+03 9.871525883551530132e-09 2.155739995215737508e+03 8.706009258844516850e-11 0.000000000000000000e+00 2.263336612154433169e+03
8.965384615384617195e-05 0.000000000000000000e+00 3.343758823652658066e+03 9.632780224671797038e-09 2.154996988737701486e+03 8.496795828204225060e-11 0.000000000000000000e+00 2.246716238024460836e+03
9.961538461538462647e-05 0.000000000000000000e+00 3.337931604496803629e+03 9.388583849703286432e-09 2.154122528397750102e+03 8.284661328527360987e-11 0.000000000000000000e+00 2.228864825227830352e+03
1.095769230769230945e-04 0.000000000000000000e+00 3.331470778613207131e+03 9.132353321703004521e-09 2.153077219648263963e+03 8.064590492573833092e-11 0.000000000000000000e+00 2.209715382140170732e+03
1.195384615384615626e-04 0.000000000000000000e+00 3.324263951499739505e+03 8.919581441233046426e-09 2.151817064497695810e+03 7.882463349554304255e-11 0.000000000000000000e+00 2.189147926726579044e+03
1.295000000000000307e-04 0.000000000000000000e+00 3.316277606502465005e+03 8.737239449894645461e-09 2.150313805910012434e+03 7.726013021677030256e-11 0.000000000000000000e+00 2.167226408822450594e+03
1.394615384615384716e-04 0.000000000000000000e+00 3.307478592301793014e+03 8.559060049165828913e-09 2.148538289106506909e+03 7.574065312410871589e-11 0.000000000000000000e+00 2.144056309969294489e+03
1.494230769230769397e-04 0.000000000000000000e+00 3.297763950681227470e+03 8.369024983738077548e-09 2.146444399818976308e+03 7.414418099711041760e-11 0.000000000000000000e+00 2.119491778166340737e+03
1.593846153846154078e-04 0.000000000000000000e+00 3.287060471664946363e+03 8.163871346747059996e-09 2.143984290796000096e+03 7.245025218954707637e-11 0.000000000000000000e+00 2.093596698125636522e+03
1.693461538461538758e-04 0.000000000000000000e+00 3.275341043166607960e+03 8.031883792982877714e-09 2.141126010508829495e+03 7.139185961104950373e-11 0.000000000000000000e+00 2.066562668365879290e+03
1.793076923076923439e-04 0.000000000000000000e+00 3.262499335101945690e+03 7.951173525218085179e-09 2.137760723928880452e+03 7.076511226926754310e-11 0.000000000000000000e+00 2.038581388276794314e+03
1.892692307692307849e-04 0.000000000000000000e+00 3.248316999167118411e+03 7.892930685649752449e-09 2.133751058487298451e+03 7.031220810558338417e-11 0.000000000000000000e+00 2.009669716909465706e+03
1.992307692307692529e-04 0.000000000000000000e+00 3.232696401522041015e+03 7.827269371942001584e-09 2.129001321397796801e+03 6.981304404526840439e-11 0.000000000000000000e+00 1.979884028642926751e+03
2.091923076923077210e-04 0.000000000000000000e+00 3.215601624716508013e+03 7.706221071453584120e-09 2.123434210209388311e+03 6.891037679134497218e-11 0.000000000000000000e+00 1.949403926306068797e+03
2.191538461538461891e-04 0.000000000000000000e+00 3.196862261845874400e+03 7.683973297803523736e-09 2.116916260744172632e+03 6.888164495727752871e-11 0.000000000000000000e+00 1.918192920629174978e+03
2.291153846153846571e-04 0.000000000000000000e+00 3.176285163487491445e+03 7.755936850336833558e-09 2.109275247770337955e+03 6.963488003757072017e-11 0.000000000000000000e+00 1.886335323563045449e+03
2.390769230769231252e-04 0.000000000000000000e+00 3.153846628976734337e+03 7.872828705697618813e-09 2.100423812366461789e+03 7.073252632914053779e-11 0.000000000000000000e+00 1.853838828792285312e+03
2.490384615384615662e-04 0.000000000000000000e+00 3.129122379089951210e+03 7.980925356195639689e-09 2.089887755308264786e+03 7.171920701253251006e-11 0.000000000000000000e+00 1.820877678158152094e+03
2.590000000000000613e-04 0.000000000000000000e+00 3.101726713623088926e+03 7.986790105825470660e-09 2.077192881765503444e+03 7.187040958212206493e-11 0.000000000000000000e+00 1.787517634380405980e+03
2.689615384615385023e-04 0.000000000000000000e+00 3.071338890496034765e+03 8.034284120326294877e-09 2.061877070759847356e+03 7.250034380319599951e-11 0.000000000000000000e+00 1.753828697248156914e+03
2.789230769230769433e-04 0.000000000000000000e+00 3.037730069696129249e+03 8.241272927537016415e-09 2.043672798011699570e+03 7.453666796275078813e-11 0.000000000000000000e+00 1.719991874264934268e+03
2.888846153846154384e-04 0.000000000000000000e+00 3.000528307789636074e+03 8.570082888296251225e-09 2.022058314125116340e+03 7.760531336008237661e-11 0.000000000000000000e+00 1.686060430948106841e+03
2.988461538461538794e-04 0.000000000000000000e+00 2.959232946137780800e+03 8.991708936544315261e-09 1.996335861012920304e+03 8.130068003398267142e-11 0.000000000000000000e+00 1.652068251923682737e+03
3.088076923076923746e-04 0.000000000000000000e+00 2.913919027703712345e+03 9.284822868516412241e-09 1.966531013075751616e+03 8.363750195435740220e-11 0.000000000000000000e+00 1.617995825958354317e+03
3.187692307692308155e-04 0.000000000000000000e+00 2.866833573735289065e+03 9.171444638453743332e-09 1.934591884054120328e+03 8.267418544380361077e-11 0.000000000000000000e+00 1.584422084428438438e+03
3.287307692307692565e-04 0.000000000000000000e+00 2.820420134421367948e+03 9.396900541040381879e-09 1.902716364603437796e+03 8.484939146235873007e-11 0.000000000000000000e+00 1.551528003847696482e+03
3.386923076923077517e-04 0.000000000000000000e+00 2.777777466974949220e+03 9.923280735503345347e-09 1.874122696551997478e+03 8.952737312134212475e-11 0.000000000000000000e+00 1.518946216908633914e+03
3.486538461538461926e-04 0.000000000000000000e+00 2.737911510816586997e+03 1.046327769341405411e-08 1.848165539632298533e+03 9.428566396329925904e-11 0.000000000000000000e+00 1.486936084273253755e+03
3.586153846153846878e-04 0.000000000000000000e+00 2.701495223472269117e+03 1.094901148774089348e-08 1.823066685561164377e+03 9.856666893510753708e-11 0.000000000000000000e+00 1.466830619798803127e+03
3.685769230769231288e-04 0.000000000000000000e+00 2.684481522416743246e+03 1.138784946488843207e-08 1.808140351769517565e+03 1.024340148865015139e-10 0.000000000000000000e+00 1.465840565850874782e+03
3.785384615384615697e-04 0.000000000000000000e+00 2.952755106876017180e+03 9.154720462478056908e-09 2.069313425334866679e+03 8.227994048769985051e-11 1.592906439225339454e+03 1.141869797648022768e+03
3.885000000000000649e-04 0.000000000000000000e+00 2.954179670077830906e+03 9.444306776561604331e-09 2.069388653852538937e+03 8.482583015481706483e-11 1.592906439225339454e+03 1.147444622227719947e+03
3.984615384615385059e-04 0.000000000000000000e+00 2.955774274346279981e+03 9.729675320024131016e-09 2.069479920853696967e+03 8.731978091159225275e-11 1.592906960061861128e+03 1.153597596464073376e+03
4.084230769230770010e-04 0.000000000000000000e+00 2.957567028921974270e+03 9.988880701575358197e-09 2.069592305424994265e+03 8.958382979272827771e-11 1.592911730632657964e+03 1.160373099699822205e+03
4.183846153846154420e-04 0.000000000000000000e+00 2.959585928822136793e+03 1.023956208449905263e-08 2.069731434872394857e+03 9.175602419410109135e-11 1.592924953680529143e+03 1.167814188626793111e+03
4.283461538461538830e-04 0.000000000000000000e+00 2.961855008431833539e+03 1.047946910294495460e-08 2.069903044904683156e+03 9.382257807963618735e-11 1.592950074481137790e+03 1.175955424497515878e+03
4.383076923076923781e-04 0.000000000000000000e+00 2.964408034365530511e+03 1.071620351326564618e-08 2.070114169722694896e+03 9.584982571329806256e-11 1.592991093006520714e+03 1.184863007731014477e+03
4.482692307692308191e-04 0.000000000000000000e+00 2.967272356957972534e+03 1.091439822419906182e-08 2.070371793510232692e+03 9.752907798871685167e-11 1.593051778351707526e+03 1.194582518973958940e+03
4.582307692307693143e-04 0.000000000000000000e+00 2.970485526950024905e+03 1.111729655279338624e-08 2.070684755064468391e+03 9.924697759178850685e-11 1.593137006234237333e+03 1.205186091194609617e+03
4.681923076923077552e-04 0.000000000000000000e+00 2.974080101977774575e+03 1.129375236001839937e-08 2.071064198131158719e+03 1.007049931868516270e-10 1.593255116330381725e+03 1.216693693726298534e+03
4.781538461538462504e-04 0.000000000000000000e+00 2.978113952236038585e+03 1.146109776290333075e-08 2.071529836873111435e+03 1.020758869360848222e-10 1.593422191311940878e+03 1.229149201260607470e+03
4.881153846153846914e-04 0.000000000000000000e+00 2.982673438084370900e+03 1.161443463942541012e-08 2.072107946624014403e+03 1.033111297925954953e-10 1.593659057189298210e+03 1.242643905637107537e+03
4.980769230769231323e-04 0.000000000000000000e+00 2.987810485487485494e+03 1.173010378920144809e-08 2.072822497742521136e+03 1.042144425196329996e-10 1.593985421259121495e+03 1.257179466634832579e+03
5.080384615384615733e-04 0.000000000000000000e+00 2.993582909745577581e+03 1.183890740923300118e-08 2.073699028484259543e+03 1.050579323245699095e-10 1.594423826435117235e+03 1.272754625314792975e+03
5.180000000000001227e-04 0.000000000000000000e+00 3.000076907455416404e+03 1.191390772652698612e-08 2.074772657048190467e+03 1.055845830953391973e-10 1.595000761069959026e+03 1.289441631587606025e+03
5.279615384615385636e-04 0.000000000000000000e+00 3.007360651401510495e+03 1.196790364285275246e-08 2.076076060100524046e+03 1.059323946070629032e-10 1.595740728253839279e+03 1.307268332580750894e+03
5.379230769230770046e-04 0.000000000000000000e+00 3.015532764406636034e+03 1.197675527463055762e-08 2.077657974907802782e+03 1.058926344753638095e-10 1.596691507206146298e+03 1.326205900319223019e+03
5.478846153846154456e-04 0.000000000000000000e+00 3.024719364316782048e+03 1.195543541985086067e-08 2.079606444644783096e+03 1.056017093031308952e-10 1.597927821739795718e+03 1.346163809022987607e+03
5.578461538461538865e-04 0.000000000000000000e+00 3.035115487456615028e+03 1.188753268625925641e-08 2.082032220502114342e+03 1.049252997645692702e-10 1.599543431416335579e+03 1.367125155720063958e+03
5.678076923076924359e-04 0.000000000000000000e+00 3.046884136053221937e+03 1.177687891035160416e-08 2.085050289479651383e+03 1.038995899910968422e-10 1.601625609043507211e+03 1.389072300406590557e+03
5.777692307692308769e-04 0.000000000000000000e+00 3.060156635324218314e+03 1.170880364104445988e-08 2.088767668393755685e+03 1.032281349405620109e-10 1.604250729058426941e+03 1.411991907560641266e+03
5.877307692307693178e-04 0.000000000000000000e+00 3.075131402260170944e+03 1.161062449316465914e-08 2.093335781920433419e+03 1.022956158365748319e-10 1.607528992856400691e+03 1.435859676117996287e+03
5.976923076923077588e-04 0.000000000000000000e+00 3.092046121203040457e+03 1.147072705597066622e-08 2.098939015102800113e+03 1.010311452252424643e-10 1.611593604293077988e+03 1.460657500480041563e+03
6.076538461538461998e-04 0.000000000000000000e+00 3.111086889176879595e+03 1.133923872302741601e-08 2.105758193631527320e+03 9.986385477219663114e-11 1.616551710943034777e+03 1.486463782939443945e+03
6.176153846153847491e-04 0.000000000000000000e+00 3.132713196130478536e+03 1.122153994515158598e-08 2.114267605509986879e+03 9.880536740375136787e-11 1.622709349368939911e+03 1.513121450241602815e+03
6.275769230769231901e-04 0.000000000000000000e+00 3.157449985685707361e+03 1.110269956195742638e-08 2.125047257788652132e+03 9.774570919362855396e-11 1.630425045728873556e+03 1.540529522330475402e+03
6.375384615384616311e-04 0.000000000000000000e+00 3.185839207601908129e+03 1.093252670211914643e-08 2.138750431895185557e+03 9.627521090455616312e-11 1.640087393092768480e+03 1.568581179827756387e+03
6.475000000000000720e-04 0.000000000000000000e+00 3.218331184241260416e+03 1.084727285165659088e-08 2.155920596453310736e+03 9.554985610457032790e-11 1.651999161723554607e+03 1.597256777059496926e+03
6.574615384615385130e-04 0.000000000000000000e+00 3.255562643999771808e+03 1.080420271523873195e-08 2.177367279773874998e+03 9.511460088781940193e-11 1.666615303360535563e+03 1.626473052123647221e+03
6.674230769230770624e-04 0.000000000000000000e+00 3.298306595281911541e+03 1.059951756849173991e-08 2.204166193303330147e+03 9.327189161834956526e-11 1.684524484021176249e+03 1.656142952123402438e+03
6.773846153846155033e-04 0.000000000000000000e+00 3.347066302984947470e+03 1.032085659757020743e-08 2.237039079510597276e+03 9.091536447552110583e-11 1.706101030558969569e+03 1.686287138038267813e+03
6.873461538461539443e-04 0.000000000000000000e+00 3.399323667925586506e+03 1.024878669956306284e-08 2.274026268909180999e+03 9.043978533978327944e-11 1.730027891688669570e+03 1.716502999513978921e+03
6.973076923076923853e-04 0.000000000000000000e+00 3.451820529530723434e+03 1.046297201631068990e-08 2.312234620817839641e+03 9.238051017504543337e-11 1.754495329204389918e+03 1.746174999535268853e+03
7.072692307692308262e-04 0.000000000000000000e+00 3.499801921532601227e+03 1.031422894311351620e-08 2.346795917700721020e+03 9.101257004160584206e-11 1.776626272904263033e+03 1.774613732902118045e+03
7.172307692307693756e-04 0.000000000000000000e+00 3.543284287594381112e+03 1.002156518242147797e-08 2.377082737299918335e+03 8.843204158982817395e-11 1.796080840346343166e+03 1.802226055426554012e+03
7.271923076923078166e-04 0.000000000000000000e+00 3.584623998659652898e+03 9.757362748936384645e-09 2.406084492475995830e+03 8.609118859122650038e-11 1.814988206079728343e+03 1.823847048922426211e+03
7.371538461538462575e-04 0.000000000000000000e+00 3.611833302052507406e+03 9.499385411072255861e-09 2.429048679116927815e+03 8.379879760282070019e-11 1.829667408457677311e+03 1.829002646368738169e+03
7.471153846153846985e-04 0.000000000000000000e+00 3.374281479976056744e+03 1.192665713553351330e-08 2.158481347066180206e+03 1.051996087216048779e-10 0.000000000000000000e+00 2.350336232412043046e+03
7.570769230769231395e-04 0.000000000000000000e+00 3.371894828728687116e+03 1.160559094638193778e-08 2.158288531816552222e+03 1.023586563916888211e-10 0.000000000000000000e+00 2.341488010354270955e+03
7.670384615384616888e-04 0.000000000000000000e+00 3.369241481960840702e+03 1.130655021364497500e-08 2.158058328541036644e+03 9.970839862455954524e-11 0.000000000000000000e+00 2.331773316551234529e+03
7.770000000000001298e-04 0.000000000000000000e+00 3.366265375252679860e+03 1.103035040377807237e-08 2.157777840131790072e+03 9.725729404135238467e-11 0.000000000000000000e+00 2.321088771484180597e+03
7.869615384615385708e-04 0.000000000000000000e+00 3.362937442147784623e+03 1.075921497447809126e-08 2.157437305613412263e+03 9.485256339098109532e-11 0.000000000000000000e+00 2.309409028747236334e+03
7.969230769230770117e-04 0.000000000000000000e+00 3.359223582965835249e+03 1.045728228022720162e-08 2.157024388285563418e+03 9.220224296324573969e-11 0.000000000000000000e+00 2.296707792160847475e+03
8.068846153846154527e-04 0.000000000000000000e+00 3.355072839543680857e+03 1.018330930317559957e-08 2.156526002581448211e+03 8.979926444563729086e-11 0.000000000000000000e+00 2.282864276623791739e+03
8.168461538461540021e-04 0.000000000000000000e+00 3.350458966319996762e+03 9.939056457544478941e-09 2.155930136940266948e+03 8.765216566717258336e-11 0.000000000000000000e+00 2.267878059396668959e+03
8.268076923076924430e-04 0.000000000000000000e+00 3.345329121918518013e+03 9.704012033693684469e-09 2.155223494433208998e+03 8.558937258373851282e-11 0.000000000000000000e+00 2.251607306284146489e+03
8.367692307692308840e-04 0.000000000000000000e+00 3.339665373707484378e+03 9.470627998150696895e-09 2.154390473063647732e+03 8.355200699944678441e-11 0.000000000000000000e+00 2.234114688253286204e+03
8.467307692307693250e-04 0.000000000000000000e+00 3.333396108812733928e+03 9.201270211071007727e-09 2.153397300843994799e+03 8.123600016231059471e-11 0.000000000000000000e+00 2.215358550230265791e+03
8.566923076923077659e-04 0.000000000000000000e+00 3.326401053235814288e+03 8.976776693289164626e-09 2.152201845686009165e+03 7.931221051821356233e-11 0.000000000000000000e+00 2.195161282357409618e+03
8.666538461538463153e-04 0.000000000000000000e+00 3.318654062126736335e+03 8.788352302319907916e-09 2.150775160116791994e+03 7.769935881598121217e-11 0.000000000000000000e+00 2.173642304672677710e+03
8.766153846153847563e-04 0.000000000000000000e+00 3.310083222262509025e+03 8.611491683938236721e-09 2.149077729385743169e+03 7.618548529226542067e-11 0.000000000000000000e+00 2.150806378784723620e+03
8.865769230769231972e-04 0.000000000000000000e+00 3.300628553480073151e+03 8.429624372803480450e-09 2.147074003644832828e+03 7.464753374291236274e-11 0.000000000000000000e+00 2.126645030854025208e+03
8.965384615384616382e-04 0.000000000000000000e+00 3.290224037037932703e+03 8.215621930579769571e-09 2.144726861366997582e+03 7.287732743425389787e-11 0.000000000000000000e+00 2.101128607321174513e+03
9.065000000000000792e-04 0.000000000000000000e+00 3.278812741123851538e+03 8.063466662655302376e-09 2.141995474668574388e+03 7.164185873953366384e-11 0.000000000000000000e+00 2.074398422535706686e+03
9.164615384615386285e-04 0.000000000000000000e+00 3.266298239629707041e+03 7.968501087335777013e-09 2.138783908161910858e+03 7.089363410455357863e-11 0.000000000000000000e+00 2.046667703583594403e+03
9.264230769230770695e-04 0.000000000000000000e+00 3.252506960751255974e+03 7.910998632094894021e-09 2.134967589065015545e+03 7.045948909632110189e-11 0.000000000000000000e+00 2.018001141968868069e+03
9.363846153846155105e-04 0.000000000000000000e+00 3.237325168938017214e+03 7.849215865218682149e-09 2.130445458253577272e+03 6.997869058238919603e-11 0.000000000000000000e+00 1.988503456083626588e+03
9.463461538461539514e-04 0.000000000000000000e+00 3.220653572784533026e+03 7.733503935795770161e-09 2.125120623975044055e+03 6.910195026768199266e-11 0.000000000000000000e+00 1.958179537619004350e+03
9.563076923076925008e-04 0.000000000000000000e+00 3.202388066258668914e+03 7.679834963425084542e-09 2.118878237279965106e+03 6.880188006343141193e-11 0.000000000000000000e+00 1.927190505227404401e+03
9.662692307692309418e-04 0.000000000000000000e+00 3.182357602292599495e+03 7.730561743303709866e-09 2.111579096701439994e+03 6.938248735743427286e-11 0.000000000000000000e+00 1.895513129180255646e+03
9.762307692307693827e-04 0.000000000000000000e+00 3.160450001154519214e+03 7.839606839687812903e-09 2.103090430566859595e+03 7.042966620637436099e-11 0.000000000000000000e+00 1.863153073075295424e+03
9.861923076923079321e-04 0.000000000000000000e+00 3.136432671161061990e+03 7.960492134450611224e-09 2.093089985957446515e+03 7.153122168052871282e-11 0.000000000000000000e+00 1.830327116554205304e+03
9.961538461538462647e-04 0.000000000000000000e+00 3.109846891446735299e+03 8.014554221077908134e-09 2.081071936302573704e+03 7.206390933182040955e-11 0.000000000000000000e+00 1.797072610246543036e+03
1.006115384615384814e-03 0.000000000000000000e+00 3.080345520327599388e+03 8.002963334837716168e-09 2.066541503279399421e+03 7.216277695792627875e-11 0.000000000000000000e+00 1.763482838032041400e+03
1.016076923076923147e-03 0.000000000000000000e+00 3.047686070310518971e+03 8.166935195554187565e-09 2.049202217631964686e+03 7.382054366072356188e-11 0.000000000000000000e+00 1.729654840852126426e+03
1.026038461538461696e-03 0.000000000000000000e+00 3.011531855910788636e+03 8.466014090066277877e-09 2.028612622054924941e+03 7.665100234651218667e-11 0.000000000000000000e+00 1.695746117465149609e+03
1.036000000000000245e-03 0.000000000000000000e+00 2.971512569444976634e+03 8.866170318386728950e-09 2.004170437979128792e+03 8.022150290592839727e-11 0.000000000000000000e+00 1.661795571101416272e+03
1.045961538461538578e-03 0.000000000000000000e+00 2.927141023949644023e+03 9.236082866788439407e-09 1.975342135870297852e+03 8.329044790405471737e-11 0.000000000000000000e+00 1.627723318025717390e+03
1.055923076923077127e-03 0.000000000000000000e+00 2.880351431049008625e+03 9.189811447105672060e-09 1.943830610309895064e+03 8.279008171874873151e-11 0.000000000000000000e+00 1.593954940310359689e+03
1.065884615384615460e-03 0.000000000000000000e+00 2.833402525338939540e+03 9.291560008746700562e-09 1.911621738726100602e+03 8.386590276387292908e-11 0.000000000000000000e+00 1.560851373815603893e+03
1.075846153846154009e-03 0.000000000000000000e+00 2.789591918959289160e+03 9.770135043477566725e-09 1.881939555601854636e+03 8.817582365126571305e-11 0.000000000000000000e+00 1.528285393721906530e+03
1.085807692307692559e-03 0.000000000000000000e+00 2.749173519838906941e+03 1.030761552727404921e-08 1.855543268095381109e+03 9.291639012883840575e-11 0.000000000000000000e+00 1.495611259727155129e+03
1.095769230769230891e-03 0.000000000000000000e+00 2.711169563117727648e+03 1.081560176116821409e-08 1.830093353297082331e+03 9.738948644655369902e-11 0.000000000000000000e+00 1.470756483860118806e+03
1.105730769230769441e-03 0.000000000000000000e+00 2.684249754474335987e+03 1.127482940972901076e-08 1.808311671445119373e+03 1.014362186270477677e-10 0.000000000000000000e+00 1.464155015373891501e+03
1.115692307692307773e-03 0.000000000000000000e+00 2.952374300172382846e+03 9.058585914791597991e-09 2.069294256141048663e+03 8.143655387596983109e-11 1.592906439225339454e+03 1.140368119799822125e+03
1.125653846153846322e-03 0.000000000000000000e+00 2.953756524119603455e+03 9.364382410795740783e-09 2.069365695481379589e+03 8.412722053346158123e-11 1.592906439225339454e+03 1.145796505083912734e+03
1.135615384615384872e-03 0.000000000000000000e+00 2.955298826532057774e+03 9.652780388415019496e-09 2.069451891675926163e+03 8.664562095855220729e-11 1.592906439225339454e+03 1.151775480771449566e+03
1.145576923076923204e-03 0.000000000000000000e+00 2.957032862334800029e+03 9.912873957265032538e-09 2.069557819347424811e+03 8.892128744891488766e-11 1.592909807624325140e+03 1.158369285311069689e+03
1.155538461538461754e-03 0.000000000000000000e+00 2.958984402855113331e+03 1.017557164606848950e-08 2.069688762208023945e+03 9.120411503130163526e-11 1.592920319808641807e+03 1.165614877590371634e+03
1.165500000000000086e-03 0.000000000000000000e+00 2.961179318439663803e+03 1.041446816924297819e-08 2.069850305519078574e+03 9.326480913187851672e-11 1.592941405599225845e+03 1.173554851999765333e+03
1.175461538461538636e-03 0.000000000000000000e+00 2.963647313961578675e+03 1.064918596586523529e-08 2.070049166638636962e+03 9.527841051315622001e-11 1.592977182355103196e+03 1.182239770203877697e+03
1.185423076923077185e-03 0.000000000000000000e+00 2.966418517343257008e+03 1.085508020826764641e-08 2.070292766309466060e+03 9.702656742887996655e-11 1.593032233434644922e+03 1.191712398515507630e+03
1.195384615384615518e-03 0.000000000000000000e+00 2.969529856450603802e+03 1.105766893788144835e-08 2.070589177941701564e+03 9.874207971536288451e-11 1.593110120200747133e+03 1.202061121751882183e+03
1.205346153846154067e-03 0.000000000000000000e+00 2.973008893910167899e+03 1.124737738518331349e-08 2.070947290637401238e+03 1.003255238437964074e-10 1.593216636044113784e+03 1.213309960003904280e+03
1.215307692307692400e-03 0.000000000000000000e+00 2.976911048682994988e+03 1.141125546844776211e-08 2.071386077467243467e+03 1.016666277856783965e-10 1.593367806227142864e+03 1.225491768052735779e+03
1.225269230769230949e-03 0.000000000000000000e+00 2.981316830325718001e+03 1.157565411246773386e-08 2.071930505090714632e+03 1.030082469197225264e-10 1.593583658766784765e+03 1.238686773649565566e+03
1.235230769230769498e-03 0.000000000000000000e+00 2.986277988783717319e+03 1.170251984887899551e-08 2.072602049513286602e+03 1.040015864862347300e-10 1.593881230526913896e+03 1.252918447096813452e+03
1.245192307692307831e-03 0.000000000000000000e+00 2.991865740422914769e+03 1.181101208035238214e-08 2.073430326259730009e+03 1.048490689814864481e-10 1.594286298391601122e+03 1.268195989256882740e+03
1.255153846153846380e-03 0.000000000000000000e+00 2.998140830926050512e+03 1.189574030718928417e-08 2.074442672597018827e+03 1.054625621877984423e-10 1.594819490694651677e+03 1.284556610691820424e+03
1.265115384615384713e-03 0.000000000000000000e+00 3.005196691715419092e+03 1.195726750827373680e-08 2.075678637929804609e+03 1.058735253358558962e-10 1.595510987490758453e+03 1.302064966531611390e+03
1.275076923076923262e-03 0.000000000000000000e+00 3.013101727361470694e+03 1.197876640427855954e-08 2.077173827833574705e+03 1.059401443857772666e-10 1.596395396911805847e+03 1.320683659880065306e+03
1.285038461538461812e-03 0.000000000000000000e+00 3.021977526687333921e+03 1.196421415761467572e-08 2.079004927142859287e+03 1.057079411612424685e-10 1.597539400027314969e+03 1.340355172119849385e+03
1.295000000000000144e-03 0.000000000000000000e+00 3.032015934335298425e+03 1.192375585003125637e-08 2.081286069253589631e+03 1.052589682980305048e-10 1.599039660683468583e+03 1.361035161138708418e+03
1.304961538461538693e-03 0.000000000000000000e+00 3.043372302965437029e+03 1.180478871607504518e-08 2.084120623592673383e+03 1.041654566461090458e-10 1.600978736739273472e+03 1.382696472229218671e+03
1.314923076923077026e-03 0.000000000000000000e+00 3.056204097413413365e+03 1.173158680182647045e-08 2.087627151500916625e+03 1.034487433144891254e-10 1.603440506643567005e+03 1.405347265059129541e+03
1.324884615384615575e-03 0.000000000000000000e+00 3.070666181948839949e+03 1.164273564785268516e-08 2.091934418676478799e+03 1.025984255344684082e-10 1.606519067115742018e+03 1.428940320058183943e+03
1.334846153846154125e-03 0.000000000000000000e+00 3.086999608668055316e+03 1.150969607599332693e-08 2.097219157455491313e+03 1.013812162677098391e-10 1.610342321553509009e+03 1.453484063368135139e+03
1.344807692307692457e-03 0.000000000000000000e+00 3.105417463997009691e+03 1.137491075556822895e-08 2.103667972073613328e+03 1.001817837670898170e-10 1.615033576906557528e+03 1.478994485087706153e+03
1.354769230769231007e-03 0.000000000000000000e+00 3.126235874246857293e+03 1.125233025270205230e-08 2.111633119558551243e+03 9.908451297874569388e-11 1.620808541524277189e+03 1.505411229947790844e+03
1.364730769230769339e-03 0.000000000000000000e+00 3.150036371580044943e+03 1.114512931349476156e-08 2.121702311643897247e+03 9.811751879626284510e-11 1.628041892878034560e+03 1.532623609119301364e+03
1.374692307692307889e-03 0.000000000000000000e+00 3.177328650985996774e+03 1.097167188789602843e-08 2.134507633073008947e+03 9.660986005297209034e-11 1.637112013463878384e+03 1.560493970153468808e+03
1.384653846153846438e-03 0.000000000000000000e+00 3.208585528763996990e+03 1.086752585346685159e-08 2.150610064972842338e+03 9.572825654215749284e-11 1.648335184679592203e+03 1.589020047280539075e+03
1.394615384615384771e-03 0.000000000000000000e+00 3.244400352365522394e+03 1.081549182472113054e-08 2.170743151326328643e+03 9.523694855662265032e-11 1.662131658493997293e+03 1.618067568507403848e+03
1.404576923076923320e-03 0.000000000000000000e+00 3.285445800173411044e+03 1.069594995224461751e-08 2.195865826046772327e+03 9.411461565946152995e-11 1.679013848162971044e+03 1.647627188284252725e+03
1.414538461538461652e-03 0.000000000000000000e+00 3.332649366381495383e+03 1.038766788002730072e-08 2.227129884757523996e+03 9.146314436584131093e-11 1.699635148157226467e+03 1.677614555808679370e+03
1.424500000000000202e-03 0.000000000000000000e+00 3.384217614454958948e+03 1.023786400664206684e-08 2.263194357728562409e+03 9.029738641548227930e-11 1.723049147747326742e+03 1.707909093148749662e+03
1.434461538461538751e-03 0.000000000000000000e+00 3.437046170902383892e+03 1.038550739736887211e-08 2.301435490422305065e+03 9.171797659351879047e-11 1.747595818129271038e+03 1.737787193752223402e+03
1.444423076923077084e-03 0.000000000000000000e+00 3.486720276600791294e+03 1.040028462958523483e-08 2.337495026311103629e+03 9.177181392749634986e-11 1.770653225607911509e+03 1.766645239687775756e+03
1.454384615384615633e-03 0.000000000000000000e+00 3.531120526286487348e+03 1.010306302643383011e-08 2.368678867799564614e+03 8.915031402017152050e-11 1.790682112165511853e+03 1.794495919556572517e+03
1.464346153846153966e-03 0.000000000000000000e+00 3.573109831297125766e+03 9.831106447296392102e-09 2.397841273134110452e+03 8.674358953663870837e-11 1.809558123394562926e+03 1.818863242545907951e+03
1.474307692307692515e-03 0.000000000000000000e+00 3.609422339459813884e+03 9.569288193637739070e-09 2.426350091762252760e+03 8.442132716987768294e-11 1.828036730186565364e+03 1.829846132827587553e+03
1.484269230769231064e-03 0.000000000000000000e+00 3.374919871770883219e+03 1.202733693292202723e-08 2.158530610388025252e+03 1.060878645472723223e-10 0.000000000000000000e+00 2.352720501605972913e+03
1.494230769230769397e-03 0.000000000000000000e+00 3.372601454391442530e+03 1.169196202120792743e-08 2.158346992509041684e+03 1.031232214969348469e-10 0.000000000000000000e+00 2.344096586661526999e+03
1.504192307692307946e-03 0.000000000000000000e+00 3.370030608820174166e+03 1.139027275330941878e-08 2.158128517519766774e+03 1.004542280484556819e-10 0.000000000000000000e+00 2.334647459935279585e+03
1.514153846153846279e-03 0.000000000000000000e+00 3.367153589043328793e+03 1.111508272132952591e-08 2.157864245073529673e+03 9.800764483606554338e-11 0.000000000000000000e+00 2.324249447045007400e+03
1.524115384615384828e-03 0.000000000000000000e+00 3.363930310631634711e+03 1.083014639007567433e-08 2.157541502083000523e+03 9.548039562002198270e-11 0.000000000000000000e+00 2.312868783268267180e+03
1.534076923076923378e-03 0.000000000000000000e+00 3.360321595495244310e+03 1.053984553051243704e-08 2.157149404534911355e+03 9.292524813173205972e-11 0.000000000000000000e+00 2.300432328195583068e+03
1.544038461538461710e-03 0.000000000000000000e+00 3.356302670058721560e+03 1.025916733456557474e-08 2.156677367336102634e+03 9.046434962134465306e-11 0.000000000000000000e+00 2.286925829636770231e+03
1.554000000000000260e-03 0.000000000000000000e+00 3.351827286688549975e+03 1.001048773553471124e-08 2.156111380209330491e+03 8.828120777498893762e-11 0.000000000000000000e+00 2.272280492007039811e+03
1.563961538461538592e-03 0.000000000000000000e+00 3.346847078763055833e+03 9.777022319832587545e-09 2.155437009417087665e+03 8.622932948343768550e-11 0.000000000000000000e+00 2.256381805019764215e+03
1.573923076923077142e-03 0.000000000000000000e+00 3.341332843890127606e+03 9.532720479575498155e-09 2.154640866332036239e+03 8.409336785087771086e-11 0.000000000000000000e+00 2.239215732251040208e+03
1.583884615384615691e-03 0.000000000000000000e+00 3.335246795362292687e+03 9.272568849134326133e-09 2.153698448918166832e+03 8.184846937588665981e-11 0.000000000000000000e+00 2.220811836752557610e+03
1.593846153846154023e-03 0.000000000000000000e+00 3.328465050926985441e+03 9.034457610005464508e-09 2.152562463100846799e+03 7.980649720499173861e-11 0.000000000000000000e+00 2.201048809237642217e+03
1.603807692307692573e-03 0.000000000000000000e+00 3.320936434646785983e+03 8.836072272802278691e-09 2.151204945234855131e+03 7.810999553130781967e-11 0.000000000000000000e+00 2.179898383824346183e+03
1.613769230769230905e-03 0.000000000000000000e+00 3.312616507515692319e+03 8.658156262719559439e-09 2.149591630355807411e+03 7.658876403277152704e-11 0.000000000000000000e+00 2.157465488667370209e+03
1.623730769230769455e-03 0.000000000000000000e+00 3.303434712345605931e+03 8.477180535860876939e-09 2.147684654846020749e+03 7.505514729799074980e-11 0.000000000000000000e+00 2.133702644894432069e+03
1.633692307692308004e-03 0.000000000000000000e+00 3.293298368546210440e+03 8.270867891303952119e-09 2.145434490960915809e+03 7.333952595709341777e-11 0.000000000000000000e+00 2.108564372921335689e+03
1.643653846153846337e-03 0.000000000000000000e+00 3.282168216954099989e+03 8.101399020136776321e-09 2.142814311719480429e+03 7.196454600949434359e-11 0.000000000000000000e+00 2.082152684049071013e+03
1.653615384615384886e-03 0.000000000000000000e+00 3.270006031363799593e+03 7.992143589482804636e-09 2.139760197355965829e+03 7.109622871141298848e-11 0.000000000000000000e+00 2.054727136999310915e+03
1.663576923076923219e-03 0.000000000000000000e+00 3.256604377363422827e+03 7.923065445346407002e-09 2.136129991547037207e+03 7.056747299260869222e-11 0.000000000000000000e+00 2.026347887206374935e+03
1.673538461538461768e-03 0.000000000000000000e+00 3.241803406615530548e+03 7.879414951975216017e-09 2.131808804706835417e+03 7.024720286682715005e-11 0.000000000000000000e+00 1.997038178414809181e+03
1.683500000000000317e-03 0.000000000000000000e+00 3.225568726976519429e+03 7.776930829682828887e-09 2.126721508374598216e+03 6.946709063801763550e-11 0.000000000000000000e+00 1.966973932209917393e+03
1.693461538461538650e-03 0.000000000000000000e+00 3.207802004644408044e+03 7.685557574713948673e-09 2.120773834327583245e+03 6.884583442857040416e-11 0.000000000000000000e+00 1.936169243166298884e+03
1.703423076923077199e-03 0.000000000000000000e+00 3.188289411789286532e+03 7.711327782424707210e-09 2.113786826562593433e+03 6.922828291074102143e-11 0.000000000000000000e+00 1.904708677432939112e+03
1.713384615384615532e-03 0.000000000000000000e+00 3.166921225546565438e+03 7.808223597377127384e-09 2.105650208624695097e+03 7.019263381298508826e-11 0.000000000000000000e+00 1.872558732677798162e+03
1.723346153846154081e-03 0.000000000000000000e+00 3.143566724008344409e+03 7.930380469604741560e-09 2.096142450682441449e+03 7.132786724971489644e-11 0.000000000000000000e+00 1.839866591281295996e+03
1.733307692307692631e-03 0.000000000000000000e+00 3.117752641768845479e+03 8.009634268325055187e-09 2.084745546348903645e+03 7.208461034974308807e-11 0.000000000000000000e+00 1.806751188078836094e+03
1.743269230769230963e-03 0.000000000000000000e+00 3.089123504151923498e+03 7.993605214988971150e-09 2.070975595503107797e+03 7.212172261890735644e-11 0.000000000000000000e+00 1.773308150642334340e+03
1.753230769230769513e-03 0.000000000000000000e+00 3.057381398723176517e+03 8.116618334718513917e-09 2.054458246062377384e+03 7.344337955557313075e-11 0.000000000000000000e+00 1.739522724893861323e+03
1.763192307692307845e-03 0.000000000000000000e+00 3.022278511256394722e+03 8.385699095916708753e-09 2.034858733529161100e+03 7.604446757393207228e-11 0.000000000000000000e+00 1.705719175953293416e+03
1.773153846153846394e-03 0.000000000000000000e+00 2.983450213602055101e+03 8.755819206721376233e-09 2.011606109974405172e+03 7.943648971602928559e-11 0.000000000000000000e+00 1.671821002993522598e+03
1.783115384615384944e-03 0.000000000000000000e+00 2.940226020590078861e+03 9.174059160638715409e-09 1.983930818155100724e+03 8.302494878308724716e-11 0.000000000000000000e+00 1.637842720875135228e+03
1.793076923076923276e-03 0.000000000000000000e+00 2.893893864110136292e+03 9.280772108462741582e-09 1.952994789466833026e+03 8.378702542657229592e-11 0.000000000000000000e+00 1.603921908799723951e+03
1.803038461538461826e-03 0.000000000000000000e+00 2.846743207666229409e+03 9.251876637294511036e-09 1.920740707295727361e+03 8.373905869913849390e-11 0.000000000000000000e+00 1.570736790278570879e+03
1.813000000000000158e-03 0.000000000000000000e+00 2.801721289057561989e+03 9.656311147814401546e-09 1.889989918429768068e+03 8.749208982603371095e-11 0.000000000000000000e+00 1.538137337952187863e+03
1.822961538461538708e-03 0.000000000000000000e+00 2.760615684427601082e+03 1.019991118356881830e-08 1.862864133513295656e+03 9.234335303210007939e-11 0.000000000000000000e+00 1.505517737030803801e+03
1.832923076923077257e-03 0.000000000000000000e+00 2.721666715939263668e+03 1.073416757853457462e-08 1.837267848514997695e+03 9.710327894440685068e-11 0.000000000000000000e+00 1.476916941249178763e+03
1.842884615384615590e-03 0.000000000000000000e+00 2.689255728590737817e+03 1.121698225814161345e-08 1.812901553012003205e+03 1.014246352583147702e-10 0.000000000000000000e+00 1.464968478446639210e+03
1.852846153846154139e-03 0.000000000000000000e+00 2.952139855579933283e+03 9.031598546811476477e-09 2.069276779251586049e+03 8.164973565971239742e-11 1.592906439225339454e+03 1.139720128123083441e+03
1.862807692307692472e-03 0.000000000000000000e+00 2.953499909733362529e+03 9.359075374490124300e-09 2.069344470049508345e+03 8.459065360680657653e-11 1.592906439225339454e+03 1.145120700085650469e+03
1.872769230769231021e-03 0.000000000000000000e+00 2.955016455126511573e+03 9.663480029139838600e-09 2.069426069910034585e+03 8.733114231892391567e-11 1.592906439225339454e+03 1.151067042782435692e+03
1.882730769230769570e-03 0.000000000000000000e+00 2.956718954053966172e+03 9.954556926320413785e-09 2.069525663080832146e+03 8.996267250598777328e-11 1.592908259773953887e+03 1.157635127423083304e+03
1.892692307692307903e-03 0.000000000000000000e+00 2.958637285801577491e+03 1.024053055452373059e-08 2.069649118029199599e+03 9.254314831033139150e-11 1.592916307120693546e+03 1.164866756567816992e+03
1.902653846153846452e-03 0.000000000000000000e+00 2.960797458543769153e+03 1.051098398392340778e-08 2.069801920122120464e+03 9.498804916454200931e-11 1.592934228541913626e+03 1.172804411531849155e+03
1.912615384615385002e-03 0.000000000000000000e+00 2.963223578692194678e+03 1.077752484373471620e-08 2.069989598356243278e+03 9.739436299332273065e-11 1.592965357605733288e+03 1.181488940007307292e+03
1.922576923076923334e-03 0.000000000000000000e+00 2.965950653970307485e+03 1.103737829085932136e-08 2.070219738076986232e+03 9.974624910450951818e-11 1.593014139171986244e+03 1.190984659055829752e+03
1.932538461538461884e-03 0.000000000000000000e+00 2.969013554467222548e+03 1.128881530842201060e-08 2.070500636176675471e+03 1.020268697126220730e-10 1.593084966515007636e+03 1.201357946147886878e+03
1.942500000000000216e-03 0.000000000000000000e+00 2.972445496215195817e+03 1.154237319005239865e-08 2.070841053162996559e+03 1.043198548300730963e-10 1.593183210264318177e+03 1.212661127048582784e+03
1.952461538461538765e-03 0.000000000000000000e+00 2.976284597352217588e+03 1.177805580299198927e-08 2.071254541059956409e+03 1.064616341422721699e-10 1.593318618967710563e+03 1.224927835459928247e+03
1.962423076923077315e-03 0.000000000000000000e+00 2.980612209014789187e+03 1.202362435612034164e-08 2.071766669771324359e+03 1.086819346560977010e-10 1.593514072421860647e+03 1.238210212382572081e+03
1.972384615384615864e-03 0.000000000000000000e+00 2.985498327601328583e+03 1.226566967028169623e-08 2.072401943601229505e+03 1.108696079504169271e-10 1.593787638106021859e+03 1.252583233099881681e+03
1.982346153846153980e-03 0.000000000000000000e+00 2.990989264386899777e+03 1.248140122263056297e-08 2.073181909353075753e+03 1.128407464399813994e-10 1.594158539477682325e+03 1.268036539026191122e+03
1.992307692307692529e-03 0.000000000000000000e+00 2.997165162290105400e+03 1.271274145487482736e-08 2.074138683904619484e+03 1.149399743808726672e-10 1.594652098340232214e+03 1.284623408810301726e+03
2.002269230769231079e-03 0.000000000000000000e+00 3.004110059944156546e+03 1.294937280711345423e-08 2.075308207926129853e+03 1.170768030596548124e-10 1.595295716179789451e+03 1.302402312107231182e+03
2.012230769230769628e-03 0.000000000000000000e+00 3.011902886254588338e+03 1.315775127987480280e-08 2.076725937215092017e+03 1.189753645977788701e-10 1.596120077769146519e+03 1.321393484650516939e+03
2.022192307692308177e-03 0.000000000000000000e+00 3.020636551398716620e+03 1.338079335497283148e-08 2.078452450130445413e+03 1.209966215407099010e-10 1.597180857873681816e+03 1.341520042106546043e+03
2.032153846153846293e-03 0.000000000000000000e+00 3.030487010087089402e+03 1.360487369840472379e-08 2.080592367797886254e+03 1.230257378066190758e-10 1.598566910993069996e+03 1.362744419398820810e+03
2.042115384615384843e-03 0.000000000000000000e+00 3.041660786993735655e+03 1.379926788128829050e-08 2.083266691309103862e+03 1.248138300709095740e-10 1.600376279091547076e+03 1.385072319829995422e+03
2.052076923076923392e-03 0.000000000000000000e+00 3.054263690659303393e+03 1.400895456105148650e-08 2.086569356609161332e+03 1.267279091954932418e-10 1.602678307104026317e+03 1.408453645794530757e+03
2.062038461538461941e-03 0.000000000000000000e+00 3.068484616044219820e+03 1.425099156343666014e-08 2.090636422739614773e+03 1.288950507962313536e-10 1.605569018838067223e+03 1.432928778836492256e+03
2.072000000000000491e-03 0.000000000000000000e+00 3.084540312569889466e+03 1.446242195563837778e-08 2.095629695732724485e+03 1.308025340957132552e-10 1.609167757523542150e+03 1.458479765756745792e+03
2.081961538461538606e-03 0.000000000000000000e+00 3.102661598008833607e+03 1.464013897522426185e-08 2.101734819166333637e+03 1.324445638297383465e-10 1.613600486581993664e+03 1.485140817035996406e+03
2.091923076923077156e-03 0.000000000000000000e+00 3.123082680064418128e+03 1.485257007988417287e-08 2.109215596958475999e+03 1.343808986921400368e-10 1.619027134287915487e+03 1.512891654176759857e+03
2.101884615384615705e-03 0.000000000000000000e+00 3.146366570451925782e+03 1.507565937911159123e-08 2.118631736511383224e+03 1.363950010121579961e-10 1.625805803156481716e+03 1.541619950129223753e+03
2.111846153846154255e-03 0.000000000000000000e+00 3.173037670257626360e+03 1.524725751348874012e-08 2.130596506103324373e+03 1.379773171912492955e-10 1.634309958400034475e+03 1.571226025408468331e+03
2.121807692307692804e-03 0.000000000000000000e+00 3.203601399742697140e+03 1.545057560176401979e-08 2.145713084961218556e+03 1.398537735691593150e-10 1.644885293862696017e+03 1.601698087818019303e+03
2.131769230769230920e-03 0.000000000000000000e+00 3.238593463058620728e+03 1.572056492810946091e-08 2.164620267282758505e+03 1.422736299514952714e-10 1.657895447759345871e+03 1.632959682822424384e+03
2.141730769230769469e-03 0.000000000000000000e+00 3.278677318627725981e+03 1.596948715236451352e-08 2.188221415608919870e+03 1.444270530726324136e-10 1.673829938201515006e+03 1.665012724650997598e+03
2.151692307692308018e-03 0.000000000000000000e+00 3.324837985845029834e+03 1.600758144958201230e-08 2.217756783466927573e+03 1.448143584165178121e-10 1.693393116446883141e+03 1.697749951776398575e+03
2.161653846153846568e-03 0.000000000000000000e+00 3.376239418706772540e+03 1.610455401880924776e-08 2.252714040272508100e+03 1.458319123727889447e-10 1.716160038867587673e+03 1.731246656534871363e+03
2.171615384615385117e-03 0.000000000000000000e+00 3.429937298677987201e+03 1.647568593200742514e-08 2.290704720312150585e+03 1.492653543283573173e-10 1.740590866513845413e+03 1.764824543429236428e+03
2.181576923076923233e-03 0.000000000000000000e+00 3.482040407275014331e+03 1.694564745078231363e-08 2.328040570084962383e+03 1.533616773217776846e-10 1.764422306746553204e+03 1.797952863282486987e+03
2.191538461538461782e-03 0.000000000000000000e+00 3.528740351427541100e+03 1.694564745078230039e-08 2.360446673619413559e+03 1.533616773217776846e-10 1.785190805322117058e+03 1.830237506754691367e+03
2.201500000000000332e-03 0.000000000000000000e+00 3.572583105682891983e+03 1.694564745078231032e-08 2.390067689518828502e+03 1.533616773217777104e-10 1.804209023923642008e+03 1.861352120173086178e+03
2.211461538461538881e-03 0.000000000000000000e+00 3.612983350803187022e+03 1.694564745078230370e-08 2.418804078094607121e+03 1.533616773217776070e-10 1.822976450633052082e+03 1.882424457796255410e+03
2.221423076923077430e-03 0.000000000000000000e+00 3.393731643334791443e+03 2.185005633297820560e-08 2.159348725643256785e+03 1.977476103249261789e-10 0.000000000000000000e+00 2.431951013200907255e+03
2.231384615384615546e-03 0.000000000000000000e+00 3.393731643334791897e+03 2.185005633297819567e-08 2.159348725643256785e+03 1.977476103249262048e-10 0.000000000000000000e+00 2.431951013200907255e+03
2.241346153846154095e-03 0.000000000000000000e+00 3.393731643334791443e+03 2.185005633297820560e-08 2.159348725643256785e+03 1.977476103249262048e-10 0.000000000000000000e+00 2.431951013200907255e+03
2.251307692307692645e-03 0.000000000000000000e+00 3.393731643334791897e+03 2.185005633297820229e-08 2.159348725643256785e+03 1.977476103249262306e-10 0.000000000000000000e+00 2.431951013200907255e+03
2.261269230769231194e-03 0.000000000000000000e+00 3.393731643334791897e+03 2.185005633297818905e-08 2.159348725643256785e+03 1.977476103249262823e-10 0.000000000000000000e+00 2.431951013200907255e+03
2.271230769230769744e-03 0.000000000000000000e+00 3.393731643334791897e+03 2.185005633297821221e-08 2.159348725643256785e+03 1.977476103249263082e-10 0.000000000000000000e+00 2.431951013200907255e+03
2.281192307692307859e-03 0.000000000000000000e+00 3.393731643334791897e+03 2.185005633297819236e-08 2.159348725643256785e+03 1.977476103249262306e-10 0.000000000000000000e+00 2.431951013200907255e+03
2.291153846153846409e-03 0.000000000000000000e+00 3.393731643334791443e+03 2.185005633297822545e-08 2.159348725643256785e+03 1.977476103249262306e-10 0.000000000000000000e+00 2.431951013200907710e+03
2.301115384615384958e-03 0.000000000000000000e+00 3.393731643334791897e+03 2.185005633297820890e-08 2.159348725643256785e+03 1.977476103249262306e-10 0.000000000000000000e+00 2.431951013200907710e+03
2.311076923076923507e-03 0.000000000000000000e+00 3.393731643334791897e+03 2.185005633297820890e-08 2.159348725643256785e+03 1.977476103249262565e-10 0.000000000000000000e+00 2.431951013200907710e+03
2.321038461538462057e-03 0.000000000000000000e+00 3.393731643334791897e+03 2.185005633297820890e-08 2.159348725643256785e+03 1.977476103249262306e-10 0.000000000000000000e+00 2.431951013200907710e+03
2.331000000000000173e-03 0.000000000000000000e+00 3.393731643334791897e+03 2.185005633297821221e-08 2.159348725643256785e+03 1.977476103249262565e-10 0.000000000000000000e+00 2.431951013200907710e+03
2.340961538461538722e-03 0.000000000000000000e+00 3.393731643334791897e+03 2.185005633297820890e-08 2.159348725643256785e+03 1.977476103249263082e-10 0.000000000000000000e+00 2.431951013200907710e+03
2.350923076923077271e-03 0.000000000000000000e+00 3.393731643334791897e+03 2.185005633297819898e-08 2.159348725643256785e+03 1.977476103249261789e-10 0.000000000000000000e+00 2.431951013200907710e+03
2.360884615384615821e-03 0.000000000000000000e+00 3.393731643334791897e+03 2.185005633297821221e-08 2.159348725643256785e+03 1.977476103249262823e-10 0.000000000000000000e+00 2.431951013200907710e+03
2.370846153846154370e-03 0.000000000000000000e+00 3.393731643334791897e+03 2.185005633297821883e-08 2.159348725643256785e+03 1.977476103249263599e-10 0.000000000000000000e+00 2.431951013200907710e+03
2.380807692307692486e-03 0.000000000000000000e+00 3.393731643334791897e+03 2.185005633297821552e-08 2.159348725643256785e+03 1.977476103249262565e-10 0.000000000000000000e+00 2.431951013200907710e+03
2.390769230769231035e-03 0.000000000000000000e+00 3.393731643334791897e+03 2.185005633297822214e-08 2.159348725643256785e+03 1.977476103249263340e-10 0.000000000000000000e+00 2.431951013200907710e+03
2.400730769230769585e-03 0.000000000000000000e+00 3.393731643334791897e+03 2.185005633297820560e-08 2.159348725643256785e+03 1.977476103249262048e-10 0.000000000000000000e+00 2.431951013200907710e+03
2.410692307692308134e-03 0.000000000000000000e+00 3.393731643334791897e+03 2.185005633297822545e-08 2.159348725643256785e+03 1.977476103249262823e-10 0.000000000000000000e+00 2.431951013200907710e+03
2.420653846153846683e-03 0.000000000000000000e+00 3.393731643334791897e+03 2.185005633297821883e-08 2.159348725643256785e+03 1.977476103249263340e-10 0.000000000000000000e+00 2.431951013200907710e+03
2.430615384615384799e-03 0.000000000000000000e+00 3.393731643334792352e+03 2.185005633297821552e-08 2.159348725643256785e+03 1.977476103249263082e-10 0.000000000000000000e+00 2.431951013200907710e+03
2.440576923076923348e-03 0.000000000000000000e+00 3.393731643334791897e+03 2.185005633297820890e-08 2.159348725643256785e+03 1.977476103249262565e-10 0.000000000000000000e+00 2.431951013200907710e+03
2.450538461538461898e-03 0.000000000000000000e+00 3.393731643334791897e+03 2.185005633297820890e-08 2.159348725643256785e+03 1.977476103249263599e-10 0.000000000000000000e+00 2.431951013200907710e+03
2.460500000000000447e-03 0.000000000000000000e+00 3.393731643334792352e+03 2.185005633297822214e-08 2.159348725643256785e+03 1.977476103249262048e-10 0.000000000000000000e+00 2.431951013200907710e+03
2.470461538461538997e-03 0.000000000000000000e+00 3.393731643334792352e+03 2.185005633297820890e-08 2.159348725643256785e+03 1.977476103249262048e-10 0.000000000000000000e+00 2.431951013200907710e+03
2.480423076923077112e-03 0.000000000000000000e+00 3.393731643334792352e+03 2.185005633297820890e-08 2.159348725643256785e+03 1.977476103249263082e-10 0.000000000000000000e+00 2.431951013200907710e+03
2.490384615384615662e-03 0.000000000000000000e+00 3.393731643334792352e+03 2.185005633297821552e-08 2.159348725643256785e+03 1.977476103249263599e-10 0.000000000000000000e+00 2.431951013200907710e+03
2.500346153846154211e-03 0.000000000000000000e+00 3.393731643334791897e+03 2.185005633297819567e-08 2.159348725643256785e+03 1.977476103249263857e-10 0.000000000000000000e+00 2.431951013200907710e+03
2.510307692307692760e-03 0.000000000000000000e+00 3.393731643334792352e+03 2.185005633297821883e-08 2.159348725643256785e+03 1.977476103249261789e-10 0.000000000000000000e+00 2.431951013200907710e+03
2.520269230769231310e-03 0.000000000000000000e+00 3.393731643334792352e+03 2.185005633297822545e-08 2.159348725643256785e+03 1.977476103249262048e-10 0.000000000000000000e+00 2.431951013200907710e+03
2.530230769230769425e-03 0.000000000000000000e+00 3.393731643334792352e+03 2.185005633297820229e-08 2.159348725643256785e+03 1.977476103249263082e-10 0.000000000000000000e+00 2.431951013200908164e+03
2.540192307692307975e-03 0.000000000000000000e+00 3.393731643334791897e+03 2.185005633297821552e-08 2.159348725643256785e+03 1.977476103249262565e-10 0.000000000000000000e+00 2.431951013200907710e+03
2.550153846153846524e-03 0.000000000000000000e+00 3.393731643334791897e+03 2.185005633297822214e-08 2.159348725643256785e+03 1.977476103249263340e-10 0.000000000000000000e+00 2.431951013200907255e+03
2.560115384615385074e-03 0.000000000000000000e+00 3.393731643334791897e+03 2.185005633297821552e-08 2.159348725643256785e+03 1.977476103249262048e-10 0.000000000000000000e+00 2.431951013200907255e+03
2.570076923076923623e-03 0.000000000000000000e+00 3.393731643334791897e+03 2.185005633297821552e-08 2.159348725643256785e+03 1.977476103249262306e-10 0.000000000000000000e+00 2.431951013200907255e+03
2.580038461538461739e-03 0.000000000000000000e+00 0.000000000000000000e+00 0.000000000000000000e+00 0.000000000000000000e+00 0.000000000000000000e+00 0.000000000000000000e+00 0.000000000000000000e+00
