0.000000000000000000e+00 1.000000000000000000e+00 6.000000000000000000e+00 7.000000000000000000e+00 8.000000000000000000e+00 1.400000000000000000e+01 2.600000000000000000e+01 2.900000000000000000e+01
0.000000000000000000e+00 0.000000000000000000e+00 1.137912738469401847e+04 3.139458874100027970e+02 2.010070377515602013e+04 9.255053809444477864e-01 0.000000000000000000e+00 1.824386860738219912e+04
9.961538461538462985e-06 0.000000000000000000e+00 1.137912738469401847e+04 3.139458874100027970e+02 2.010070377515602013e+04 9.255053809444477864e-01 0.000000000000000000e+00 1.824386860738219912e+04
1.992307692307692597e-05 0.000000000000000000e+00 1.137912738469401847e+04 3.139458874100027970e+02 2.010070377515602013e+04 9.255053809444477864e-01 0.000000000000000000e+00 1.824386860738219912e+04
2.988461538461539065e-05 0.000000000000000000e+00 1.137912738469401847e+04 3.139458874100027970e+02 2.010070377515602013e+04 9.255053809444477864e-01 0.000000000000000000e+00 1.824386860738219912e+04
3.984615384615385194e-05 0.000000000000000000e+00 1.137912738469401847e+04 3.139458874100027970e+02 2.010070377515602013e+04 9.255053809444477864e-01 0.000000000000000000e+00 1.824386860738219912e+04
4.980769230769231323e-05 0.000000000000000000e+00 1.137912738469401847e+04 3.139458874100027970e+02 2.010070377515602013e+04 9.255053809444477864e-01 0.000000000000000000e+00 1.824386860738219912e+04
5.976923076923078130e-05 0.000000000000000000e+00 1.137912738469401847e+04 3.139458874100027970e+02 2.010070377515602013e+04 9.255053809444477864e-01 0.000000000000000000e+00 1.824386860738219912e+04
6.973076923076923582e-05 0.000000000000000000e+00 1.137912738469401847e+04 3.139458874100027970e+02 2.010070377515602013e+04 9.255053809444477864e-01 0.000000000000000000e+00 1.824386860738219912e+04
7.969230769230770388e-05 0.000000000000000000e+00 1.137912738469401847e+04 3.139458874100027970e+02 2.010070377515602013e+04 9.255053809444477864e-01 0.000000000000000000e+00 1.824386860738219912e+04
8.965384615384617195e-05 0.000000000000000000e+00 1.137912738469401847e+04 3.139458874100027970e+02 2.010070377515602013e+04 9.255053809444477864e-01 0.000000000000000000e+00 1.824386860738219912e+04
9.961538461538462647e-05 0.000000000000000000e+00 1.137912738469401847e+04 3.139458874100027970e+02 2.010070377515602013e+04 9.255053809444477864e-01 0.000000000000000000e+00 1.824386860738219912e+04
1.095769230769230945e-04 0.000000000000000000e+00 1.137912738469401847e+04 3.139458874100027970e+02 2.010070377515602013e+04 9.255053809444477864e-01 0.000000000000000000e+00 1.824386860738219912e+04
1.195384615384615626e-04 0.000000000000000000e+00 1.137912738469401847e+04 3.139458874100027970e+02 2.010070377515602013e+04 9.255053809444477864e-01 0.000000000000000000e+00 1.824386860738219912e+04
1.295000000000000307e-04 0.000000000000000000e+00 1.137912738469401847e+04 3.139458874100027970e+02 2.010070377515602013e+04 9.255053809444477864e-01 0.000000000000000000e+00 1.824386860738219912e+04
1.394615384615384716e-04 0.000000000000000000e+00 1.137912738469401847e+04 3.139458874100027970e+02 2.010070377515602013e+04 9.255053809444477864e-01 0.000000000000000000e+00 1.824386860738219912e+04
1.494230769230769397e-04 0.000000000000000000e+00 1.137912738469401847e+04 3.139458874100027970e+02 2.010070377515602013e+04 9.255053809444477864e-01 0.000000000000000000e+00 1.824386860738219912e+04
1.593846153846154078e-04 0.000000000000000000e+00 1.137912738469401847e+04 3.139458874100027970e+02 2.010070377515602013e+04 9.255053809444477864e-01 0.000000000000000000e+00 1.824386860738219912e+04
1.693461538461538758e-04 0.000000000000000000e+00 1.137912738469401847e+04 3.139458874100027970e+02 2.010070377515602013e+04 9.255053809444477864e-01 0.000000000000000000e+00 1.824386860738219912e+04
1.793076923076923439e-04 0.000000000000000000e+00 1.137912738469401847e+04 3.139458874100027970e+02 2.010070377515602013e+04 9.255053809444477864e-01 0.000000000000000000e+00 1.824386860738219912e+04
1.892692307692307849e-04 0.000000000000000000e+00 1.137912738469401847e+04 3.139458874100027970e+02 2.010070377515602013e+04 9.255053809444477864e-01 0.000000000000000000e+00 1.824386860738219912e+04
1.992307692307692529e-04 0.000000000000000000e+00 1.137912738469401847e+04 3.139458874100027970e+02 2.010070377515602013e+04 9.255053809444477864e-01 0.000000000000000000e+00 1.824386860738219912e+04
2.091923076923077210e-04 0.000000000000000000e+00 1.137912738469401847e+04 3.139458874100027970e+02 2.010070377515602013e+04 9.255053809444477864e-01 0.000000000000000000e+00 1.824386860738219912e+04
2.191538461538461891e-04 0.000000000000000000e+00 1.137912738469401847e+04 3.139458874100027970e+02 2.010070377515602013e+04 9.255053809444477864e-01 0.000000000000000000e+00 1.824386860738219912e+04
2.291153846153846571e-04 0.000000000000000000e+00 1.137912738469401847e+04 3.139458874100027970e+02 2.010070377515602013e+04 9.255053809444477864e-01 0.000000000000000000e+00 1.824386860738219912e+04
2.390769230769231252e-04 0.000000000000000000e+00 1.137912738469401847e+04 3.139458874100027970e+02 2.010070377515602013e+04 9.255053809444477864e-01 0.000000000000000000e+00 1.824386860738219912e+04
2.490384615384615662e-04 0.000000000000000000e+00 1.137912738469401847e+04 3.139458874100027970e+02 2.010070377515602013e+04 9.255053809444477864e-01 0.000000000000000000e+00 1.824386860738219912e+04
2.590000000000000613e-04 0.000000000000000000e+00 1.137912738469401847e+04 3.139458874100027970e+02 2.010070377515602013e+04 9.255053809444477864e-01 0.000000000000000000e+00 1.824386860738219912e+04
2.689615384615385023e-04 0.000000000000000000e+00 1.137912738469401847e+04 3.139458874100027970e+02 2.010070377515602013e+04 9.255053809444477864e-01 0.000000000000000000e+00 1.824386860738219912e+04
2.789230769230769433e-04 0.000000000000000000e+00 1.137912738469401847e+04 3.139458874100027970e+02 2.010070377515602013e+04 9.255053809444477864e-01 0.000000000000000000e+00 1.824386860738219912e+04
2.888846153846154384e-04 0.000000000000000000e+00 1.137912738469401847e+04 3.139458874100027970e+02 2.010070377515602013e+04 9.255053809444477864e-01 0.000000000000000000e+00 1.824386860738219912e+04
2.988461538461538794e-04 0.000000000000000000e+00 1.137912738469401847e+04 3.139458874100027970e+02 2.010070377515602013e+04 9.255053809444477864e-01 0.000000000000000000e+00 1.824386860738219912e+04
3.088076923076923746e-04 0.000000000000000000e+00 1.137912738469401847e+04 3.139458874100027970e+02 2.010070377515602013e+04 9.255053809444477864e-01 0.000000000000000000e+00 1.824386860738219912e+04
3.187692307692308155e-04 0.000000000000000000e+00 1.137912738469401847e+04 3.139458874100027970e+02 2.010070377515602013e+04 9.255053809444477864e-01 0.000000000000000000e+00 1.824386860738219912e+04
3.287307692307692565e-04 0.000000000000000000e+00 1.137912738469401847e+04 3.139458874100027970e+02 2.010070377515602013e+04 9.255053809444477864e-01 0.000000000000000000e+00 1.824386860738219912e+04
3.386923076923077517e-04 0.000000000000000000e+00 1.137912738469401847e+04 3.139458874100027970e+02 2.010070377515602013e+04 9.255053809444477864e-01 0.000000000000000000e+00 1.824386860738219912e+04
3.486538461538461926e-04 0.000000000000000000e+00 1.137912738469401847e+04 3.139458874100027970e+02 2.010070377515602013e+04 9.255053809444477864e-01 0.000000000000000000e+00 1.824386860738219912e+04
3.586153846153846878e-04 0.000000000000000000e+00 1.137912738469401847e+04 3.139458874100027970e+02 2.010070377515602013e+04 9.255053809444477864e-01 0.000000000000000000e+00 1.824386860738219912e+04
3.685769230769231288e-04 0.000000000000000000e+00 1.137912738469401847e+04 3.139458874100027970e+02 2.010070377515602013e+04 9.255053809444477864e-01 0.000000000000000000e+00 1.824386860738219912e+04
3.785384615384615697e-04 0.000000000000000000e+00 1.070642171113709810e+04 2.434783803574653120e+02 1.864431262253438035e+04 7.177687627109607948e-01 6.491550762459972248e+03 1.414889558396641041e+04
3.885000000000000649e-04 0.000000000000000000e+00 1.070642171113709810e+04 2.434783803574653120e+02 1.864431262253438035e+04 7.177687627109607948e-01 6.491550762459972248e+03 1.414889558396641041e+04
3.984615384615385059e-04 0.000000000000000000e+00 1.070642171113709810e+04 2.434783803574653120e+02 1.864431262253438035e+04 7.177687627109607948e-01 6.491550762459972248e+03 1.414889558396641041e+04
4.084230769230770010e-04 0.000000000000000000e+00 1.070642171113709810e+04 2.434783803574653120e+02 1.864431262253438035e+04 7.177687627109607948e-01 6.491550762459972248e+03 1.414889558396641041e+04
4.183846153846154420e-04 0.000000000000000000e+00 1.070642171113709810e+04 2.434783803574653120e+02 1.864431262253438035e+04 7.177687627109607948e-01 6.491550762459972248e+03 1.414889558396641041e+04
4.283461538461538830e-04 0.000000000000000000e+00 1.070642171113709810e+04 2.434783803574653120e+02 1.864431262253438035e+04 7.177687627109607948e-01 6.491550762459972248e+03 1.414889558396641041e+04
4.383076923076923781e-04 0.000000000000000000e+00 1.070642171113709810e+04 2.434783803574653120e+02 1.864431262253438035e+04 7.177687627109607948e-01 6.491550762459972248e+03 1.414889558396641041e+04
4.482692307692308191e-04 0.000000000000000000e+00 1.070642171113709810e+04 2.434783803574653120e+02 1.864431262253438035e+04 7.177687627109607948e-01 6.491550762459972248e+03 1.414889558396641041e+04
4.582307692307693143e-04 0.000000000000000000e+00 1.070642171113709810e+04 2.434783803574653120e+02 1.864431262253438035e+04 7.177687627109607948e-01 6.491550762459972248e+03 1.414889558396641041e+04
4.681923076923077552e-04 0.000000000000000000e+00 1.070642171113709810e+04 2.434783803574653120e+02 1.864431262253438035e+04 7.177687627109607948e-01 6.491550762459972248e+03 1.414889558396641041e+04
4.781538461538462504e-04 0.000000000000000000e+00 1.070642171113709810e+04 2.434783803574653120e+02 1.864431262253438035e+04 7.177687627109607948e-01 6.491550762459972248e+03 1.414889558396641041e+04
4.881153846153846914e-04 0.000000000000000000e+00 1.070642171113709810e+04 2.434783803574653120e+02 1.864431262253438035e+04 7.177687627109607948e-01 6.491550762459972248e+03 1.414889558396641041e+04
4.980769230769231323e-04 0.000000000000000000e+00 1.070642171113709810e+04 2.434783803574653120e+02 1.864431262253438035e+04 7.177687627109607948e-01 6.491550762459972248e+03 1.414889558396641041e+04
5.080384615384615733e-04 0.000000000000000000e+00 1.070642171113709810e+04 2.434783803574653120e+02 1.864431262253438035e+04 7.177687627109607948e-01 6.491550762459972248e+03 1.414889558396641041e+04
5.180000000000001227e-04 0.000000000000000000e+00 1.070642171113709810e+04 2.434783803574653120e+02 1.864431262253438035e+04 7.177687627109607948e-01 6.491550762459972248e+03 1.414889558396641041e+04
5.279615384615385636e-04 0.000000000000000000e+00 1.070642171113709810e+04 2.434783803574653120e+02 1.864431262253438035e+04 7.177687627109607948e-01 6.491550762459972248e+03 1.414889558396641041e+04
5.379230769230770046e-04 0.000000000000000000e+00 1.070642171113709810e+04 2.434783803574653120e+02 1.864431262253438035e+04 7.177687627109607948e-01 6.491550762459972248e+03 1.414889558396641041e+04
5.478846153846154456e-04 0.000000000000000000e+00 1.070642171113709810e+04 2.434783803574653120e+02 1.864431262253438035e+04 7.177687627109607948e-01 6.491550762459972248e+03 1.414889558396641041e+04
5.578461538461538865e-04 0.000000000000000000e+00 1.070642171113709810e+04 2.434783803574653120e+02 1.864431262253438035e+04 7.177687627109607948e-01 6.491550762459972248e+03 1.414889558396641041e+04
5.678076923076924359e-04 0.000000000000000000e+00 1.070642171113709810e+04 2.434783803574653120e+02 1.864431262253438035e+04 7.177687627109607948e-01 6.491550762459972248e+03 1.414889558396641041e+04
5.777692307692308769e-04 0.000000000000000000e+00 1.070642171113709810e+04 2.434783803574653120e+02 1.864431262253438035e+04 7.177687627109607948e-01 6.491550762459972248e+03 1.414889558396641041e+04
5.877307692307693178e-04 0.000000000000000000e+00 1.070642171113709810e+04 2.434783803574653120e+02 1.864431262253438035e+04 7.177687627109607948e-01 6.491550762459972248e+03 1.414889558396641041e+04
5.976923076923077588e-04 0.000000000000000000e+00 1.070642171113709810e+04 2.434783803574653120e+02 1.864431262253438035e+04 7.177687627109607948e-01 6.491550762459972248e+03 1.414889558396641041e+04
6.076538461538461998e-04 0.000000000000000000e+00 1.070642171113709810e+04 2.434783803574653120e+02 1.864431262253438035e+04 7.177687627109607948e-01 6.491550762459972248e+03 1.414889558396641041e+04
6.176153846153847491e-04 0.000000000000000000e+00 1.070642171113709810e+04 2.434783803574653120e+02 1.864431262253438035e+04 7.177687627109607948e-01 6.491550762459972248e+03 1.414889558396641041e+04
6.275769230769231901e-04 0.000000000000000000e+00 1.070642171113709810e+04 2.434783803574653120e+02 1.864431262253438035e+04 7.177687627109607948e-01 6.491550762459972248e+03 1.414889558396641041e+04
6.375384615384616311e-04 0.000000000000000000e+00 1.070642171113709810e+04 2.434783803574653120e+02 1.864431262253438035e+04 7.177687627109607948e-01 6.491550762459972248e+03 1.414889558396641041e+04
6.475000000000000720e-04 0.000000000000000000e+00 1.070642171113709810e+04 2.434783803574653120e+02 1.864431262253438035e+04 7.177687627109607948e-01 6.491550762459972248e+03 1.414889558396641041e+04
6.574615384615385130e-04 0.000000000000000000e+00 1.070642171113709810e+04 2.434783803574653120e+02 1.864431262253438035e+04 7.177687627109607948e-01 6.491550762459972248e+03 1.414889558396641041e+04
6.674230769230770624e-04 0.000000000000000000e+00 1.070642171113709810e+04 2.434783803574653120e+02 1.864431262253438035e+04 7.177687627109607948e-01 6.491550762459972248e+03 1.414889558396641041e+04
6.773846153846155033e-04 0.000000000000000000e+00 1.070642171113709810e+04 2.434783803574653120e+02 1.864431262253438035e+04 7.177687627109607948e-01 6.491550762459972248e+03 1.414889558396641041e+04
6.873461538461539443e-04 0.000000000000000000e+00 1.070642171113709810e+04 2.434783803574653120e+02 1.864431262253438035e+04 7.177687627109607948e-01 6.491550762459972248e+03 1.414889558396641041e+04
6.973076923076923853e-04 0.000000000000000000e+00 1.070642171113709810e+04 2.434783803574653120e+02 1.864431262253438035e+04 7.177687627109607948e-01 6.491550762459972248e+03 1.414889558396641041e+04
7.072692307692308262e-04 0.000000000000000000e+00 1.070642171113709810e+04 2.434783803574653120e+02 1.864431262253438035e+04 7.177687627109607948e-01 6.491550762459972248e+03 1.414889558396641041e+04
7.172307692307693756e-04 0.000000000000000000e+00 1.070642171113709810e+04 2.434783803574653120e+02 1.864431262253438035e+04 7.177687627109607948e-01 6.491550762459972248e+03 1.414889558396641041e+04
7.271923076923078166e-04 0.000000000000000000e+00 1.070642171113709810e+04 2.434783803574653120e+02 1.864431262253438035e+04 7.177687627109607948e-01 6.491550762459972248e+03 1.414889558396641041e+04
7.371538461538462575e-04 0.000000000000000000e+00 1.070642171113709810e+04 2.434783803574653120e+02 1.864431262253438035e+04 7.177687627109607948e-01 6.491550762459972248e+03 1.414889558396641041e+04
7.471153846153846985e-04 0.000000000000000000e+00 1.137912738469401847e+04 3.139458874100027970e+02 2.010070377515602013e+04 9.255053809444477864e-01 0.000000000000000000e+00 1.824386860738219912e+04
7.570769230769231395e-04 0.000000000000000000e+00 1.137912738469401847e+04 3.139458874100027970e+02 2.010070377515602013e+04 9.255053809444477864e-01 0.000000000000000000e+00 1.824386860738219912e+04
7.670384615384616888e-04 0.000000000000000000e+00 1.137912738469401847e+04 3.139458874100027970e+02 2.010070377515602013e+04 9.255053809444477864e-01 0.000000000000000000e+00 1.824386860738219912e+04
7.770000000000001298e-04 0.000000000000000000e+00 1.137912738469401847e+04 3.139458874100027970e+02 2.010070377515602013e+04 9.255053809444477864e-01 0.000000000000000000e+00 1.824386860738219912e+04
7.869615384615385708e-04 0.000000000000000000e+00 1.137912738469401847e+04 3.139458874100027970e+02 2.010070377515602013e+04 9.255053809444477864e-01 0.000000000000000000e+00 1.824386860738219912e+04
7.969230769230770117e-04 0.000000000000000000e+00 1.137912738469401847e+04 3.139458874100027970e+02 2.010070377515602013e+04 9.255053809444477864e-01 0.000000000000000000e+00 1.824386860738219912e+04
8.068846153846154527e-04 0.000000000000000000e+00 1.137912738469401847e+04 3.139458874100027970e+02 2.010070377515602013e+04 9.255053809444477864e-01 0.000000000000000000e+00 1.824386860738219912e+04
8.168461538461540021e-04 0.000000000000000000e+00 1.137912738469401847e+04 3.139458874100027970e+02 2.010070377515602013e+04 9.255053809444477864e-01 0.000000000000000000e+00 1.824386860738219912e+04
8.268076923076924430e-04 0.000000000000000000e+00 1.137912738469401847e+04 3.139458874100027970e+02 2.010070377515602013e+04 9.255053809444477864e-01 0.000000000000000000e+00 1.824386860738219912e+04
8.367692307692308840e-04 0.000000000000000000e+00 1.137912738469401847e+04 3.139458874100027970e+02 2.010070377515602013e+04 9.255053809444477864e-01 0.000000000000000000e+00 1.824386860738219912e+04
8.467307692307693250e-04 0.000000000000000000e+00 1.137912738469401847e+04 3.139458874100027970e+02 2.010070377515602013e+04 9.255053809444477864e-01 0.000000000000000000e+00 1.824386860738219912e+04
8.566923076923077659e-04 0.000000000000000000e+00 1.137912738469401847e+04 3.139458874100027970e+02 2.010070377515602013e+04 9.255053809444477864e-01 0.000000000000000000e+00 1.824386860738219912e+04
8.666538461538463153e-04 0.000000000000000000e+00 1.137912738469401847e+04 3.139458874100027970e+02 2.010070377515602013e+04 9.255053809444477864e-01 0.000000000000000000e+00 1.824386860738219912e+04
8.766153846153847563e-04 0.000000000000000000e+00 1.137912738469401847e+04 3.139458874100027970e+02 2.010070377515602013e+04 9.255053809444477864e-01 0.000000000000000000e+00 1.824386860738219912e+04
8.865769230769231972e-04 0.000000000000000000e+00 1.137912738469401847e+04 3.139458874100027970e+02 2.010070377515602013e+04 9.255053809444477864e-01 0.000000000000000000e+00 1.824386860738219912e+04
8.965384615384616382e-04 0.000000000000000000e+00 1.137912738469401847e+04 3.139458874100027970e+02 2.010070377515602013e+04 9.255053809444477864e-01 0.000000000000000000e+00 1.824386860738219912e+04
9.065000000000000792e-04 0.000000000000000000e+00 1.137912738469401847e+04 3.139458874100027970e+02 2.010070377515602013e+04 9.255053809444477864e-01 0.000000000000000000e+00 1.824386860738219912e+04
9.164615384615386285e-04 0.000000000000000000e+00 1.137912738469401847e+04 3.139458874100027970e+02 2.010070377515602013e+04 9.255053809444477864e-01 0.000000000000000000e+00 1.824386860738219912e+04
9.264230769230770695e-04 0.000000000000000000e+00 1.137912738469401847e+04 3.139458874100027970e+02 2.010070377515602013e+04 9.255053809444477864e-01 0.000000000000000000e+00 1.824386860738219912e+04
9.363846153846155105e-04 0.000000000000000000e+00 1.137912738469401847e+04 3.139458874100027970e+02 2.010070377515602013e+04 9.255053809444477864e-01 0.000000000000000000e+00 1.824386860738219912e+04
9.463461538461539514e-04 0.000000000000000000e+00 1.137912738469401847e+04 3.139458874100027970e+02 2.010070377515602013e+04 9.255053809444477864e-01 0.000000000000000000e+00 1.824386860738219912e+04
9.563076923076925008e-04 0.000000000000000000e+00 1.137912738469401847e+04 3.139458874100027970e+02 2.010070377515602013e+04 9.255053809444477864e-01 0.000000000000000000e+00 1.824386860738219912e+04
9.662692307692309418e-04 0.000000000000000000e+00 1.137912738469401847e+04 3.139458874100027970e+02 2.010070377515602013e+04 9.255053809444477864e-01 0.000000000000000000e+00 1.824386860738219912e+04
9.762307692307693827e-04 0.000000000000000000e+00 1.137912738469401847e+04 3.139458874100027970e+02 2.010070377515602013e+04 9.255053809444477864e-01 0.000000000000000000e+00 1.824386860738219912e+04
9.861923076923079321e-04 0.000000000000000000e+00 1.137912738469401847e+04 3.139458874100027970e+02 2.010070377515602013e+04 9.255053809444477864e-01 0.000000000000000000e+00 1.824386860738219912e+04
9.961538461538462647e-04 0.000000000000000000e+00 1.137912738469401847e+04 3.139458874100027970e+02 2.010070377515602013e+04 9.255053809444477864e-01 0.000000000000000000e+00 1.824386860738219912e+04
1.006115384615384814e-03 0.000000000000000000e+00 1.137912738469401847e+04 3.139458874100027970e+02 2.010070377515602013e+04 9.255053809444477864e-01 0.000000000000000000e+00 1.824386860738219912e+04
1.016076923076923147e-03 0.000000000000000000e+00 1.137912738469401847e+04 3.139458874100027970e+02 2.010070377515602013e+04 9.255053809444477864e-01 0.000000000000000000e+00 1.824386860738219912e+04
1.026038461538461696e-03 0.000000000000000000e+00 1.137912738469401847e+04 3.139458874100027970e+02 2.010070377515602013e+04 9.255053809444477864e-01 0.000000000000000000e+00 1.824386860738219912e+04
1.036000000000000245e-03 0.000000000000000000e+00 1.137912738469401847e+04 3.139458874100027970e+02 2.010070377515602013e+04 9.255053809444477864e-01 0.000000000000000000e+00 1.824386860738219912e+04
1.045961538461538578e-03 0.000000000000000000e+00 1.137912738469401847e+04 3.139458874100027970e+02 2.010070377515602013e+04 9.255053809444477864e-01 0.000000000000000000e+00 1.824386860738219912e+04
1.055923076923077127e-03 0.000000000000000000e+00 1.137912738469401847e+04 3.139458874100027970e+02 2.010070377515602013e+04 9.255053809444477864e-01 0.000000000000000000e+00 1.824386860738219912e+04
1.065884615384615460e-03 0.000000000000000000e+00 1.137912738469401847e+04 3.139458874100027970e+02 2.010070377515602013e+04 9.255053809444477864e-01 0.000000000000000000e+00 1.824386860738219912e+04
1.075846153846154009e-03 0.000000000000000000e+00 1.137912738469401847e+04 3.139458874100027970e+02 2.010070377515602013e+04 9.255053809444477864e-01 0.000000000000000000e+00 1.824386860738219912e+04
1.085807692307692559e-03 0.000000000000000000e+00 1.137912738469401847e+04 3.139458874100027970e+02 2.010070377515602013e+04 9.255053809444477864e-01 0.000000000000000000e+00 1.824386860738219912e+04
1.095769230769230891e-03 0.000000000000000000e+00 1.137912738469401847e+04 3.139458874100027970e+02 2.010070377515602013e+04 9.255053809444477864e-01 0.000000000000000000e+00 1.824386860738219912e+04
1.105730769230769441e-03 0.000000000000000000e+00 1.137912738469401847e+04 3.139458874100027970e+02 2.010070377515602013e+04 9.255053809444477864e-01 0.000000000000000000e+00 1.824386860738219912e+04
1.115692307692307773e-03 0.000000000000000000e+00 1.070642171113709810e+04 2.434783803574653120e+02 1.864431262253438035e+04 7.177687627109607948e-01 6.491550762459972248e+03 1.414889558396641041e+04
1.125653846153846322e-03 0.000000000000000000e+00 1.070642171113709810e+04 2.434783803574653120e+02 1.864431262253438035e+04 7.177687627109607948e-01 6.491550762459972248e+03 1.414889558396641041e+04
1.135615384615384872e-03 0.000000000000000000e+00 1.070642171113709810e+04 2.434783803574653120e+02 1.864431262253438035e+04 7.177687627109607948e-01 6.491550762459972248e+03 1.414889558396641041e+04
1.145576923076923204e-03 0.000000000000000000e+00 1.070642171113709810e+04 2.434783803574653120e+02 1.864431262253438035e+04 7.177687627109607948e-01 6.491550762459972248e+03 1.414889558396641041e+04
1.155538461538461754e-03 0.000000000000000000e+00 1.070642171113709810e+04 2.434783803574653120e+02 1.864431262253438035e+04 7.177687627109607948e-01 6.491550762459972248e+03 1.414889558396641041e+04
1.165500000000000086e-03 0.000000000000000000e+00 1.070642171113709810e+04 2.434783803574653120e+02 1.864431262253438035e+04 7.177687627109607948e-01 6.491550762459972248e+03 1.414889558396641041e+04
1.175461538461538636e-03 0.000000000000000000e+00 1.070642171113709810e+04 2.434783803574653120e+02 1.864431262253438035e+04 7.177687627109607948e-01 6.491550762459972248e+03 1.414889558396641041e+04
1.185423076923077185e-03 0.000000000000000000e+00 1.070642171113709810e+04 2.434783803574653120e+02 1.864431262253438035e+04 7.177687627109607948e-01 6.491550762459972248e+03 1.414889558396641041e+04
1.195384615384615518e-03 0.000000000000000000e+00 1.070642171113709810e+04 2.434783803574653120e+02 1.864431262253438035e+04 7.177687627109607948e-01 6.491550762459972248e+03 1.414889558396641041e+04
1.205346153846154067e-03 0.000000000000000000e+00 1.070642171113709810e+04 2.434783803574653120e+02 1.864431262253438035e+04 7.177687627109607948e-01 6.491550762459972248e+03 1.414889558396641041e+04
1.215307692307692400e-03 0.000000000000000000e+00 1.070642171113709810e+04 2.434783803574653120e+02 1.864431262253438035e+04 7.177687627109607948e-01 6.491550762459972248e+03 1.414889558396641041e+04
1.225269230769230949e-03 0.000000000000000000e+00 1.070642171113709810e+04 2.434783803574653120e+02 1.864431262253438035e+04 7.177687627109607948e-01 6.491550762459972248e+03 1.414889558396641041e+04
1.235230769230769498e-03 0.000000000000000000e+00 1.070642171113709810e+04 2.434783803574653120e+02 1.864431262253438035e+04 7.177687627109607948e-01 6.491550762459972248e+03 1.414889558396641041e+04
1.245192307692307831e-03 0.000000000000000000e+00 1.070642171113709810e+04 2.434783803574653120e+02 1.864431262253438035e+04 7.177687627109607948e-01 6.491550762459972248e+03 1.414889558396641041e+04
1.255153846153846380e-03 0.000000000000000000e+00 1.070642171113709810e+04 2.434783803574653120e+02 1.864431262253438035e+04 7.177687627109607948e-01 6.491550762459972248e+03 1.414889558396641041e+04
1.265115384615384713e-03 0.000000000000000000e+00 1.070642171113709810e+04 2.434783803574653120e+02 1.864431262253438035e+04 7.177687627109607948e-01 6.491550762459972248e+03 1.414889558396641041e+04
1.275076923076923262e-03 0.000000000000000000e+00 1.070642171113709810e+04 2.434783803574653120e+02 1.864431262253438035e+04 7.177687627109607948e-01 6.491550762459972248e+03 1.414889558396641041e+04
1.285038461538461812e-03 0.000000000000000000e+00 1.070642171113709810e+04 2.434783803574653120e+02 1.864431262253438035e+04 7.177687627109607948e-01 6.491550762459972248e+03 1.414889558396641041e+04
1.295000000000000144e-03 0.000000000000000000e+00 1.070642171113709810e+04 2.434783803574653120e+02 1.864431262253438035e+04 7.177687627109607948e-01 6.491550762459972248e+03 1.414889558396641041e+04
1.304961538461538693e-03 0.000000000000000000e+00 1.070642171113709810e+04 2.434783803574653120e+02 1.864431262253438035e+04 7.177687627109607948e-01 6.491550762459972248e+03 1.414889558396641041e+04
1.314923076923077026e-03 0.000000000000000000e+00 1.070642171113709810e+04 2.434783803574653120e+02 1.864431262253438035e+04 7.177687627109607948e-01 6.491550762459972248e+03 1.414889558396641041e+04
1.324884615384615575e-03 0.000000000000000000e+00 1.070642171113709810e+04 2.434783803574653120e+02 1.864431262253438035e+04 7.177687627109607948e-01 6.491550762459972248e+03 1.414889558396641041e+04
1.334846153846154125e-03 0.000000000000000000e+00 1.070642171113709810e+04 2.434783803574653120e+02 1.864431262253438035e+04 7.177687627109607948e-01 6.491550762459972248e+03 1.414889558396641041e+04
1.344807692307692457e-03 0.000000000000000000e+00 1.070642171113709810e+04 2.434783803574653120e+02 1.864431262253438035e+04 7.177687627109607948e-01 6.491550762459972248e+03 1.414889558396641041e+04
1.354769230769231007e-03 0.000000000000000000e+00 1.070642171113709810e+04 2.434783803574653120e+02 1.864431262253438035e+04 7.177687627109607948e-01 6.491550762459972248e+03 1.414889558396641041e+04
1.364730769230769339e-03 0.000000000000000000e+00 1.070642171113709810e+04 2.434783803574653120e+02 1.864431262253438035e+04 7.177687627109607948e-01 6.491550762459972248e+03 1.414889558396641041e+04
1.374692307692307889e-03 0.000000000000000000e+00 1.070642171113709810e+04 2.434783803574653120e+02 1.864431262253438035e+04 7.177687627109607948e-01 6.491550762459972248e+03 1.414889558396641041e+04
1.384653846153846438e-03 0.000000000000000000e+00 1.070642171113709810e+04 2.434783803574653120e+02 1.864431262253438035e+04 7.177687627109607948e-01 6.491550762459972248e+03 1.414889558396641041e+04
1.394615384615384771e-03 0.000000000000000000e+00 1.070642171113709810e+04 2.434783803574653120e+02 1.864431262253438035e+04 7.177687627109607948e-01 6.491550762459972248e+03 1.414889558396641041e+04
1.404576923076923320e-03 0.000000000000000000e+00 1.070642171113709810e+04 2.434783803574653120e+02 1.864431262253438035e+04 7.177687627109607948e-01 6.491550762459972248e+03 1.414889558396641041e+04
1.414538461538461652e-03 0.000000000000000000e+00 1.070642171113709810e+04 2.434783803574653120e+02 1.864431262253438035e+04 7.177687627109607948e-01 6.491550762459972248e+03 1.414889558396641041e+04
1.424500000000000202e-03 0.000000000000000000e+00 1.070642171113709810e+04 2.434783803574653120e+02 1.864431262253438035e+04 7.177687627109607948e-01 6.491550762459972248e+03 1.414889558396641041e+04
1.434461538461538751e-03 0.000000000000000000e+00 1.070642171113709810e+04 2.434783803574653120e+02 1.864431262253438035e+04 7.177687627109607948e-01 6.491550762459972248e+03 1.414889558396641041e+04
1.444423076923077084e-03 0.000000000000000000e+00 1.070642171113709810e+04 2.434783803574653120e+02 1.864431262253438035e+04 7.177687627109607948e-01 6.491550762459972248e+03 1.414889558396641041e+04
1.454384615384615633e-03 0.000000000000000000e+00 1.070642171113709810e+04 2.434783803574653120e+02 1.864431262253438035e+04 7.177687627109607948e-01 6.491550762459972248e+03 1.414889558396641041e+04
1.464346153846153966e-03 0.000000000000000000e+00 1.070642171113709810e+04 2.434783803574653120e+02 1.864431262253438035e+04 7.177687627109607948e-01 6.491550762459972248e+03 1.414889558396641041e+04
1.474307692307692515e-03 0.000000000000000000e+00 1.070642171113709810e+04 2.434783803574653120e+02 1.864431262253438035e+04 7.177687627109607948e-01 6.491550762459972248e+03 1.414889558396641041e+04
1.484269230769231064e-03 0.000000000000000000e+00 1.137912738469401847e+04 3.139458874100027970e+02 2.010070377515602013e+04 9.255053809444477864e-01 0.000000000000000000e+00 1.824386860738219912e+04
1.494230769230769397e-03 0.000000000000000000e+00 1.137912738469401847e+04 3.139458874100027970e+02 2.010070377515602013e+04 9.255053809444477864e-01 0.000000000000000000e+00 1.824386860738219912e+04
1.504192307692307946e-03 0.000000000000000000e+00 1.137912738469401847e+04 3.139458874100027970e+02 2.010070377515602013e+04 9.255053809444477864e-01 0.000000000000000000e+00 1.824386860738219912e+04
1.514153846153846279e-03 0.000000000000000000e+00 1.137912738469401847e+04 3.139458874100027970e+02 2.010070377515602013e+04 9.255053809444477864e-01 0.000000000000000000e+00 1.824386860738219912e+04
1.524115384615384828e-03 0.000000000000000000e+00 1.137912738469401847e+04 3.139458874100027970e+02 2.010070377515602013e+04 9.255053809444477864e-01 0.000000000000000000e+00 1.824386860738219912e+04
1.534076923076923378e-03 0.000000000000000000e+00 1.137912738469401847e+04 3.139458874100027970e+02 2.010070377515602013e+04 9.255053809444477864e-01 0.000000000000000000e+00 1.824386860738219912e+04
1.544038461538461710e-03 0.000000000000000000e+00 1.137912738469401847e+04 3.139458874100027970e+02 2.010070377515602013e+04 9.255053809444477864e-01 0.000000000000000000e+00 1.824386860738219912e+04
1.554000000000000260e-03 0.000000000000000000e+00 1.137912738469401847e+04 3.139458874100027970e+02 2.010070377515602013e+04 9.255053809444477864e-01 0.000000000000000000e+00 1.824386860738219912e+04
1.563961538461538592e-03 0.000000000000000000e+00 1.137912738469401847e+04 3.139458874100027970e+02 2.010070377515602013e+04 9.255053809444477864e-01 0.000000000000000000e+00 1.824386860738219912e+04
1.573923076923077142e-03 0.000000000000000000e+00 1.137912738469401847e+04 3.139458874100027970e+02 2.010070377515602013e+04 9.255053809444477864e-01 0.000000000000000000e+00 1.824386860738219912e+04
1.583884615384615691e-03 0.000000000000000000e+00 1.137912738469401847e+04 3.139458874100027970e+02 2.010070377515602013e+04 9.255053809444477864e-01 0.000000000000000000e+00 1.824386860738219912e+04
1.593846153846154023e-03 0.000000000000000000e+00 1.137912738469401847e+04 3.139458874100027970e+02 2.010070377515602013e+04 9.255053809444477864e-01 0.000000000000000000e+00 1.824386860738219912e+04
1.603807692307692573e-03 0.000000000000000000e+00 1.137912738469401847e+04 3.139458874100027970e+02 2.010070377515602013e+04 9.255053809444477864e-01 0.000000000000000000e+00 1.824386860738219912e+04
1.613769230769230905e-03 0.000000000000000000e+00 1.137912738469401847e+04 3.139458874100027970e+02 2.010070377515602013e+04 9.255053809444477864e-01 0.000000000000000000e+00 1.824386860738219912e+04
1.623730769230769455e-03 0.000000000000000000e+00 1.137912738469401847e+04 3.139458874100027970e+02 2.010070377515602013e+04 9.255053809444477864e-01 0.000000000000000000e+00 1.824386860738219912e+04
1.633692307692308004e-03 0.000000000000000000e+00 1.137912738469401847e+04 3.139458874100027970e+02 2.010070377515602013e+04 9.255053809444477864e-01 0.000000000000000000e+00 1.824386860738219912e+04
1.643653846153846337e-03 0.000000000000000000e+00 1.137912738469401847e+04 3.139458874100027970e+02 2.010070377515602013e+04 9.255053809444477864e-01 0.000000000000000000e+00 1.824386860738219912e+04
1.653615384615384886e-03 0.000000000000000000e+00 1.137912738469401847e+04 3.139458874100027970e+02 2.010070377515602013e+04 9.255053809444477864e-01 0.000000000000000000e+00 1.824386860738219912e+04
1.663576923076923219e-03 0.000000000000000000e+00 1.137912738469401847e+04 3.139458874100027970e+02 2.010070377515602013e+04 9.255053809444477864e-01 0.000000000000000000e+00 1.824386860738219912e+04
1.673538461538461768e-03 0.000000000000000000e+00 1.137912738469401847e+04 3.139458874100027970e+02 2.010070377515602013e+04 9.255053809444477864e-01 0.000000000000000000e+00 1.824386860738219912e+04
1.683500000000000317e-03 0.000000000000000000e+00 1.137912738469401847e+04 3.139458874100027970e+02 2.010070377515602013e+04 9.255053809444477864e-01 0.000000000000000000e+00 1.824386860738219912e+04
1.693461538461538650e-03 0.000000000000000000e+00 1.137912738469401847e+04 3.139458874100027970e+02 2.010070377515602013e+04 9.255053809444477864e-01 0.000000000000000000e+00 1.824386860738219912e+04
1.703423076923077199e-03 0.000000000000000000e+00 1.137912738469401847e+04 3.139458874100027970e+02 2.010070377515602013e+04 9.255053809444477864e-01 0.000000000000000000e+00 1.824386860738219912e+04
1.713384615384615532e-03 0.000000000000000000e+00 1.137912738469401847e+04 3.139458874100027970e+02 2.010070377515602013e+04 9.255053809444477864e-01 0.000000000000000000e+00 1.824386860738219912e+04
1.723346153846154081e-03 0.000000000000000000e+00 1.137912738469401847e+04 3.139458874100027970e+02 2.010070377515602013e+04 9.255053809444477864e-01 0.000000000000000000e+00 1.824386860738219912e+04
1.733307692307692631e-03 0.000000000000000000e+00 1.137912738469401847e+04 3.139458874100027970e+02 2.010070377515602013e+04 9.255053809444477864e-01 0.000000000000000000e+00 1.824386860738219912e+04
1.743269230769230963e-03 0.000000000000000000e+00 1.137912738469401847e+04 3.139458874100027970e+02 2.010070377515602013e+04 9.255053809444477864e-01 0.000000000000000000e+00 1.824386860738219912e+04
1.753230769230769513e-03 0.000000000000000000e+00 1.137912738469401847e+04 3.139458874100027970e+02 2.010070377515602013e+04 9.255053809444477864e-01 0.000000000000000000e+00 1.824386860738219912e+04
1.763192307692307845e-03 0.000000000000000000e+00 1.137912738469401847e+04 3.139458874100027970e+02 2.010070377515602013e+04 9.255053809444477864e-01 0.000000000000000000e+00 1.824386860738219912e+04
1.773153846153846394e-03 0.000000000000000000e+00 1.137912738469401847e+04 3.139458874100027970e+02 2.010070377515602013e+04 9.255053809444477864e-01 0.000000000000000000e+00 1.824386860738219912e+04
1.783115384615384944e-03 0.000000000000000000e+00 1.137912738469401847e+04 3.139458874100027970e+02 2.010070377515602013e+04 9.255053809444477864e-01 0.000000000000000000e+00 1.824386860738219912e+04
1.793076923076923276e-03 0.000000000000000000e+00 1.137912738469401847e+04 3.139458874100027970e+02 2.010070377515602013e+04 9.255053809444477864e-01 0.000000000000000000e+00 1.824386860738219912e+04
1.803038461538461826e-03 0.000000000000000000e+00 1.137912738469401847e+04 3.139458874100027970e+02 2.010070377515602013e+04 9.255053809444477864e-01 0.000000000000000000e+00 1.824386860738219912e+04
1.813000000000000158e-03 0.000000000000000000e+00 1.137912738469401847e+04 3.139458874100027970e+02 2.010070377515602013e+04 9.255053809444477864e-01 0.000000000000000000e+00 1.824386860738219912e+04
1.822961538461538708e-03 0.000000000000000000e+00 1.137912738469401847e+04 3.139458874100027970e+02 2.010070377515602013e+04 9.255053809444477864e-01 0.000000000000000000e+00 1.824386860738219912e+04
1.832923076923077257e-03 0.000000000000000000e+00 1.137912738469401847e+04 3.139458874100027970e+02 2.010070377515602013e+04 9.255053809444477864e-01 0.000000000000000000e+00 1.824386860738219912e+04
1.842884615384615590e-03 0.000000000000000000e+00 1.137912738469401847e+04 3.139458874100027970e+02 2.010070377515602013e+04 9.255053809444477864e-01 0.000000000000000000e+00 1.824386860738219912e+04
1.852846153846154139e-03 0.000000000000000000e+00 1.070642171113709810e+04 2.434783803574653120e+02 1.864431262253438035e+04 7.177687627109607948e-01 6.491550762459972248e+03 1.414889558396641041e+04
1.862807692307692472e-03 0.000000000000000000e+00 1.070642171113709810e+04 2.434783803574653120e+02 1.864431262253438035e+04 7.177687627109607948e-01 6.491550762459972248e+03 1.414889558396641041e+04
1.872769230769231021e-03 0.000000000000000000e+00 1.070642171113709810e+04 2.434783803574653120e+02 1.864431262253438035e+04 7.177687627109607948e-01 6.491550762459972248e+03 1.414889558396641041e+04
1.882730769230769570e-03 0.000000000000000000e+00 1.070642171113709810e+04 2.434783803574653120e+02 1.864431262253438035e+04 7.177687627109607948e-01 6.491550762459972248e+03 1.414889558396641041e+04
1.892692307692307903e-03 0.000000000000000000e+00 1.070642171113709810e+04 2.434783803574653120e+02 1.864431262253438035e+04 7.177687627109607948e-01 6.491550762459972248e+03 1.414889558396641041e+04
1.902653846153846452e-03 0.000000000000000000e+00 1.070642171113709810e+04 2.434783803574653120e+02 1.864431262253438035e+04 7.177687627109607948e-01 6.491550762459972248e+03 1.414889558396641041e+04
1.912615384615385002e-03 0.000000000000000000e+00 1.070642171113709810e+04 2.434783803574653120e+02 1.864431262253438035e+04 7.177687627109607948e-01 6.491550762459972248e+03 1.414889558396641041e+04
1.922576923076923334e-03 0.000000000000000000e+00 1.070642171113709810e+04 2.434783803574653120e+02 1.864431262253438035e+04 7.177687627109607948e-01 6.491550762459972248e+03 1.414889558396641041e+04
1.932538461538461884e-03 0.000000000000000000e+00 1.070642171113709810e+04 2.434783803574653120e+02 1.864431262253438035e+04 7.177687627109607948e-01 6.491550762459972248e+03 1.414889558396641041e+04
1.942500000000000216e-03 0.000000000000000000e+00 1.070642171113709810e+04 2.434783803574653120e+02 1.864431262253438035e+04 7.177687627109607948e-01 6.491550762459972248e+03 1.414889558396641041e+04
1.952461538461538765e-03 0.000000000000000000e+00 1.070642171113709810e+04 2.434783803574653120e+02 1.864431262253438035e+04 7.177687627109607948e-01 6.491550762459972248e+03 1.414889558396641041e+04
1.962423076923077315e-03 0.000000000000000000e+00 1.070642171113709810e+04 2.434783803574653120e+02 1.864431262253438035e+04 7.177687627109607948e-01 6.491550762459972248e+03 1.414889558396641041e+04
1.972384615384615864e-03 0.000000000000000000e+00 1.070642171113709810e+04 2.434783803574653120e+02 1.864431262253438035e+04 7.177687627109607948e-01 6.491550762459972248e+03 1.414889558396641041e+04
1.982346153846153980e-03 0.000000000000000000e+00 1.070642171113709810e+04 2.434783803574653120e+02 1.864431262253438035e+04 7.177687627109607948e-01 6.491550762459972248e+03 1.414889558396641041e+04
1.992307692307692529e-03 0.000000000000000000e+00 1.070642171113709810e+04 2.434783803574653120e+02 1.864431262253438035e+04 7.177687627109607948e-01 6.491550762459972248e+03 1.414889558396641041e+04
2.002269230769231079e-03 0.000000000000000000e+00 1.070642171113709810e+04 2.434783803574653120e+02 1.864431262253438035e+04 7.177687627109607948e-01 6.491550762459972248e+03 1.414889558396641041e+04
2.012230769230769628e-03 0.000000000000000000e+00 1.070642171113709810e+04 2.434783803574653120e+02 1.864431262253438035e+04 7.177687627109607948e-01 6.491550762459972248e+03 1.414889558396641041e+04
2.022192307692308177e-03 0.000000000000000000e+00 1.070642171113709810e+04 2.434783803574653120e+02 1.864431262253438035e+04 7.177687627109607948e-01 6.491550762459972248e+03 1.414889558396641041e+04
2.032153846153846293e-03 0.000000000000000000e+00 1.070642171113709810e+04 2.434783803574653120e+02 1.864431262253438035e+04 7.177687627109607948e-01 6.491550762459972248e+03 1.414889558396641041e+04
2.042115384615384843e-03 0.000000000000000000e+00 1.070642171113709810e+04 2.434783803574653120e+02 1.864431262253438035e+04 7.177687627109607948e-01 6.491550762459972248e+03 1.414889558396641041e+04
2.052076923076923392e-03 0.000000000000000000e+00 1.070642171113709810e+04 2.434783803574653120e+02 1.864431262253438035e+04 7.177687627109607948e-01 6.491550762459972248e+03 1.414889558396641041e+04
2.062038461538461941e-03 0.000000000000000000e+00 1.070642171113709810e+04 2.434783803574653120e+02 1.864431262253438035e+04 7.177687627109607948e-01 6.491550762459972248e+03 1.414889558396641041e+04
2.072000000000000491e-03 0.000000000000000000e+00 1.070642171113709810e+04 2.434783803574653120e+02 1.864431262253438035e+04 7.177687627109607948e-01 6.491550762459972248e+03 1.414889558396641041e+04
2.081961538461538606e-03 0.000000000000000000e+00 1.070642171113709810e+04 2.434783803574653120e+02 1.864431262253438035e+04 7.177687627109607948e-01 6.491550762459972248e+03 1.414889558396641041e+04
2.091923076923077156e-03 0.000000000000000000e+00 1.070642171113709810e+04 2.434783803574653120e+02 1.864431262253438035e+04 7.177687627109607948e-01 6.491550762459972248e+03 1.414889558396641041e+04
2.101884615384615705e-03 0.000000000000000000e+00 1.070642171113709810e+04 2.434783803574653120e+02 1.864431262253438035e+04 7.177687627109607948e-01 6.491550762459972248e+03 1.414889558396641041e+04
2.111846153846154255e-03 0.000000000000000000e+00 1.070642171113709810e+04 2.434783803574653120e+02 1.864431262253438035e+04 7.177687627109607948e-01 6.491550762459972248e+03 1.414889558396641041e+04
2.121807692307692804e-03 0.000000000000000000e+00 1.070642171113709810e+04 2.434783803574653120e+02 1.864431262253438035e+04 7.177687627109607948e-01 6.491550762459972248e+03 1.414889558396641041e+04
2.131769230769230920e-03 0.000000000000000000e+00 1.070642171113709810e+04 2.434783803574653120e+02 1.864431262253438035e+04 7.177687627109607948e-01 6.491550762459972248e+03 1.414889558396641041e+04
2.141730769230769469e-03 0.000000000000000000e+00 1.070642171113709810e+04 2.434783803574653120e+02 1.864431262253438035e+04 7.177687627109607948e-01 6.491550762459972248e+03 1.414889558396641041e+04
2.151692307692308018e-03 0.000000000000000000e+00 1.070642171113709810e+04 2.434783803574653120e+02 1.864431262253438035e+04 7.177687627109607948e-01 6.491550762459972248e+03 1.414889558396641041e+04
2.161653846153846568e-03 0.000000000000000000e+00 1.070642171113709810e+04 2.434783803574653120e+02 1.864431262253438035e+04 7.177687627109607948e-01 6.491550762459972248e+03 1.414889558396641041e+04
2.171615384615385117e-03 0.000000000000000000e+00 1.070642171113709810e+04 2.434783803574653120e+02 1.864431262253438035e+04 7.177687627109607948e-01 6.491550762459972248e+03 1.414889558396641041e+04
2.181576923076923233e-03 0.000000000000000000e+00 1.070642171113709810e+04 2.434783803574653120e+02 1.864431262253438035e+04 7.177687627109607948e-01 6.491550762459972248e+03 1.414889558396641041e+04
2.191538461538461782e-03 0.000000000000000000e+00 1.070642171113709810e+04 2.434783803574653120e+02 1.864431262253438035e+04 7.177687627109607948e-01 6.491550762459972248e+03 1.414889558396641041e+04
2.201500000000000332e-03 0.000000000000000000e+00 1.070642171113709810e+04 2.434783803574653120e+02 1.864431262253438035e+04 7.177687627109607948e-01 6.491550762459972248e+03 1.414889558396641041e+04
2.211461538461538881e-03 0.000000000000000000e+00 1.070642171113709810e+04 2.434783803574653120e+02 1.864431262253438035e+04 7.177687627109607948e-01 6.491550762459972248e+03 1.414889558396641041e+04
2.221423076923077430e-03 0.000000000000000000e+00 1.137912738469401847e+04 3.139458874100027970e+02 2.010070377515602013e+04 9.255053809444477864e-01 0.000000000000000000e+00 1.824386860738219912e+04
2.231384615384615546e-03 0.000000000000000000e+00 1.137912738469401847e+04 3.139458874100027970e+02 2.010070377515602013e+04 9.255053809444477864e-01 0.000000000000000000e+00 1.824386860738219912e+04
2.241346153846154095e-03 0.000000000000000000e+00 1.137912738469401847e+04 3.139458874100027970e+02 2.010070377515602013e+04 9.255053809444477864e-01 0.000000000000000000e+00 1.824386860738219912e+04
2.251307692307692645e-03 0.000000000000000000e+00 1.137912738469401847e+04 3.139458874100027970e+02 2.010070377515602013e+04 9.255053809444477864e-01 0.000000000000000000e+00 1.824386860738219912e+04
2.261269230769231194e-03 0.000000000000000000e+00 1.137912738469401847e+04 3.139458874100027970e+02 2.010070377515602013e+04 9.255053809444477864e-01 0.000000000000000000e+00 1.824386860738219912e+04
2.271230769230769744e-03 0.000000000000000000e+00 1.137912738469401847e+04 3.139458874100027970e+02 2.010070377515602013e+04 9.255053809444477864e-01 0.000000000000000000e+00 1.824386860738219912e+04
2.281192307692307859e-03 0.000000000000000000e+00 1.137912738469401847e+04 3.139458874100027970e+02 2.010070377515602013e+04 9.255053809444477864e-01 0.000000000000000000e+00 1.824386860738219912e+04
2.291153846153846409e-03 0.000000000000000000e+00 1.137912738469401847e+04 3.139458874100027970e+02 2.010070377515602013e+04 9.255053809444477864e-01 0.000000000000000000e+00 1.824386860738219912e+04
2.301115384615384958e-03 0.000000000000000000e+00 1.137912738469401847e+04 3.139458874100027970e+02 2.010070377515602013e+04 9.255053809444477864e-01 0.000000000000000000e+00 1.824386860738219912e+04
2.311076923076923507e-03 0.000000000000000000e+00 1.137912738469401847e+04 3.139458874100027970e+02 2.010070377515602013e+04 9.255053809444477864e-01 0.000000000000000000e+00 1.824386860738219912e+04
2.321038461538462057e-03 0.000000000000000000e+00 1.137912738469401847e+04 3.139458874100027970e+02 2.010070377515602013e+04 9.255053809444477864e-01 0.000000000000000000e+00 1.824386860738219912e+04
2.331000000000000173e-03 0.000000000000000000e+00 1.137912738469401847e+04 3.139458874100027970e+02 2.010070377515602013e+04 9.255053809444477864e-01 0.000000000000000000e+00 1.824386860738219912e+04
2.340961538461538722e-03 0.000000000000000000e+00 1.137912738469401847e+04 3.139458874100027970e+02 2.010070377515602013e+04 9.255053809444477864e-01 0.000000000000000000e+00 1.824386860738219912e+04
2.350923076923077271e-03 0.000000000000000000e+00 1.137912738469401847e+04 3.139458874100027970e+02 2.010070377515602013e+04 9.255053809444477864e-01 0.000000000000000000e+00 1.824386860738219912e+04
2.360884615384615821e-03 0.000000000000000000e+00 1.137912738469401847e+04 3.139458874100027970e+02 2.010070377515602013e+04 9.255053809444477864e-01 0.000000000000000000e+00 1.824386860738219912e+04
2.370846153846154370e-03 0.000000000000000000e+00 1.137912738469401847e+04 3.139458874100027970e+02 2.010070377515602013e+04 9.255053809444477864e-01 0.000000000000000000e+00 1.824386860738219912e+04
2.380807692307692486e-03 0.000000000000000000e+00 1.137912738469401847e+04 3.139458874100027970e+02 2.010070377515602013e+04 9.255053809444477864e-01 0.000000000000000000e+00 1.824386860738219912e+04
2.390769230769231035e-03 0.000000000000000000e+00 1.137912738469401847e+04 3.139458874100027970e+02 2.010070377515602013e+04 9.255053809444477864e-01 0.000000000000000000e+00 1.824386860738219912e+04
2.400730769230769585e-03 0.000000000000000000e+00 1.137912738469401847e+04 3.139458874100027970e+02 2.010070377515602013e+04 9.255053809444477864e-01 0.000000000000000000e+00 1.824386860738219912e+04
2.410692307692308134e-03 0.000000000000000000e+00 1.137912738469401847e+04 3.139458874100027970e+02 2.010070377515602013e+04 9.255053809444477864e-01 0.000000000000000000e+00 1.824386860738219912e+04
2.420653846153846683e-03 0.000000000000000000e+00 1.137912738469401847e+04 3.139458874100027970e+02 2.010070377515602013e+04 9.255053809444477864e-01 0.000000000000000000e+00 1.824386860738219912e+04
2.430615384615384799e-03 0.000000000000000000e+00 1.137912738469401847e+04 3.139458874100027970e+02 2.010070377515602013e+04 9.255053809444477864e-01 0.000000000000000000e+00 1.824386860738219912e+04
2.440576923076923348e-03 0.000000000000000000e+00 1.137912738469401847e+04 3.139458874100027970e+02 2.010070377515602013e+04 9.255053809444477864e-01 0.000000000000000000e+00 1.824386860738219912e+04
2.450538461538461898e-03 0.000000000000000000e+00 1.137912738469401847e+04 3.139458874100027970e+02 2.010070377515602013e+04 9.255053809444477864e-01 0.000000000000000000e+00 1.824386860738219912e+04
2.460500000000000447e-03 0.000000000000000000e+00 1.137912738469401847e+04 3.139458874100027970e+02 2.010070377515602013e+04 9.255053809444477864e-01 0.000000000000000000e+00 1.824386860738219912e+04
2.470461538461538997e-03 0.000000000000000000e+00 1.137912738469401847e+04 3.139458874100027970e+02 2.010070377515602013e+04 9.255053809444477864e-01 0.000000000000000000e+00 1.824386860738219912e+04
2.480423076923077112e-03 0.000000000000000000e+00 1.137912738469401847e+04 3.139458874100027970e+02 2.010070377515602013e+04 9.255053809444477864e-01 0.000000000000000000e+00 1.824386860738219912e+04
2.490384615384615662e-03 0.000000000000000000e+00 1.137912738469401847e+04 3.139458874100027970e+02 2.010070377515602013e+04 9.255053809444477864e-01 0.000000000000000000e+00 1.824386860738219912e+04
2.500346153846154211e-03 0.000000000000000000e+00 1.137912738469401847e+04 3.139458874100027970e+02 2.010070377515602013e+04 9.255053809444477864e-01 0.000000000000000000e+00 1.824386860738219912e+04
2.510307692307692760e-03 0.000000000000000000e+00 1.137912738469401847e+04 3.139458874100027970e+02 2.010070377515602013e+04 9.255053809444477864e-01 0.000000000000000000e+00 1.824386860738219912e+04
2.520269230769231310e-03 0.000000000000000000e+00 1.137912738469401847e+04 3.139458874100027970e+02 2.010070377515602013e+04 9.255053809444477864e-01 0.000000000000000000e+00 1.824386860738219912e+04
2.530230769230769425e-03 0.000000000000000000e+00 1.137912738469401847e+04 3.139458874100027970e+02 2.010070377515602013e+04 9.255053809444477864e-01 0.000000000000000000e+00 1.824386860738219912e+04
2.540192307692307975e-03 0.000000000000000000e+00 1.137912738469401847e+04 3.139458874100027970e+02 2.010070377515602013e+04 9.255053809444477864e-01 0.000000000000000000e+00 1.824386860738219912e+04
2.550153846153846524e-03 0.000000000000000000e+00 1.137912738469401847e+04 3.139458874100027970e+02 2.010070377515602013e+04 9.255053809444477864e-01 0.000000000000000000e+00 1.824386860738219912e+04
2.560115384615385074e-03 0.000000000000000000e+00 1.137912738469401847e+04 3.139458874100027970e+02 2.010070377515602013e+04 9.255053809444477864e-01 0.000000000000000000e+00 1.824386860738219912e+04
2.570076923076923623e-03 0.000000000000000000e+00 1.137912738469401847e+04 3.139458874100027970e+02 2.010070377515602013e+04 9.255053809444477864e-01 0.000000000000000000e+00 1.824386860738219912e+04
2.580038461538461739e-03 0.000000000000000000e+00 0.000000000000000000e+00 0.000000000000000000e+00 0.000000000000000000e+00 0.000000000000000000e+00 0.000000000000000000e+00 0.000000000000000000e+00
