0.000000000000000000e+00 1.000000000000000000e+00 6.000000000000000000e+00 7.000000000000000000e+00 8.000000000000000000e+00 1.400000000000000000e+01 2.600000000000000000e+01 2.900000000000000000e+01
0.000000000000000000e+00 0.000000000000000000e+00 8.446651480667711667e+02 5.407322256191485772e-12 4.780361556788260486e+02 9.525502750961031779e+03 0.000000000000000000e+00 0.000000000000000000e+00
1.386138613861386286e-04 0.000000000000000000e+00 8.446651480667711667e+02 5.407322256191485772e-12 4.780361556788260486e+02 9.525502750961031779e+03 0.000000000000000000e+00 0.000000000000000000e+00
2.772277227722772571e-04 0.000000000000000000e+00 8.446651480667711667e+02 5.407322256191485772e-12 4.780361556788260486e+02 9.525502750961031779e+03 0.000000000000000000e+00 0.000000000000000000e+00
4.158415841584158857e-04 0.000000000000000000e+00 8.446651480667711667e+02 5.407322256191485772e-12 4.780361556788260486e+02 9.525502750961031779e+03 0.000000000000000000e+00 0.000000000000000000e+00
5.544554455445545142e-04 0.000000000000000000e+00 8.446651480667711667e+02 5.407323898050014052e-12 4.780361556788260486e+02 9.523701419324814196e+03 0.000000000000000000e+00 0.000000000000000000e+00
6.930693069306931428e-04 0.000000000000000000e+00 8.446642315389892701e+02 5.407384460445604132e-12 4.780361556863671808e+02 9.503056238608813146e+03 0.000000000000000000e+00 0.000000000000000000e+00
8.316831683168317713e-04 0.000000000000000000e+00 8.446509766466610927e+02 5.408233368912969519e-12 4.780361558961831179e+02 9.443326449366726592e+03 0.000000000000000000e+00 0.000000000000000000e+00
9.702970297029703999e-04 0.000000000000000000e+00 8.445843737424077062e+02 5.418125227264710786e-12 4.780361584803683286e+02 9.322778943471306775e+03 0.000000000000000000e+00 0.000000000000000000e+00
1.108910891089109028e-03 0.000000000000000000e+00 8.443412814119901668e+02 5.520102301108814599e-12 4.780361842180235499e+02 9.115097182726172832e+03 0.000000000000000000e+00 0.000000000000000000e+00
1.247524752475247765e-03 0.000000000000000000e+00 8.435764491528044573e+02 6.386701704340895231e-12 4.780364218786108381e+02 8.786824237712940885e+03 0.000000000000000000e+00 0.000000000000000000e+00
1.386138613861386286e-03 0.000000000000000000e+00 8.413505125903566295e+02 9.290710584803385990e-12 4.780386018936375763e+02 8.342098266900193266e+03 0.000000000000000000e+00 0.000000000000000000e+00
1.524752475247524806e-03 0.000000000000000000e+00 8.353462791041587252e+02 1.600504335771876293e-11 4.780590456976833025e+02 7.797966805183082215e+03 0.000000000000000000e+00 0.000000000000000000e+00
1.663366336633663543e-03 0.000000000000000000e+00 8.193765273721392077e+02 3.085486702040994537e-11 4.782622769642637195e+02 7.148758694435991856e+03 0.000000000000000000e+00 0.000000000000000000e+00
1.801980198019802280e-03 0.000000000000000000e+00 7.749307887186666903e+02 6.475180364858432733e-11 4.805092756189201850e+02 6.366614933604400903e+03 0.000000000000000000e+00 0.000000000000000000e+00
1.940594059405940800e-03 0.000000000000000000e+00 6.648501453171489857e+02 1.480302170372136093e-10 4.962397730079805456e+02 5.404850625668854263e+03 0.000000000000000000e+00 0.000000000000000000e+00
2.079207920792079320e-03 0.000000000000000000e+00 4.257995300699617474e+02 1.321814709229418498e-10 4.170051739249868774e+02 3.846045468930483366e+03 1.769711677356650398e+03 0.000000000000000000e+00
2.217821782178218057e-03 0.000000000000000000e+00 4.257995300699617474e+02 1.321814709229418498e-10 4.170051739249868774e+02 3.846045468930483366e+03 1.769711677356650398e+03 0.000000000000000000e+00
2.356435643564356794e-03 0.000000000000000000e+00 4.257995300699617474e+02 1.321814709229418498e-10 4.170051739249868774e+02 3.846045468930483366e+03 1.769711677356650398e+03 0.000000000000000000e+00
2.495049504950495531e-03 0.000000000000000000e+00 4.257995300699617474e+02 1.321814679120836743e-10 4.170051739249868774e+02 3.846061205618776057e+03 1.769711677356650398e+03 0.000000000000000000e+00
2.633663366336633834e-03 0.000000000000000000e+00 4.257995304712448501e+02 1.321807812805396048e-10 4.170051739240196298e+02 3.848242869614129177e+03 1.769711677097002394e+03 0.000000000000000000e+00
2.772277227722772571e-03 0.000000000000000000e+00 4.257995979319628645e+02 1.321719753717190218e-10 4.170051737573765536e+02 3.857736459653846396e+03 1.769711637276434885e+03 0.000000000000000000e+00
2.910891089108911308e-03 0.000000000000000000e+00 4.258002345329435343e+02 1.320909487548894319e-10 4.170051715476150207e+02 3.880424554140182863e+03 1.769711270484453053e+03 0.000000000000000000e+00
3.049504950495049611e-03 0.000000000000000000e+00 4.258039071452857343e+02 1.314310231804841224e-10 4.170051517719994081e+02 3.924281511059919012e+03 1.769709156809492242e+03 0.000000000000000000e+00
3.188118811881188348e-03 0.000000000000000000e+00 4.258214075622412338e+02 1.266360173776035130e-10 4.170049955683039116e+02 4.000667739936365706e+03 1.769698935853470402e+03 0.000000000000000000e+00
3.326732673267327085e-03 0.000000000000000000e+00 4.258983368171026314e+02 1.104612563060555345e-10 4.170037961094582215e+02 4.120336409676498079e+03 1.769652824003702108e+03 0.000000000000000000e+00
3.465346534653465822e-03 0.000000000000000000e+00 4.262202563697697428e+02 9.017953308874561093e-11 4.169945969689962908e+02 4.283947476401327549e+03 1.769454424642658523e+03 0.000000000000000000e+00
3.603960396039604559e-03 0.000000000000000000e+00 4.275552172291932607e+02 6.878389615592867080e-11 4.169212904378182429e+02 4.498880805957345729e+03 1.768603761461395379e+03 0.000000000000000000e+00
3.742574257425742863e-03 0.000000000000000000e+00 4.333123882360730477e+02 4.699355419955090618e-11 4.162925014467539881e+02 4.781499142154189030e+03 1.764790324397013137e+03 0.000000000000000000e+00
3.881188118811881600e-03 0.000000000000000000e+00 4.606398565429709606e+02 2.414099357483953277e-11 4.102967393647676317e+02 5.168890151138428337e+03 1.745985335923814773e+03 0.000000000000000000e+00
4.019801980198019903e-03 0.000000000000000000e+00 6.500659338028071943e+02 1.077368133186919069e-11 4.518170634375896952e+02 6.519732045185119205e+03 0.000000000000000000e+00 3.168843132014681487e+03
4.158415841584158640e-03 0.000000000000000000e+00 6.500659338028071943e+02 1.077368133186919069e-11 4.518170634375896952e+02 6.519732045185119205e+03 0.000000000000000000e+00 3.168843132014681487e+03
4.297029702970297377e-03 0.000000000000000000e+00 6.500659338028071943e+02 1.077368133186919069e-11 4.518170634375896952e+02 6.519732045185119205e+03 0.000000000000000000e+00 3.168843132014681487e+03
4.435643564356436114e-03 0.000000000000000000e+00 6.500659338028071943e+02 1.077368133186919069e-11 4.518170634375896952e+02 6.519732045185119205e+03 0.000000000000000000e+00 3.168843132014681487e+03
4.574257425742574851e-03 0.000000000000000000e+00 6.500659338028071943e+02 1.077367955971627344e-11 4.518170634375896952e+02 6.520600562249964241e+03 0.000000000000000000e+00 3.168843132014681487e+03
4.712871287128713588e-03 0.000000000000000000e+00 6.500660747044520349e+02 1.077363705244666579e-11 4.518170634342164362e+02 6.527868237766742823e+03 0.000000000000000000e+00 3.168843048825360711e+03
4.851485148514852325e-03 0.000000000000000000e+00 6.500679347728500943e+02 1.077312728732854562e-11 4.518170633627760822e+02 6.548121609627203725e+03 0.000000000000000000e+00 3.168842098911346966e+03
4.990099009900991062e-03 0.000000000000000000e+00 6.500784562994972475e+02 1.076776015543883030e-11 4.518170625572461745e+02 6.589675229904893058e+03 0.000000000000000000e+00 3.168837537556128154e+03
5.128712871287128931e-03 0.000000000000000000e+00 6.501227631330339136e+02 1.071789800326867796e-11 4.518170550091435871e+02 6.663428162364410127e+03 0.000000000000000000e+00 3.168821296438511581e+03
5.267326732673267668e-03 0.000000000000000000e+00 6.502862230081680082e+02 1.039002675790472054e-11 4.518169879243133664e+02 6.783759155693509456e+03 0.000000000000000000e+00 3.168770681160763615e+03
5.405940594059406405e-03 0.000000000000000000e+00 6.508459325834138554e+02 9.739404295711364518e-12 4.518163923188565718e+02 6.953876497186352026e+03 0.000000000000000000e+00 3.168625254353762102e+03
5.544554455445545142e-03 0.000000000000000000e+00 6.526622264839610352e+02 8.879710045271105337e-12 4.518109567799748447e+02 7.177186405290048242e+03 0.000000000000000000e+00 3.168234570768205231e+03
5.683168316831683879e-03 0.000000000000000000e+00 6.585447520976821352e+02 7.829688177167082836e-12 4.517580041442567449e+02 7.466291986342181190e+03 0.000000000000000000e+00 3.167190179825298401e+03
5.821782178217822616e-03 0.000000000000000000e+00 6.786985059299679506e+02 6.558506855371530245e-12 4.511791532849238706e+02 7.849074508771846013e+03 0.000000000000000000e+00 3.164224043538768456e+03
5.960396039603961353e-03 0.000000000000000000e+00 7.305639479962540008e+02 4.957930944620331732e-12 4.482872558079594683e+02 8.336277745664257964e+03 0.000000000000000000e+00 3.157587356405750143e+03
6.099009900990099223e-03 0.000000000000000000e+00 8.446651480667711667e+02 5.407322256191485772e-12 4.780361556788260486e+02 9.525502750961031779e+03 0.000000000000000000e+00 0.000000000000000000e+00
6.237623762376237960e-03 0.000000000000000000e+00 8.446651480667711667e+02 5.407322256191485772e-12 4.780361556788260486e+02 9.525502750961031779e+03 0.000000000000000000e+00 0.000000000000000000e+00
6.376237623762376697e-03 0.000000000000000000e+00 8.446651480667711667e+02 5.407322256191485772e-12 4.780361556788260486e+02 9.525502750961031779e+03 0.000000000000000000e+00 0.000000000000000000e+00
6.514851485148515434e-03 0.000000000000000000e+00 8.446651480667711667e+02 5.407322510058206313e-12 4.780361556788260486e+02 9.525150978574934925e+03 0.000000000000000000e+00 0.000000000000000000e+00
6.653465346534654171e-03 0.000000000000000000e+00 8.446649702237281190e+02 5.407348250981020632e-12 4.780361556801341294e+02 9.512131081865416490e+03 0.000000000000000000e+00 0.000000000000000000e+00
6.792079207920792908e-03 0.000000000000000000e+00 8.446576986067042299e+02 5.407759432200274869e-12 4.780361557686704828e+02 9.465501861396367531e+03 0.000000000000000000e+00 0.000000000000000000e+00
6.930693069306931645e-03 0.000000000000000000e+00 8.446139038277596001e+02 5.412712414116150615e-12 4.780361570436776901e+02 9.364898180744838101e+03 0.000000000000000000e+00 0.000000000000000000e+00
7.069306930693070382e-03 0.000000000000000000e+00 8.444432278944625523e+02 5.465277166289746849e-12 4.780361702582615635e+02 9.185362430837758438e+03 0.000000000000000000e+00 0.000000000000000000e+00
7.207920792079209119e-03 0.000000000000000000e+00 8.438880679472470092e+02 5.968800626117374524e-12 4.780362940050048337e+02 8.894367793702509516e+03 0.000000000000000000e+00 0.000000000000000000e+00
7.346534653465346988e-03 0.000000000000000000e+00 8.422348221616564388e+02 8.182647695419690478e-12 4.780374304953065234e+02 8.479458690286859564e+03 0.000000000000000000e+00 0.000000000000000000e+00
7.485148514851485725e-03 0.000000000000000000e+00 8.377032675581299372e+02 1.351671046668700846e-11 4.780479520411792578e+02 7.963738125234614017e+03 0.000000000000000000e+00 0.000000000000000000e+00
7.623762376237624462e-03 0.000000000000000000e+00 8.256925604116108843e+02 2.535142318979602523e-11 4.781500121508260008e+02 7.349151970288579832e+03 0.000000000000000000e+00 0.000000000000000000e+00
7.762376237623763199e-03 0.000000000000000000e+00 7.929541262598040703e+02 5.191272675734650486e-11 4.792278273887458226e+02 6.623544904339779350e+03 0.000000000000000000e+00 0.000000000000000000e+00
7.900990099009901069e-03 0.000000000000000000e+00 6.987424339779993261e+02 1.172944672829749622e-10 4.906664512548654216e+02 5.739899178703486541e+03 0.000000000000000000e+00 0.000000000000000000e+00
8.039603960396039806e-03 0.000000000000000000e+00 4.258034104629529111e+02 1.315389597593021123e-10 4.170051548684116938e+02 3.920206052011985776e+03 1.769709443103541844e+03 0.000000000000000000e+00
8.178217821782178543e-03 0.000000000000000000e+00 4.258191620359010585e+02 1.273821737064950237e-10 4.170050190561923387e+02 3.993795284301284937e+03 1.769700248017019248e+03 0.000000000000000000e+00
8.316831683168317280e-03 0.000000000000000000e+00 4.258885753587993577e+02 1.118361264632776479e-10 4.170039780947889767e+02 4.110305144181565083e+03 1.769658704145706452e+03 0.000000000000000000e+00
8.455445544554456017e-03 0.000000000000000000e+00 4.261798317116128487e+02 9.167829081844156118e-11 4.169960000173952039e+02 4.270631641742257671e+03 1.769479486791587760e+03 0.000000000000000000e+00
8.594059405940594754e-03 0.000000000000000000e+00 4.273865118195726609e+02 7.032453860834781501e-11 4.169326683508774067e+02 4.482532782491613943e+03 1.768712094850331823e+03 0.000000000000000000e+00
8.732673267326733491e-03 0.000000000000000000e+00 4.325716257401858229e+02 4.848351291221873611e-11 4.163918786519755599e+02 4.766491227148469989e+03 1.765283719036057846e+03 0.000000000000000000e+00
8.871287128712872228e-03 0.000000000000000000e+00 4.571772286578427611e+02 2.553912655543806112e-11 4.111645297273676647e+02 5.164048772191739772e+03 1.748332986816308448e+03 0.000000000000000000e+00
9.009900990099010964e-03 0.000000000000000000e+00 6.500817160292056087e+02 1.076549467440199514e-11 4.518170622164759038e+02 6.597894276256814010e+03 0.000000000000000000e+00 3.168836228724230295e+03
9.148514851485149701e-03 0.000000000000000000e+00 6.501353838980995761e+02 1.069785978296916514e-11 4.518170519477023959e+02 6.677425076152341717e+03 0.000000000000000000e+00 3.168817025143462160e+03
9.287128712871288438e-03 0.000000000000000000e+00 6.503314210650108862e+02 1.031156934321646374e-11 4.518169604747226913e+02 6.804987897684402014e+03 0.000000000000000000e+00 3.168757762762259063e+03
9.425742574257427175e-03 0.000000000000000000e+00 6.509951710024191698e+02 9.628107132174599726e-12 4.518161485959549850e+02 6.982250835406089209e+03 0.000000000000000000e+00 3.168589801449621064e+03
9.564356435643565912e-03 0.000000000000000000e+00 6.531417248135136333e+02 8.739033034013427164e-12 4.518086860946467027e+02 7.211919653136571469e+03 0.000000000000000000e+00 3.168140609635587225e+03
9.702970297029704649e-03 0.000000000000000000e+00 6.601200136759324550e+02 7.656438087119951045e-12 4.517352193921689718e+02 7.492548032200010311e+03 0.000000000000000000e+00 3.166930699658355934e+03
9.841584158415843386e-03 0.000000000000000000e+00 6.843607153415778157e+02 6.347625918644134565e-12 4.509173517262639166e+02 7.836466019938914542e+03 0.000000000000000000e+00 3.163404853492319489e+03
9.980198019801982123e-03 0.000000000000000000e+00 7.370910755575565645e+02 4.825443379295088493e-12 4.479222789297983240e+02 8.192733743542396041e+03 0.000000000000000000e+00 3.156458430466491791e+03
1.011881188118811913e-02 0.000000000000000000e+00 8.443107922900084077e+02 5.540837169963024651e-12 4.780361892058887179e+02 9.099195477212306287e+03 0.000000000000000000e+00 0.000000000000000000e+00
1.025742574257425786e-02 0.000000000000000000e+00 8.434813673696205569e+02 6.514681978643788147e-12 4.780364689937694607e+02 8.777680298979199506e+03 0.000000000000000000e+00 0.000000000000000000e+00
1.039603960396039660e-02 0.000000000000000000e+00 8.410913102155166143e+02 9.597130754939723043e-12 4.780390316613361961e+02 8.361785954857286924e+03 0.000000000000000000e+00 0.000000000000000000e+00
1.053465346534653534e-02 0.000000000000000000e+00 8.346676920887387041e+02 1.653094762377677456e-11 4.780631172951864869e+02 7.875599202964201140e+03 0.000000000000000000e+00 0.000000000000000000e+00
1.067326732673267407e-02 0.000000000000000000e+00 8.175612523563536342e+02 3.026863628480195256e-11 4.783040784467902995e+02 7.326678998136098926e+03 0.000000000000000000e+00 0.000000000000000000e+00
1.081188118811881281e-02 0.000000000000000000e+00 7.696443754102677985e+02 5.245925826971390046e-11 4.809971194514014314e+02 6.696469705140117185e+03 0.000000000000000000e+00 0.000000000000000000e+00
1.095049504950495155e-02 0.000000000000000000e+00 6.580496816396694157e+02 1.008860056682463245e-10 4.973848862184268000e+02 5.965609602404816542e+03 0.000000000000000000e+00 0.000000000000000000e+00
1.108910891089109028e-02 0.000000000000000000e+00 4.273235581331015283e+02 7.100943042082543808e-11 4.169375999871376166e+02 4.562594803329294336e+03 1.768760023245221873e+03 0.000000000000000000e+00
1.122772277227722902e-02 0.000000000000000000e+00 4.323050717831374072e+02 4.883298710197216322e-11 4.164354036198008089e+02 4.924242060848546316e+03 1.765502911377203873e+03 0.000000000000000000e+00
1.136633663366336776e-02 0.000000000000000000e+00 4.558744831748692263e+02 2.544813280423061659e-11 4.115757359606517412e+02 5.435520387281563671e+03 1.749426616250730831e+03 0.000000000000000000e+00
1.150495049504950650e-02 0.000000000000000000e+00 6.519114142103387621e+02 9.143261257659105078e-12 4.518138756968526764e+02 7.107519469163760732e+03 0.000000000000000000e+00 3.168387677713789799e+03
1.164356435643564523e-02 0.000000000000000000e+00 6.560939644925178982e+02 8.146131366836308290e-12 4.517869636939137763e+02 7.375950808459100699e+03 0.000000000000000000e+00 3.167603252899639301e+03
1.178217821782178397e-02 0.000000000000000000e+00 6.700624401984138103e+02 6.936031810024720701e-12 4.515059799912765470e+02 7.727565868268545273e+03 0.000000000000000000e+00 3.165435755625488582e+03
1.192079207920792271e-02 0.000000000000000000e+00 7.162344414816897142e+02 5.442038859020369285e-12 4.491082418944834558e+02 8.205742865832004100e+03 0.000000000000000000e+00 3.159403529525640351e+03
1.205940594059406144e-02 0.000000000000000000e+00 8.446651480667711667e+02 5.407322256191485772e-12 4.780361556788260486e+02 9.525502750961031779e+03 0.000000000000000000e+00 0.000000000000000000e+00
1.219801980198019845e-02 0.000000000000000000e+00 8.446651480667711667e+02 5.407322256191485772e-12 4.780361556788260486e+02 9.525502750961031779e+03 0.000000000000000000e+00 0.000000000000000000e+00
1.233663366336633718e-02 0.000000000000000000e+00 8.446651480667711667e+02 5.407322256191485772e-12 4.780361556788260486e+02 9.525502750961031779e+03 0.000000000000000000e+00 0.000000000000000000e+00
1.247524752475247592e-02 0.000000000000000000e+00 8.446651480667711667e+02 5.407322256191485772e-12 4.780361556788260486e+02 9.525502750961031779e+03 0.000000000000000000e+00 0.000000000000000000e+00
1.261386138613861466e-02 0.000000000000000000e+00 8.446651480667711667e+02 5.407322256191485772e-12 4.780361556788260486e+02 9.525502750961031779e+03 0.000000000000000000e+00 0.000000000000000000e+00
1.275247524752475339e-02 0.000000000000000000e+00 8.446651480667711667e+02 5.407322256191485772e-12 4.780361556788260486e+02 9.525502750961031779e+03 0.000000000000000000e+00 0.000000000000000000e+00
1.289108910891089213e-02 0.000000000000000000e+00 8.446651480667711667e+02 5.407322256191485772e-12 4.780361556788260486e+02 9.525502750961031779e+03 0.000000000000000000e+00 0.000000000000000000e+00
1.302970297029703087e-02 0.000000000000000000e+00 8.446651480667711667e+02 5.407322256191485772e-12 4.780361556788260486e+02 9.525502750961031779e+03 0.000000000000000000e+00 0.000000000000000000e+00
1.316831683168316960e-02 0.000000000000000000e+00 8.446651480667711667e+02 5.407322256191486580e-12 4.780361556788260486e+02 9.525502750961031779e+03 0.000000000000000000e+00 0.000000000000000000e+00
1.330693069306930834e-02 0.000000000000000000e+00 8.446651480667711667e+02 5.407322256191487388e-12 4.780361556788260486e+02 9.525502750961031779e+03 0.000000000000000000e+00 0.000000000000000000e+00
1.344554455445544708e-02 0.000000000000000000e+00 8.446651480667711667e+02 5.407322256191484964e-12 4.780361556788260486e+02 9.525502750961031779e+03 0.000000000000000000e+00 0.000000000000000000e+00
1.358415841584158582e-02 0.000000000000000000e+00 8.446651480667711667e+02 5.407322256191488195e-12 4.780361556788260486e+02 9.525502750961031779e+03 0.000000000000000000e+00 0.000000000000000000e+00
1.372277227722772455e-02 0.000000000000000000e+00 8.446651480667711667e+02 5.407322256191487388e-12 4.780361556788260486e+02 9.525502750961031779e+03 0.000000000000000000e+00 0.000000000000000000e+00
1.386138613861386329e-02 0.000000000000000000e+00 0.000000000000000000e+00 0.000000000000000000e+00 0.000000000000000000e+00 0.000000000000000000e+00 0.000000000000000000e+00 0.000000000000000000e+00
