0.000000000000000000e+00 1.000000000000000000e+00 6.000000000000000000e+00 7.000000000000000000e+00 8.000000000000000000e+00 1.400000000000000000e+01 2.600000000000000000e+01 2.900000000000000000e+01
0.000000000000000000e+00 0.000000000000000000e+00 8.446651480667711667e+02 5.407322256191485772e-12 4.780361556788260486e+02 9.525502750961031779e+03 0.000000000000000000e+00 0.000000000000000000e+00
1.386138613861386286e-04 0.000000000000000000e+00 8.446651480667711667e+02 5.407322256191485772e-12 4.780361556788260486e+02 9.525502750961031779e+03 0.000000000000000000e+00 0.000000000000000000e+00
2.772277227722772571e-04 0.000000000000000000e+00 8.446651480667711667e+02 5.407322256191485772e-12 4.780361556788260486e+02 9.525502750961031779e+03 0.000000000000000000e+00 0.000000000000000000e+00
4.158415841584158857e-04 0.000000000000000000e+00 8.446651480667711667e+02 5.407322256191485772e-12 4.780361556788260486e+02 9.525502750961031779e+03 0.000000000000000000e+00 0.000000000000000000e+00
5.544554455445545142e-04 0.000000000000000000e+00 8.446651480667711667e+02 5.407322256191485772e-12 4.780361556788260486e+02 9.525502750961031779e+03 0.000000000000000000e+00 0.000000000000000000e+00
6.930693069306931428e-04 0.000000000000000000e+00 8.446642315389892701e+02 5.407325453036144973e-12 4.780361556863671808e+02 9.522484683534941723e+03 0.000000000000000000e+00 0.000000000000000000e+00
8.316831683168317713e-04 0.000000000000000000e+00 8.446509766466610927e+02 5.407436072402549868e-12 4.780361558961831179e+02 9.495230523096735851e+03 0.000000000000000000e+00 0.000000000000000000e+00
9.702970297029703999e-04 0.000000000000000000e+00 8.445843737424077062e+02 5.409262807717536869e-12 4.780361584803683286e+02 9.419283204797322469e+03 0.000000000000000000e+00 0.000000000000000000e+00
1.108910891089109028e-03 0.000000000000000000e+00 8.443412814119901668e+02 5.434045739073548564e-12 4.780361842180235499e+02 9.267772308683837764e+03 0.000000000000000000e+00 0.000000000000000000e+00
1.247524752475247765e-03 0.000000000000000000e+00 8.435764491528044573e+02 5.731874594301762505e-12 4.780364218786108381e+02 9.004515284453864297e+03 0.000000000000000000e+00 0.000000000000000000e+00
1.386138613861386286e-03 0.000000000000000000e+00 8.413505125903566295e+02 7.536773389469397022e-12 4.780386018936375763e+02 8.602193646729385364e+03 0.000000000000000000e+00 0.000000000000000000e+00
1.524752475247524806e-03 0.000000000000000000e+00 8.353462791041587252e+02 1.221085923747556051e-11 4.780590456976833025e+02 8.083945844647218109e+03 0.000000000000000000e+00 0.000000000000000000e+00
1.663366336633663543e-03 0.000000000000000000e+00 8.193765273721392077e+02 2.285395739214768815e-11 4.782622769642637195e+02 7.449902334116156453e+03 0.000000000000000000e+00 0.000000000000000000e+00
1.801980198019802280e-03 0.000000000000000000e+00 7.749307887186666903e+02 4.739958502151061082e-11 4.805092756189201850e+02 6.673257883746111474e+03 0.000000000000000000e+00 0.000000000000000000e+00
1.940594059405940800e-03 0.000000000000000000e+00 6.648501453171489857e+02 1.120470656207373301e-10 4.962397730079805456e+02 5.646820486302201971e+03 0.000000000000000000e+00 0.000000000000000000e+00
2.079207920792079320e-03 0.000000000000000000e+00 4.257995300699617474e+02 1.321814709229418498e-10 4.170051739249868774e+02 3.846045468930483366e+03 1.769711677356650398e+03 0.000000000000000000e+00
2.217821782178218057e-03 0.000000000000000000e+00 4.257995300699617474e+02 1.321814709229418498e-10 4.170051739249868774e+02 3.846045468930483366e+03 1.769711677356650398e+03 0.000000000000000000e+00
2.356435643564356794e-03 0.000000000000000000e+00 4.257995300699617474e+02 1.321814709229418498e-10 4.170051739249868774e+02 3.846045468930483366e+03 1.769711677356650398e+03 0.000000000000000000e+00
2.495049504950495531e-03 0.000000000000000000e+00 4.257995300699617474e+02 1.321814709229418498e-10 4.170051739249868774e+02 3.846045468930483366e+03 1.769711677356650398e+03 0.000000000000000000e+00
2.633663366336633834e-03 0.000000000000000000e+00 4.257995304712448501e+02 1.321814605314189975e-10 4.170051739240196298e+02 3.846100861379471553e+03 1.769711677097002394e+03 0.000000000000000000e+00
2.772277227722772571e-03 0.000000000000000000e+00 4.257995979319628645e+02 1.321802826183763644e-10 4.170051737573765536e+02 3.849162896366305631e+03 1.769711637276434885e+03 0.000000000000000000e+00
2.910891089108911308e-03 0.000000000000000000e+00 4.258002345329435343e+02 1.321639479165842541e-10 4.170051715476150207e+02 3.861421090659735910e+03 1.769711270484453053e+03 0.000000000000000000e+00
3.049504950495049611e-03 0.000000000000000000e+00 4.258039071452857343e+02 1.319899664949224209e-10 4.170051517719994081e+02 3.890297806529539230e+03 1.769709156809492242e+03 0.000000000000000000e+00
3.188118811881188348e-03 0.000000000000000000e+00 4.258214075622412338e+02 1.303388577721928428e-10 4.170049955683039116e+02 3.946480586876547022e+03 1.769698935853470402e+03 0.000000000000000000e+00
3.326732673267327085e-03 0.000000000000000000e+00 4.258983368171026314e+02 1.192442076145654412e-10 4.170037961094582215e+02 4.044378527280770868e+03 1.769652824003702108e+03 0.000000000000000000e+00
3.465346534653465822e-03 0.000000000000000000e+00 4.262202563697697428e+02 9.928756583237821195e-11 4.169945969689962908e+02 4.189057675727197420e+03 1.769454424642658523e+03 0.000000000000000000e+00
3.603960396039604559e-03 0.000000000000000000e+00 4.275552172291932607e+02 7.674895618753870985e-11 4.169212904378182429e+02 4.385123444946822929e+03 1.768603761461395379e+03 0.000000000000000000e+00
3.742574257425742863e-03 0.000000000000000000e+00 4.333123882360730477e+02 5.324662161431717008e-11 4.162925014467539881e+02 4.647577064762717782e+03 1.764790324397013137e+03 0.000000000000000000e+00
3.881188118811881600e-03 0.000000000000000000e+00 4.606398565429709606e+02 2.832018000372945951e-11 4.102967393647676317e+02 5.012783740172601028e+03 1.745985335923814773e+03 0.000000000000000000e+00
4.019801980198019903e-03 0.000000000000000000e+00 6.500659338028071943e+02 1.077368133186919069e-11 4.518170634375896952e+02 6.519732045185119205e+03 0.000000000000000000e+00 3.168843132014681487e+03
4.158415841584158640e-03 0.000000000000000000e+00 6.500659338028071943e+02 1.077368133186919069e-11 4.518170634375896952e+02 6.519732045185119205e+03 0.000000000000000000e+00 3.168843132014681487e+03
4.297029702970297377e-03 0.000000000000000000e+00 6.500659338028071943e+02 1.077368133186919069e-11 4.518170634375896952e+02 6.519732045185119205e+03 0.000000000000000000e+00 3.168843132014681487e+03
4.435643564356436114e-03 0.000000000000000000e+00 6.500659338028071943e+02 1.077368133186919069e-11 4.518170634375896952e+02 6.519732045185119205e+03 0.000000000000000000e+00 3.168843132014681487e+03
4.574257425742574851e-03 0.000000000000000000e+00 6.500659338028071943e+02 1.077368133186919069e-11 4.518170634375896952e+02 6.519732045185119205e+03 0.000000000000000000e+00 3.168843132014681487e+03
4.712871287128713588e-03 0.000000000000000000e+00 6.500660747044520349e+02 1.077367818634625062e-11 4.518170634342164362e+02 6.521079678004884045e+03 0.000000000000000000e+00 3.168843048825360711e+03
4.851485148514852325e-03 0.000000000000000000e+00 6.500679347728500943e+02 1.077359997990532486e-11 4.518170633627760822e+02 6.530625127674159558e+03 0.000000000000000000e+00 3.168842098911346966e+03
4.990099009900991062e-03 0.000000000000000000e+00 6.500784562994972475e+02 1.077249133031123930e-11 4.518170625572461745e+02 6.556438531753348798e+03 0.000000000000000000e+00 3.168837537556128154e+03
5.128712871287128931e-03 0.000000000000000000e+00 6.501227631330339136e+02 1.075876242345928309e-11 4.518170550091435871e+02 6.609048726507578976e+03 0.000000000000000000e+00 3.168821296438511581e+03
5.267326732673267668e-03 0.000000000000000000e+00 6.502862230081680082e+02 1.061440496967785545e-11 4.518169879243133664e+02 6.703435028358370801e+03 0.000000000000000000e+00 3.168770681160763615e+03
5.405940594059406405e-03 0.000000000000000000e+00 6.508459325834138554e+02 1.007146501612587760e-11 4.518163923188565718e+02 6.851767291946805926e+03 0.000000000000000000e+00 3.168625254353762102e+03
5.544554455445545142e-03 0.000000000000000000e+00 6.526622264839610352e+02 9.263639051332942743e-12 4.518109567799748447e+02 7.054714102652438669e+03 0.000000000000000000e+00 3.168234570768205231e+03
5.683168316831683879e-03 0.000000000000000000e+00 6.585447520976821352e+02 8.236152379445140937e-12 4.517580041442567449e+02 7.323193638136804111e+03 0.000000000000000000e+00 3.167190179825298401e+03
5.821782178217822616e-03 0.000000000000000000e+00 6.786985059299679506e+02 6.957488433452038171e-12 4.511791532849238706e+02 7.684010643651768078e+03 0.000000000000000000e+00 3.164224043538768456e+03
5.960396039603961353e-03 0.000000000000000000e+00 7.305639479962540008e+02 5.231728319196415404e-12 4.482872558079594683e+02 8.222921924997041060e+03 0.000000000000000000e+00 3.157587356405750143e+03
6.099009900990099223e-03 0.000000000000000000e+00 8.446651480667711667e+02 5.407322256191485772e-12 4.780361556788260486e+02 9.525502750961031779e+03 0.000000000000000000e+00 0.000000000000000000e+00
6.237623762376237960e-03 0.000000000000000000e+00 8.446651480667711667e+02 5.407322256191485772e-12 4.780361556788260486e+02 9.525502750961031779e+03 0.000000000000000000e+00 0.000000000000000000e+00
6.376237623762376697e-03 0.000000000000000000e+00 8.446651480667711667e+02 5.407322256191485772e-12 4.780361556788260486e+02 9.525502750961031779e+03 0.000000000000000000e+00 0.000000000000000000e+00
6.514851485148515434e-03 0.000000000000000000e+00 8.446651480667711667e+02 5.407322256191485772e-12 4.780361556788260486e+02 9.525502750961031779e+03 0.000000000000000000e+00 0.000000000000000000e+00
6.653465346534654171e-03 0.000000000000000000e+00 8.446649702237281190e+02 5.407322906807935229e-12 4.780361556801341294e+02 9.524693270969912192e+03 0.000000000000000000e+00 0.000000000000000000e+00
6.792079207920792908e-03 0.000000000000000000e+00 8.446576986067042299e+02 5.407369131262992868e-12 4.780361557686704828e+02 9.506866227348358734e+03 0.000000000000000000e+00 0.000000000000000000e+00
6.930693069306931645e-03 0.000000000000000000e+00 8.446139038277596001e+02 5.408207883962141681e-12 4.780361570436776901e+02 9.447472891827956119e+03 0.000000000000000000e+00 0.000000000000000000e+00
7.069306930693070382e-03 0.000000000000000000e+00 8.444432278944625523e+02 5.420226169483767998e-12 4.780361702582615635e+02 9.320508081187430435e+03 0.000000000000000000e+00 0.000000000000000000e+00
7.207920792079209119e-03 0.000000000000000000e+00 8.438880679472470092e+02 5.568017995052728474e-12 4.780362940050048337e+02 9.093655982797792603e+03 0.000000000000000000e+00 0.000000000000000000e+00
7.346534653465346988e-03 0.000000000000000000e+00 8.422348221616564388e+02 6.803418088349114844e-12 4.780374304953065234e+02 8.729732340347140052e+03 0.000000000000000000e+00 0.000000000000000000e+00
7.485148514851485725e-03 0.000000000000000000e+00 8.377032675581299372e+02 1.045728228119301819e-11 4.780479520411792578e+02 8.243719132270149203e+03 0.000000000000000000e+00 0.000000000000000000e+00
7.623762376237624462e-03 0.000000000000000000e+00 8.256925604116108843e+02 1.888399364095961412e-11 4.781500121508260008e+02 7.644955135917689404e+03 0.000000000000000000e+00 0.000000000000000000e+00
7.762376237623763199e-03 0.000000000000000000e+00 7.929541262598040703e+02 3.808262289423025166e-11 4.792278273887458226e+02 6.919846818099524171e+03 0.000000000000000000e+00 0.000000000000000000e+00
7.900990099009901069e-03 0.000000000000000000e+00 6.987424339779993261e+02 8.570250866026131539e-11 4.906664512548654216e+02 6.014860033455999655e+03 0.000000000000000000e+00 0.000000000000000000e+00
8.039603960396039806e-03 0.000000000000000000e+00 4.258034104629529111e+02 1.320176563686062512e-10 4.170051548684116938e+02 3.887498037892387856e+03 1.769709443103541844e+03 0.000000000000000000e+00
8.178217821782178543e-03 0.000000000000000000e+00 4.258191620359010585e+02 1.306259889617578088e-10 4.170050190561923387e+02 3.941183215784704771e+03 1.769700248017019248e+03 0.000000000000000000e+00
8.316831683168317280e-03 0.000000000000000000e+00 4.258885753587993577e+02 1.204507999539282157e-10 4.170039780947889767e+02 4.035831287279735079e+03 1.769658704145706452e+03 0.000000000000000000e+00
8.455445544554456017e-03 0.000000000000000000e+00 4.261798317116128487e+02 1.008120640273312377e-10 4.169960000173952039e+02 4.177200136806842238e+03 1.769479486791587760e+03 0.000000000000000000e+00
8.594059405940594754e-03 0.000000000000000000e+00 4.273865118195726609e+02 7.840491513202660356e-11 4.169326683508774067e+02 4.369189276796926606e+03 1.768712094850331823e+03 0.000000000000000000e+00
8.732673267326733491e-03 0.000000000000000000e+00 4.325716257401858229e+02 5.490187890747002384e-11 4.163918786519755599e+02 4.627737915488532053e+03 1.765283719036057846e+03 0.000000000000000000e+00
8.871287128712872228e-03 0.000000000000000000e+00 4.571772286578427611e+02 3.009252474903297559e-11 4.111645297273676647e+02 4.992749386161868642e+03 1.748332986816308448e+03 0.000000000000000000e+00
9.009900990099010964e-03 0.000000000000000000e+00 6.500817160292056087e+02 1.077196412372986178e-11 4.518170622164759038e+02 6.561998372997008119e+03 0.000000000000000000e+00 3.168836228724230295e+03
9.148514851485149701e-03 0.000000000000000000e+00 6.501353838980995761e+02 1.075280764969764969e-11 4.518170519477023959e+02 6.619532580829683866e+03 0.000000000000000000e+00 3.168817025143462160e+03
9.287128712871288438e-03 0.000000000000000000e+00 6.503314210650108862e+02 1.055729941184459661e-11 4.518169604747226913e+02 6.721440380686040953e+03 0.000000000000000000e+00 3.168757762762259063e+03
9.425742574257427175e-03 0.000000000000000000e+00 6.509951710024191698e+02 9.969901120928000680e-12 4.518161485959549850e+02 6.877316754114614014e+03 0.000000000000000000e+00 3.168589801449621064e+03
9.564356435643565912e-03 0.000000000000000000e+00 6.531417248135136333e+02 9.131484414864206898e-12 4.518086860946467027e+02 7.088638170019567951e+03 0.000000000000000000e+00 3.168140609635587225e+03
9.702970297029704649e-03 0.000000000000000000e+00 6.601200136759324550e+02 8.072484776473586598e-12 4.517352193921689718e+02 7.364886056785351684e+03 0.000000000000000000e+00 3.166930699658355934e+03
9.841584158415843386e-03 0.000000000000000000e+00 6.843607153415778157e+02 6.758926868776223169e-12 4.509173517262639166e+02 7.716979930769174644e+03 0.000000000000000000e+00 3.163404853492319489e+03
9.980198019801982123e-03 0.000000000000000000e+00 7.370910755575565645e+02 4.969205469564720797e-12 4.479222789297983240e+02 8.218720468411227557e+03 0.000000000000000000e+00 3.156458430466491791e+03
1.011881188118811913e-02 0.000000000000000000e+00 8.443107922900084077e+02 5.439492055525740421e-12 4.780361892058887179e+02 9.253243812427477678e+03 0.000000000000000000e+00 0.000000000000000000e+00
1.025742574257425786e-02 0.000000000000000000e+00 8.434813673696205569e+02 5.794182577311564428e-12 4.780364689937694607e+02 8.985200279486392901e+03 0.000000000000000000e+00 0.000000000000000000e+00
1.039603960396039660e-02 0.000000000000000000e+00 8.410913102155166143e+02 7.752626872710712293e-12 4.780390316613361961e+02 8.593802236233701478e+03 0.000000000000000000e+00 0.000000000000000000e+00
1.053465346534653534e-02 0.000000000000000000e+00 8.346676920887387041e+02 1.268417722512578819e-11 4.780631172951864869e+02 8.112703368364511334e+03 0.000000000000000000e+00 0.000000000000000000e+00
1.067326732673267407e-02 0.000000000000000000e+00 8.175612523563536342e+02 2.346392242963489071e-11 4.783040784467902995e+02 7.551429418354013251e+03 0.000000000000000000e+00 0.000000000000000000e+00
1.081188118811881281e-02 0.000000000000000000e+00 7.696443754102677985e+02 4.338400646207677294e-11 4.809971194514014314e+02 6.898330472832777559e+03 0.000000000000000000e+00 0.000000000000000000e+00
1.095049504950495155e-02 0.000000000000000000e+00 6.580496816396694157e+02 8.663114559362361803e-11 4.973848862184268000e+02 6.038223880980268405e+03 0.000000000000000000e+00 0.000000000000000000e+00
1.108910891089109028e-02 0.000000000000000000e+00 4.273235581331015283e+02 7.921403800739068595e-11 4.169375999871376166e+02 4.413282567852657849e+03 1.768760023245221873e+03 0.000000000000000000e+00
1.122772277227722902e-02 0.000000000000000000e+00 4.323050717831374072e+02 5.559121808057049111e-11 4.164354036198008089e+02 4.731400905259646606e+03 1.765502911377203873e+03 0.000000000000000000e+00
1.136633663366336776e-02 0.000000000000000000e+00 4.558744831748692263e+02 3.038834996989988166e-11 4.115757359606517412e+02 5.194672531266447550e+03 1.749426616250730831e+03 0.000000000000000000e+00
1.150495049504950650e-02 0.000000000000000000e+00 6.519114142103387621e+02 9.518098145014749406e-12 4.518138756968526764e+02 6.990573740363003708e+03 0.000000000000000000e+00 3.168387677713789799e+03
1.164356435643564523e-02 0.000000000000000000e+00 6.560939644925178982e+02 8.554188271924896840e-12 4.517869636939137763e+02 7.238414439263427994e+03 0.000000000000000000e+00 3.167603252899639301e+03
1.178217821782178397e-02 0.000000000000000000e+00 6.700624401984138103e+02 7.354932990784846245e-12 4.515059799912765470e+02 7.568285573638008827e+03 0.000000000000000000e+00 3.165435755625488582e+03
1.192079207920792271e-02 0.000000000000000000e+00 7.162344414816897142e+02 5.843242532540718509e-12 4.491082418944834558e+02 8.037232032683213220e+03 0.000000000000000000e+00 3.159403529525640351e+03
1.205940594059406144e-02 0.000000000000000000e+00 8.446651480667711667e+02 5.407322256191485772e-12 4.780361556788260486e+02 9.525502750961031779e+03 0.000000000000000000e+00 0.000000000000000000e+00
1.219801980198019845e-02 0.000000000000000000e+00 8.446651480667711667e+02 5.407322256191485772e-12 4.780361556788260486e+02 9.525502750961031779e+03 0.000000000000000000e+00 0.000000000000000000e+00
1.233663366336633718e-02 0.000000000000000000e+00 8.446651480667711667e+02 5.407322256191485772e-12 4.780361556788260486e+02 9.525502750961031779e+03 0.000000000000000000e+00 0.000000000000000000e+00
1.247524752475247592e-02 0.000000000000000000e+00 8.446651480667711667e+02 5.407322256191485772e-12 4.780361556788260486e+02 9.525502750961031779e+03 0.000000000000000000e+00 0.000000000000000000e+00
1.261386138613861466e-02 0.000000000000000000e+00 8.446651480667711667e+02 5.407322256191485772e-12 4.780361556788260486e+02 9.525502750961031779e+03 0.000000000000000000e+00 0.000000000000000000e+00
1.275247524752475339e-02 0.000000000000000000e+00 8.446651480667711667e+02 5.407322256191485772e-12 4.780361556788260486e+02 9.525502750961031779e+03 0.000000000000000000e+00 0.000000000000000000e+00
1.289108910891089213e-02 0.000000000000000000e+00 8.446651480667711667e+02 5.407322256191485772e-12 4.780361556788260486e+02 9.525502750961031779e+03 0.000000000000000000e+00 0.000000000000000000e+00
1.302970297029703087e-02 0.000000000000000000e+00 8.446651480667711667e+02 5.407322256191485772e-12 4.780361556788260486e+02 9.525502750961031779e+03 0.000000000000000000e+00 0.000000000000000000e+00
1.316831683168316960e-02 0.000000000000000000e+00 8.446651480667711667e+02 5.407322256191487388e-12 4.780361556788260486e+02 9.525502750961031779e+03 0.000000000000000000e+00 0.000000000000000000e+00
1.330693069306930834e-02 0.000000000000000000e+00 8.446651480667711667e+02 5.407322256191487388e-12 4.780361556788260486e+02 9.525502750961029960e+03 0.000000000000000000e+00 0.000000000000000000e+00
1.344554455445544708e-02 0.000000000000000000e+00 8.446651480667711667e+02 5.407322256191487388e-12 4.780361556788260486e+02 9.525502750961029960e+03 0.000000000000000000e+00 0.000000000000000000e+00
1.358415841584158582e-02 0.000000000000000000e+00 8.446651480667711667e+02 5.407322256191484964e-12 4.780361556788260486e+02 9.525502750961031779e+03 0.000000000000000000e+00 0.000000000000000000e+00
1.372277227722772455e-02 0.000000000000000000e+00 8.446651480667711667e+02 5.407322256191486580e-12 4.780361556788260486e+02 9.525502750961031779e+03 0.000000000000000000e+00 0.000000000000000000e+00
1.386138613861386329e-02 0.000000000000000000e+00 0.000000000000000000e+00 0.000000000000000000e+00 0.000000000000000000e+00 0.000000000000000000e+00 0.000000000000000000e+00 0.000000000000000000e+00
