0.000000000000000000e+00 1.000000000000000000e+00 6.000000000000000000e+00 7.000000000000000000e+00 8.000000000000000000e+00 1.400000000000000000e+01 2.600000000000000000e+01 2.900000000000000000e+01
0.000000000000000000e+00 0.000000000000000000e+00 8.446651480667711667e+02 5.407322256191485772e-12 4.780361556788260486e+02 9.525502750961031779e+03 0.000000000000000000e+00 0.000000000000000000e+00
1.386138613861386286e-04 0.000000000000000000e+00 8.446651480667711667e+02 5.407322256191484964e-12 4.780361556788260486e+02 9.525502750961031779e+03 0.000000000000000000e+00 0.000000000000000000e+00
2.772277227722772571e-04 0.000000000000000000e+00 8.446651480667711667e+02 5.407322256191484964e-12 4.780361556788260486e+02 9.525502750961029960e+03 0.000000000000000000e+00 0.000000000000000000e+00
4.158415841584158857e-04 0.000000000000000000e+00 8.446651480667711667e+02 5.407322256191484964e-12 4.780361556788260486e+02 9.525502750961031779e+03 0.000000000000000000e+00 0.000000000000000000e+00
5.544554455445545142e-04 0.000000000000000000e+00 8.446651480667711667e+02 5.407322256191487388e-12 4.780361556788260486e+02 9.525502750961029960e+03 0.000000000000000000e+00 0.000000000000000000e+00
6.930693069306931428e-04 0.000000000000000000e+00 8.446651480667711667e+02 5.407322256191486580e-12 4.780361556788260486e+02 9.525502750961031779e+03 0.000000000000000000e+00 0.000000000000000000e+00
8.316831683168317713e-04 0.000000000000000000e+00 8.446651480667711667e+02 5.407322256191485772e-12 4.780361556788260486e+02 9.525502750961031779e+03 0.000000000000000000e+00 0.000000000000000000e+00
9.702970297029703999e-04 0.000000000000000000e+00 8.446651480667711667e+02 5.407322256191485772e-12 4.780361556788260486e+02 9.525502750961031779e+03 0.000000000000000000e+00 0.000000000000000000e+00
1.108910891089109028e-03 0.000000000000000000e+00 8.446651480667711667e+02 5.407322256191485772e-12 4.780361556788260486e+02 9.525502750961031779e+03 0.000000000000000000e+00 0.000000000000000000e+00
1.247524752475247765e-03 0.000000000000000000e+00 8.446651480667711667e+02 5.407322256191485772e-12 4.780361556788260486e+02 9.525502750961031779e+03 0.000000000000000000e+00 0.000000000000000000e+00
1.386138613861386286e-03 0.000000000000000000e+00 8.446651480667711667e+02 5.407322256191485772e-12 4.780361556788260486e+02 9.525502750961031779e+03 0.000000000000000000e+00 0.000000000000000000e+00
1.524752475247524806e-03 0.000000000000000000e+00 8.446651480667711667e+02 5.407322256191485772e-12 4.780361556788260486e+02 9.525502750961031779e+03 0.000000000000000000e+00 0.000000000000000000e+00
1.663366336633663543e-03 0.000000000000000000e+00 8.446651480667711667e+02 5.407322256191485772e-12 4.780361556788260486e+02 9.525502750961031779e+03 0.000000000000000000e+00 0.000000000000000000e+00
1.801980198019802280e-03 0.000000000000000000e+00 8.446651480667711667e+02 5.407322256191485772e-12 4.780361556788260486e+02 9.525502750961031779e+03 0.000000000000000000e+00 0.000000000000000000e+00
1.940594059405940800e-03 0.000000000000000000e+00 8.446651480667711667e+02 5.407322256191485772e-12 4.780361556788260486e+02 9.525502750961031779e+03 0.000000000000000000e+00 0.000000000000000000e+00
2.079207920792079320e-03 0.000000000000000000e+00 5.217998019511890107e+02 1.535253698363672102e-11 4.042014618945910911e+02 6.368852836270819353e+03 1.713966334362779207e+03 0.000000000000000000e+00
2.217821782178218057e-03 0.000000000000000000e+00 4.479786167989808519e+02 3.827040747801806950e-11 4.153190041003014699e+02 5.533328236170376840e+03 1.757401547284850949e+03 0.000000000000000000e+00
2.356435643564356794e-03 0.000000000000000000e+00 4.308546123464466859e+02 6.213680117101318071e-11 4.168132585204344878e+02 4.970955912262408674e+03 1.767082434595702580e+03 0.000000000000000000e+00
2.495049504950495531e-03 0.000000000000000000e+00 4.269949746461592213e+02 8.629556612263331408e-11 4.169813877615271736e+02 4.564608703729149056e+03 1.769118783591471811e+03 0.000000000000000000e+00
2.633663366336633834e-03 0.000000000000000000e+00 4.260792832672174768e+02 1.100877778630792890e-10 4.170020942232798120e+02 4.269467650623122609e+03 1.769577301523431743e+03 0.000000000000000000e+00
2.772277227722772571e-03 0.000000000000000000e+00 4.258617361298298647e+02 1.279143873456464211e-10 4.170047731335716890e+02 4.066314263743302035e+03 1.769682432816920709e+03 0.000000000000000000e+00
2.910891089108911308e-03 0.000000000000000000e+00 4.258122034026996516e+02 1.317170161549209200e-10 4.170051230886988378e+02 3.946771995928019351e+03 1.769705751034957757e+03 0.000000000000000000e+00
3.049504950495049611e-03 0.000000000000000000e+00 4.258016920649405392e+02 1.321371454379041125e-10 4.170051681182904986e+02 3.883761110224018466e+03 1.769710649690298169e+03 0.000000000000000000e+00
3.188118811881188348e-03 0.000000000000000000e+00 4.257997777667654873e+02 1.321780461195057032e-10 4.170051734352160224e+02 3.855448417946339305e+03 1.769711554548252707e+03 0.000000000000000000e+00
3.326732673267327085e-03 0.000000000000000000e+00 4.257995381339330834e+02 1.321813709167728858e-10 4.170051739104656008e+02 3.846669401568428839e+03 1.769711672921284617e+03 0.000000000000000000e+00
3.465346534653465822e-03 0.000000000000000000e+00 4.257995300699617474e+02 1.321814709229418498e-10 4.170051739249868774e+02 3.846045468930483366e+03 1.769711677356650398e+03 0.000000000000000000e+00
3.603960396039604559e-03 0.000000000000000000e+00 4.257995300699617474e+02 1.321814709229418498e-10 4.170051739249868774e+02 3.846045468930483366e+03 1.769711677356650398e+03 0.000000000000000000e+00
3.742574257425742863e-03 0.000000000000000000e+00 4.257995300699617474e+02 1.321814709229418498e-10 4.170051739249868774e+02 3.846045468930483366e+03 1.769711677356650398e+03 0.000000000000000000e+00
3.881188118811881600e-03 0.000000000000000000e+00 4.257995300699617474e+02 1.321814709229418498e-10 4.170051739249868774e+02 3.846045468930483366e+03 1.769711677356650398e+03 0.000000000000000000e+00
4.019801980198019903e-03 0.000000000000000000e+00 5.587472204656320400e+02 1.395292869240887730e-10 4.687961204916953761e+02 4.640905874960311849e+03 0.000000000000000000e+00 2.499103303216818404e+03
4.158415841584158640e-03 0.000000000000000000e+00 6.131679209594705071e+02 6.550956892487548762e-11 4.556515410158784789e+02 5.163926782723310680e+03 0.000000000000000000e+00 2.864933935355174526e+03
4.297029702970297377e-03 0.000000000000000000e+00 6.390876030540631518e+02 3.630433760383832787e-11 4.521658383663921654e+02 5.541786410953816812e+03 0.000000000000000000e+00 3.059341727434263703e+03
4.435643564356436114e-03 0.000000000000000000e+00 6.466299642862585415e+02 2.209563942133166948e-11 4.518527523048222179e+02 5.839995921375309990e+03 0.000000000000000000e+00 3.128074208187328622e+03
4.574257425742574851e-03 0.000000000000000000e+00 6.489959929999716906e+02 1.498886336642925082e-11 4.518209560071866804e+02 6.078990035347348567e+03 0.000000000000000000e+00 3.153997361789793104e+03
4.712871287128713588e-03 0.000000000000000000e+00 6.497496466277902982e+02 1.170422628867316786e-11 4.518175002344814288e+02 6.264737485040840511e+03 0.000000000000000000e+00 3.163792914354819459e+03
4.851485148514852325e-03 0.000000000000000000e+00 6.499800334660944827e+02 1.086006501199600158e-11 4.518171119466387609e+02 6.390903678373534603e+03 0.000000000000000000e+00 3.167283960761551953e+03
4.990099009900991062e-03 0.000000000000000000e+00 6.500454729158409464e+02 1.078059634658655745e-11 4.518170685437356155e+02 6.464044259931757551e+03 0.000000000000000000e+00 3.168425878601914519e+03
5.128712871287128931e-03 0.000000000000000000e+00 6.500622470495441121e+02 1.077415499733644909e-11 4.518170638827961056e+02 6.501739555957877201e+03 0.000000000000000000e+00 3.168759698199556169e+03
5.267326732673267668e-03 0.000000000000000000e+00 6.500655923785949426e+02 1.077370145256207689e-11 4.518170634603148414e+02 6.516931909287491180e+03 0.000000000000000000e+00 3.168834711382629393e+03
5.405940594059406405e-03 0.000000000000000000e+00 6.500659338028071943e+02 1.077368133186919069e-11 4.518170634375896952e+02 6.519732045185119205e+03 0.000000000000000000e+00 3.168843132014681487e+03
5.544554455445545142e-03 0.000000000000000000e+00 6.500659338028071943e+02 1.077368133186919069e-11 4.518170634375896952e+02 6.519732045185119205e+03 0.000000000000000000e+00 3.168843132014681487e+03
5.683168316831683879e-03 0.000000000000000000e+00 6.500659338028071943e+02 1.077368133186919069e-11 4.518170634375896952e+02 6.519732045185119205e+03 0.000000000000000000e+00 3.168843132014681487e+03
5.821782178217822616e-03 0.000000000000000000e+00 6.500659338028071943e+02 1.077368133186919069e-11 4.518170634375896952e+02 6.519732045185119205e+03 0.000000000000000000e+00 3.168843132014681487e+03
5.960396039603961353e-03 0.000000000000000000e+00 6.500659338028071943e+02 1.077368133186919069e-11 4.518170634375896952e+02 6.519732045185119205e+03 0.000000000000000000e+00 3.168843132014681487e+03
6.099009900990099223e-03 0.000000000000000000e+00 7.737037043691219651e+02 9.967036630723619681e-12 4.804103846456692395e+02 7.831433301582748754e+03 0.000000000000000000e+00 0.000000000000000000e+00
6.237623762376237960e-03 0.000000000000000000e+00 8.197789181686935081e+02 8.087598335529308269e-12 4.782620160743424549e+02 8.303038188664379049e+03 0.000000000000000000e+00 0.000000000000000000e+00
6.376237623762376697e-03 0.000000000000000000e+00 8.356401080426219323e+02 6.908699233376617939e-12 4.780577443742439527e+02 8.662327013151829306e+03 0.000000000000000000e+00 0.000000000000000000e+00
6.514851485148515434e-03 0.000000000000000000e+00 8.414059924365193410e+02 6.136588467946481612e-12 4.780383944536024501e+02 8.947656100199235880e+03 0.000000000000000000e+00 0.000000000000000000e+00
6.653465346534654171e-03 0.000000000000000000e+00 8.435484172562979666e+02 5.654948272552974036e-12 4.780363980980302472e+02 9.172228129248176629e+03 0.000000000000000000e+00 0.000000000000000000e+00
6.792079207920792908e-03 0.000000000000000000e+00 8.443149100187763452e+02 5.438104028964214136e-12 4.780361820667289408e+02 9.336113937454174447e+03 0.000000000000000000e+00 0.000000000000000000e+00
6.930693069306931645e-03 0.000000000000000000e+00 8.445674338620918888e+02 5.409862452312112320e-12 4.780361584769783576e+02 9.436632228744152599e+03 0.000000000000000000e+00 0.000000000000000000e+00
7.069306930693070382e-03 0.000000000000000000e+00 8.446432315360385701e+02 5.407500637783636612e-12 4.780361559435995673e+02 9.492059793273654577e+03 0.000000000000000000e+00 0.000000000000000000e+00
7.207920792079209119e-03 0.000000000000000000e+00 8.446620784544757043e+02 5.407332048450337822e-12 4.780361556965727345e+02 9.517607194326115859e+03 0.000000000000000000e+00 0.000000000000000000e+00
7.346534653465346988e-03 0.000000000000000000e+00 8.446650789769048515e+02 5.407322402369300737e-12 4.780361556790945201e+02 9.525163883000224814e+03 0.000000000000000000e+00 0.000000000000000000e+00
7.485148514851485725e-03 0.000000000000000000e+00 8.446651480667711667e+02 5.407322256191485772e-12 4.780361556788260486e+02 9.525502750961031779e+03 0.000000000000000000e+00 0.000000000000000000e+00
7.623762376237624462e-03 0.000000000000000000e+00 8.446651480667711667e+02 5.407322256191485772e-12 4.780361556788260486e+02 9.525502750961031779e+03 0.000000000000000000e+00 0.000000000000000000e+00
7.762376237623763199e-03 0.000000000000000000e+00 8.446651480667711667e+02 5.407322256191485772e-12 4.780361556788260486e+02 9.525502750961031779e+03 0.000000000000000000e+00 0.000000000000000000e+00
7.900990099009901069e-03 0.000000000000000000e+00 8.446651480667711667e+02 5.407322256191485772e-12 4.780361556788260486e+02 9.525502750961031779e+03 0.000000000000000000e+00 0.000000000000000000e+00
8.039603960396039806e-03 0.000000000000000000e+00 5.456801343616004942e+02 6.538156140442592311e-12 4.004873039193648765e+02 6.712336097331699420e+03 1.700238587186663153e+03 0.000000000000000000e+00
8.178217821782178543e-03 0.000000000000000000e+00 4.604133254531976718e+02 3.150977062486619919e-11 4.137138094762196943e+02 5.735677036293473066e+03 1.749969766882501744e+03 0.000000000000000000e+00
8.316831683168317280e-03 0.000000000000000000e+00 4.334949405865984318e+02 5.525125818018387299e-11 4.166461197987761693e+02 5.113195596721653601e+03 1.765628378808259413e+03 0.000000000000000000e+00
8.455445544554456017e-03 0.000000000000000000e+00 4.276081905907117289e+02 7.930650795179294379e-11 4.169616638554731480e+02 4.668249157021771680e+03 1.768801900278742778e+03 0.000000000000000000e+00
8.594059405940594754e-03 0.000000000000000000e+00 4.262258380333227592e+02 1.034580994721246488e-10 4.169995963057540393e+02 4.344098699432583089e+03 1.769504889730932973e+03 0.000000000000000000e+00
8.732673267326733491e-03 0.000000000000000000e+00 4.258960735690129127e+02 1.244060792158351822e-10 4.170044464307602539e+02 4.115183387918729750e+03 1.769665973921475825e+03 0.000000000000000000e+00
8.871287128712872228e-03 0.000000000000000000e+00 4.258198364146262520e+02 1.312888073228771140e-10 4.170050804534780582e+02 3.973940657851066135e+03 1.769702165361305333e+03 0.000000000000000000e+00
9.009900990099010964e-03 0.000000000000000000e+00 5.557897889596785035e+02 1.497288239648831094e-10 4.696678997623361056e+02 4.663595307017085361e+03 0.000000000000000000e+00 2.480474261397123882e+03
9.148514851485149701e-03 0.000000000000000000e+00 6.097101572489498267e+02 6.861044790147853318e-11 4.563616079852048415e+02 5.151732013747287965e+03 0.000000000000000000e+00 2.841071565694674973e+03
9.287128712871288438e-03 0.000000000000000000e+00 6.381309380924247989e+02 3.775371948367662188e-11 4.522264887400583575e+02 5.520278832209130996e+03 0.000000000000000000e+00 3.051311435860155598e+03
9.425742574257427175e-03 0.000000000000000000e+00 6.463365007347806568e+02 2.281597528719359137e-11 4.518587072287929232e+02 5.820851448177365455e+03 0.000000000000000000e+00 3.125100596516620953e+03
9.564356435643565912e-03 0.000000000000000000e+00 6.489023456813355324e+02 1.534426432616059010e-11 4.518215906100865027e+02 6.063742268361199422e+03 0.000000000000000000e+00 3.152863909896856967e+03
9.702970297029704649e-03 0.000000000000000000e+00 6.497203986485126279e+02 1.184416651191472651e-11 4.518175711699886392e+02 6.253331330527686987e+03 0.000000000000000000e+00 3.163376812269331367e+03
9.841584158415843386e-03 0.000000000000000000e+00 6.499712893061366685e+02 1.087735617489111127e-11 4.518171201142483255e+02 6.383834950703223512e+03 0.000000000000000000e+00 3.167140202025094368e+03
9.980198019801982123e-03 0.000000000000000000e+00 6.500431582405346944e+02 1.078200185111931043e-11 4.518170694110221461e+02 6.460178825889799555e+03 0.000000000000000000e+00 3.168382144632539621e+03
1.011881188118811913e-02 0.000000000000000000e+00 7.827924086958224734e+02 9.639995793937616837e-12 4.798638500056871408e+02 7.886936509849104368e+03 0.000000000000000000e+00 0.000000000000000000e+00
1.025742574257425786e-02 0.000000000000000000e+00 8.231552008718265370e+02 7.889268878612632287e-12 4.781959544284669050e+02 8.355890412225113323e+03 0.000000000000000000e+00 0.000000000000000000e+00
1.039603960396039660e-02 0.000000000000000000e+00 8.368449720046991160e+02 6.778207841091497472e-12 4.780516693339098424e+02 8.707108641022869051e+03 0.000000000000000000e+00 0.000000000000000000e+00
1.053465346534653534e-02 0.000000000000000000e+00 8.418556198528784762e+02 6.050776860798806134e-12 4.780377769551105871e+02 8.983337503150210978e+03 0.000000000000000000e+00 0.000000000000000000e+00
1.067326732673267407e-02 0.000000000000000000e+00 8.437130716587162169e+02 5.606638062093665014e-12 4.780363317514661503e+02 9.199477398187515064e+03 0.000000000000000000e+00 0.000000000000000000e+00
1.081188118811881281e-02 0.000000000000000000e+00 8.443706985178353079e+02 5.429217366660669464e-12 4.780361748255904217e+02 9.353869717688208766e+03 0.000000000000000000e+00 0.000000000000000000e+00
1.095049504950495155e-02 0.000000000000000000e+00 8.445847709533715033e+02 5.409052755509439531e-12 4.780361576921897608e+02 9.446990298317788984e+03 0.000000000000000000e+00 0.000000000000000000e+00
1.108910891089109028e-02 0.000000000000000000e+00 5.147300169110345678e+02 1.697711160118563644e-11 4.053105386170207680e+02 6.271407644088488269e+03 1.717994732684507198e+03 0.000000000000000000e+00
1.122772277227722902e-02 0.000000000000000000e+00 4.456712003884102273e+02 4.012879495988429651e-11 4.155809902409118877e+02 5.482001832640661632e+03 1.758760140397205078e+03 0.000000000000000000e+00
1.136633663366336776e-02 0.000000000000000000e+00 4.303514804996383418e+02 6.384796812044872337e-11 4.168413841202304866e+02 4.937359669427289191e+03 1.767356659386158299e+03 0.000000000000000000e+00
1.150495049504950650e-02 0.000000000000000000e+00 5.571092031264345223e+02 1.022872900150868463e-10 4.697281768169975749e+02 5.413542444735066056e+03 0.000000000000000000e+00 2.487448207919270772e+03
1.164356435643564523e-02 0.000000000000000000e+00 6.082481207390405871e+02 5.503120184332125030e-11 4.567584046357000602e+02 5.625961835668241292e+03 0.000000000000000000e+00 2.830798331212012272e+03
1.178217821782178397e-02 0.000000000000000000e+00 6.377373707368567466e+02 3.671141002883381795e-11 4.522598690647812987e+02 5.780339667875828127e+03 0.000000000000000000e+00 3.047911537857209623e+03
1.192079207920792271e-02 0.000000000000000000e+00 6.462099522479396683e+02 2.305379085045181161e-11 4.518620125499668916e+02 5.940754227591807648e+03 0.000000000000000000e+00 3.123781129566476466e+03
1.205940594059406144e-02 0.000000000000000000e+00 7.553431761972495906e+02 1.584630280916429245e-11 4.814430345042591739e+02 7.172906867465543655e+03 0.000000000000000000e+00 0.000000000000000000e+00
1.219801980198019845e-02 0.000000000000000000e+00 8.105551451999142500e+02 9.606596897576085861e-12 4.785069567035832847e+02 7.870937584614154730e+03 0.000000000000000000e+00 0.000000000000000000e+00
1.233663366336633718e-02 0.000000000000000000e+00 8.324372650335876642e+02 7.292662334635432224e-12 4.780791909513966971e+02 8.396583300350517675e+03 0.000000000000000000e+00 0.000000000000000000e+00
1.247524752475247592e-02 0.000000000000000000e+00 8.402374560427944061e+02 6.330662477261743048e-12 4.780405134486870224e+02 8.794422165847607175e+03 0.000000000000000000e+00 0.000000000000000000e+00
1.261386138613861466e-02 0.000000000000000000e+00 8.431244436853716024e+02 5.766455861872193828e-12 4.780366218704542689e+02 9.086900651007767010e+03 0.000000000000000000e+00 0.000000000000000000e+00
1.275247524752475339e-02 0.000000000000000000e+00 8.441706505351986607e+02 5.469045377356151033e-12 4.780362065198170853e+02 9.291345400543774304e+03 0.000000000000000000e+00 0.000000000000000000e+00
1.289108910891089213e-02 0.000000000000000000e+00 8.445216070399189903e+02 5.412538721870769228e-12 4.780361611545151277e+02 9.413398224752012538e+03 0.000000000000000000e+00 0.000000000000000000e+00
1.302970297029703087e-02 0.000000000000000000e+00 8.446303126868010622e+02 5.407710463305255531e-12 4.780361562211397768e+02 9.479829466194225461e+03 0.000000000000000000e+00 0.000000000000000000e+00
1.316831683168316960e-02 0.000000000000000000e+00 8.446592485099616852e+02 5.407345721523766945e-12 4.780361557215940707e+02 9.512634440223098863e+03 0.000000000000000000e+00 0.000000000000000000e+00
1.330693069306930834e-02 0.000000000000000000e+00 8.446647851618411096e+02 5.407322956082743429e-12 4.780361556803534313e+02 9.524234806374553955e+03 0.000000000000000000e+00 0.000000000000000000e+00
1.344554455445544708e-02 0.000000000000000000e+00 8.446651480667711667e+02 5.407322256191485772e-12 4.780361556788260486e+02 9.525502750961031779e+03 0.000000000000000000e+00 0.000000000000000000e+00
1.358415841584158582e-02 0.000000000000000000e+00 8.446651480667711667e+02 5.407322256191485772e-12 4.780361556788260486e+02 9.525502750961031779e+03 0.000000000000000000e+00 0.000000000000000000e+00
1.372277227722772455e-02 0.000000000000000000e+00 8.446651480667711667e+02 5.407322256191485772e-12 4.780361556788260486e+02 9.525502750961031779e+03 0.000000000000000000e+00 0.000000000000000000e+00
1.386138613861386329e-02 0.000000000000000000e+00 0.000000000000000000e+00 0.000000000000000000e+00 0.000000000000000000e+00 0.000000000000000000e+00 0.000000000000000000e+00 0.000000000000000000e+00
